73 334
73 335
73 336
73 337
73 338
73 339
72 339
72 340
72 341
71 341
71 342
71 343
71 344
70 344
69 344
69 345
69 346
69 347
68 347
67 347
67 348
67 349
66 349
66 350
65 350
64 350
64 351
63 351
62 351
62 352
62 353
61 353
61 354
61 355
60 355
59 355
59 356
59 357
58 357
58 358
57 358
57 359
57 0
56 0
56 1
56 2
56 3
55 3
54 3
54 4
54 5
53 5
53 6
53 7
53 8
52 8
52 9
52 10
51 10
51 11
51 12
51 13
50 13
50 14
50 15
50 16
50 17
50 18
50 19
50 20
50 21
50 22
49 22
49 23
48 23
48 24
48 25
48 26
49 26
49 27
49 28
49 29
49 30
49 31
49 32
49 33
48 33
48 34
48 35
48 36
48 37
48 38
48 39
49 39
49 40
49 41
49 42
49 43
49 44
49 45
49 46
49 47
50 47
50 48
51 48
51 49
52 49
52 50
52 51
52 52
52 53
52 54
53 54
53 55
53 56
54 56
54 57
54 58
55 58
55 59
55 60
56 60
56 61
56 62
56 63
57 63
57 64
57 65
57 66
58 66
58 67
58 68
58 69
59 69
59 70
59 71
60 71
60 72
60 73
61 73
61 74
61 75
61 76
61 77
61 78
61 79
61 80
61 81
62 81
62 82
63 82
63 83
63 84
63 85
63 86
63 87
63 88
63 89
63 90
63 91
63 92
63 93
63 94
63 95
63 96
63 97
63 98
63 99
62 99
62 100
61 100
61 101
61 102
61 103
61 104
61 105
61 106
61 107
62 107
62 108
62 109
61 109
61 110
61 111
61 112
61 113
60 113
60 114
60 115
60 116
60 117
60 118
60 119
60 120
60 121
60 122
59 122
59 123
60 123
60 124
60 125
59 125
59 126
59 127
59 128
59 129
59 130
59 131
59 132
59 133
58 133
58 134
58 135
58 136
58 137
59 137
59 138
59 139
58 139
58 140
58 141
58 142
58 143
58 144
58 145
58 146
58 147
58 148
58 149
58 150
58 151
58 152
58 153
58 154
58 155
58 156
58 157
58 158
58 159
58 160
59 160
59 161
59 162
58 162
58 163
59 163
59 164
59 165
59 166
58 166
58 167
58 168
58 169
58 170
58 171
58 172
58 173
58 174
59 174
59 175
59 176
59 177
59 178
59 179
59 180
60 180
60 181
60 182
60 183
60 184
60 185
60 186
60 187
60 188
60 189
60 190
60 191
60 192
60 193
60 194
60 195
60 196
60 197
60 198
61 198
61 199
61 200
61 201
61 202
61 203
62 203
62 204
62 205
62 206
62 207
62 208
62 209
62 210
62 211
62 212
62 213
62 214
63 214
63 215
63 216
63 217
63 218
63 219
63 220
63 221
63 222
63 223
63 224
63 225
63 226
63 227
63 228
64 228
64 229
64 230
63 230
63 231
63 232
63 233
63 234
63 235
62 235
62 236
62 237
62 238
62 239
61 239
61 240
61 241
61 242
61 243
61 244
61 245
60 245
60 246
60 247
59 247
59 248
59 249
58 249
58 250
58 251
58 252
57 252
57 253
57 254
57 255
56 255
56 256
56 257
56 258
55 258
55 259
55 260
54 260
54 261
53 261
53 262
53 263
52 263
52 264
52 265
51 265
51 266
51 267
51 268
51 269
51 270
50 270
50 271
50 272
50 273
50 274
50 275
50 276
50 277
50 278
49 278
49 279
49 280
49 281
49 282
49 283
49 284
49 285
48 285
48 286
49 286
49 287
49 288
48 288
48 289
48 290
49 290
49 291
49 292
49 293
50 293
50 294
50 295
51 295
51 296
51 297
50 297
50 298
51 298
51 299
51 300
51 301
51 302
51 303
51 304
52 304
52 305
52 306
52 307
53 307
53 308
53 309
53 310
54 310
54 311
55 311
55 312
56 312
56 313
56 314
57 314
57 315
57 316
58 316
58 317
59 317
59 318
59 319
60 319
60 320
60 321
61 321
61 322
61 323
62 323
62 324
63 324
64 324
64 325
65 325
66 325
66 326
67 326
67 327
67 328
68 328
69 328
69 329
70 329
71 329
71 330
71 331
72 331
72 332
72 333
72 334
73 334
-2 -2
