153 127
153 128
152 128
152 129
152 130
152 131
151 131
151 132
151 133
151 134
151 135
151 136
150 136
150 137
149 137
149 138
148 138
148 139
147 139
147 140
146 140
146 141
145 141
145 142
144 142
143 142
143 143
142 143
142 144
142 145
141 145
140 145
140 146
139 146
139 147
139 148
138 148
137 148
137 149
136 149
136 150
135 150
135 151
134 151
133 151
133 152
132 152
132 153
131 153
131 154
130 154
130 155
129 155
129 156
128 156
127 156
126 156
126 157
125 157
124 157
123 157
123 158
122 158
121 158
120 158
120 159
119 159
118 159
117 159
116 159
115 159
114 159
113 159
112 159
111 159
111 158
110 158
109 158
109 157
108 157
107 157
107 156
106 156
105 156
105 155
104 155
103 155
103 154
102 154
101 154
100 154
100 153
99 153
99 152
98 152
97 152
96 152
95 152
95 151
94 151
93 151
93 150
92 150
91 150
90 150
89 150
88 150
88 149
87 149
86 149
85 149
85 148
84 148
84 149
83 149
83 148
82 148
81 148
80 148
79 148
78 148
77 148
76 148
75 148
74 148
74 147
73 147
73 148
72 148
71 148
70 148
69 148
68 148
67 148
66 148
65 148
64 148
63 148
62 148
61 148
61 149
60 149
59 149
59 148
58 148
57 148
56 148
55 148
54 148
54 149
53 149
52 149
51 149
50 149
49 149
48 149
48 148
47 148
47 149
46 149
45 149
44 149
44 150
43 150
42 150
41 150
41 149
40 149
39 149
38 149
38 150
38 151
37 151
36 151
35 151
34 151
33 151
33 152
32 152
31 152
30 152
30 153
29 153
29 154
28 154
27 154
27 155
26 155
26 156
26 157
26 158
25 158
24 158
24 159
23 159
22 159
22 160
21 160
21 161
20 161
20 162
20 163
20 164
20 165
20 166
20 167
19 167
19 168
19 169
19 170
19 171
19 172
18 172
18 173
18 174
18 175
18 176
18 177
18 178
17 178
16 178
16 179
16 180
16 181
15 181
15 182
16 182
16 183
16 184
16 185
15 185
15 186
16 186
16 187
16 188
16 189
15 189
15 190
14 190
13 190
13 191
14 191
15 191
15 192
15 193
15 194
15 195
15 196
15 197
14 197
14 198
15 198
15 199
15 200
15 201
14 201
14 202
15 202
16 202
16 203
16 204
16 205
15 205
15 206
14 206
14 207
15 207
15 208
15 209
15 210
16 210
16 211
16 212
16 213
16 214
16 215
16 216
15 216
15 217
15 218
16 218
16 219
16 220
16 221
17 221
17 222
17 223
17 224
16 224
16 225
16 226
17 226
17 227
17 228
18 228
18 229
18 230
18 231
17 231
17 232
17 233
18 233
18 234
18 235
19 235
19 236
19 237
19 238
18 238
18 239
19 239
19 240
19 241
20 241
20 242
21 242
21 243
22 243
22 244
22 245
23 245
23 246
24 246
24 247
25 247
25 248
26 248
26 249
27 249
28 249
28 250
29 250
29 251
30 251
31 251
31 252
32 252
33 252
33 253
34 253
35 253
35 254
36 254
37 254
38 254
38 255
39 255
40 255
40 256
41 256
42 256
42 255
43 255
44 255
45 255
45 256
46 256
46 255
47 255
48 255
49 255
49 256
50 256
50 255
51 255
52 255
53 255
53 256
54 256
54 255
55 255
56 255
57 255
57 256
58 256
58 255
59 255
60 255
61 255
62 255
62 256
63 256
64 256
65 256
66 256
66 257
67 257
68 257
69 257
70 257
71 257
72 257
73 257
74 257
75 257
76 257
77 257
78 257
78 256
79 256
80 256
81 256
82 256
83 256
84 256
85 256
86 256
87 256
88 256
88 255
89 255
90 255
91 255
91 254
92 254
92 255
93 255
93 254
93 253
94 253
95 253
96 253
96 252
97 252
98 252
98 251
99 251
100 251
100 250
101 250
102 250
103 250
103 249
104 249
105 249
105 248
106 248
107 248
107 247
108 247
109 247
109 246
110 246
111 246
111 245
112 245
113 245
114 245
115 245
115 246
116 246
117 246
118 246
119 246
120 246
120 247
121 247
122 247
123 247
124 247
124 248
125 248
125 249
126 249
127 249
127 250
128 250
128 251
129 251
129 252
129 253
130 253
131 253
132 253
132 254
133 254
133 255
134 255
134 256
135 256
135 257
136 257
136 258
137 258
138 258
138 259
139 259
139 260
140 260
140 261
141 261
142 261
142 262
143 262
143 263
144 263
144 264
145 264
145 265
146 265
146 266
147 266
147 267
148 267
149 267
149 268
150 268
150 269
150 270
150 271
150 272
150 273
150 274
150 275
150 276
151 276
151 277
151 278
151 279
151 280
151 281
150 281
149 281
149 282
149 283
149 284
149 285
148 285
147 285
147 286
147 287
147 288
146 288
146 289
145 289
144 289
144 290
144 291
143 291
143 292
142 292
141 292
141 293
140 293
140 294
139 294
139 295
138 295
137 295
137 296
136 296
136 297
136 298
135 298
134 298
134 299
133 299
133 300
132 300
131 300
131 301
130 301
130 302
129 302
129 303
128 303
128 304
127 304
126 304
126 305
125 305
125 306
125 307
124 307
124 308
123 308
123 309
122 309
121 309
121 310
120 310
120 311
120 312
119 312
119 313
118 313
117 313
117 314
116 314
116 315
115 315
114 315
114 316
113 316
112 316
112 317
111 317
110 317
110 318
110 319
109 319
108 319
108 320
107 320
107 321
106 321
105 321
105 322
104 322
103 322
102 322
102 323
101 323
101 324
100 324
100 325
99 325
98 325
98 326
97 326
97 327
96 327
96 328
95 328
94 328
94 329
93 329
93 330
92 330
91 330
90 330
90 331
89 331
89 330
88 330
88 331
88 332
87 332
86 332
86 333
85 333
85 334
84 334
84 335
83 335
82 335
81 335
80 335
80 336
79 336
79 337
79 338
80 338
80 339
81 339
81 340
82 340
83 340
83 341
84 341
84 342
85 342
85 343
86 343
87 343
87 344
87 345
88 345
88 346
89 346
89 347
90 347
90 348
91 348
91 349
92 349
92 350
93 350
93 351
93 352
94 352
95 352
95 353
95 354
96 354
97 354
97 355
98 355
98 356
99 356
99 357
100 357
100 358
100 359
100 0
101 0
102 0
102 1
103 1
103 2
104 2
104 3
104 4
104 5
104 6
105 6
105 7
106 7
106 8
106 9
107 9
107 10
107 11
108 11
108 12
108 13
109 13
109 14
109 15
109 16
109 17
109 18
109 19
110 19
110 20
110 21
110 22
110 23
109 23
109 24
110 24
110 25
110 26
111 26
111 27
111 28
110 28
110 29
109 29
109 30
109 31
109 32
109 33
109 34
109 35
108 35
108 36
107 36
107 37
107 38
107 39
106 39
106 40
105 40
105 41
105 42
104 42
104 43
104 44
103 44
102 44
102 45
101 45
101 46
101 47
101 48
100 48
100 49
100 50
99 50
99 51
98 51
97 51
97 52
96 52
96 53
95 53
95 54
94 54
93 54
93 55
93 56
92 56
92 57
91 57
91 58
90 58
90 59
89 59
89 60
88 60
88 61
88 62
87 62
87 63
86 63
85 63
85 64
84 64
84 65
83 65
83 66
83 67
82 67
82 68
81 68
81 69
81 70
82 70
82 71
83 71
84 71
84 72
85 72
85 73
86 73
87 73
88 73
88 74
89 74
90 74
91 74
91 75
91 76
92 76
93 76
93 77
94 77
95 77
96 77
96 78
97 78
98 78
99 78
99 79
99 80
100 80
101 80
102 80
102 81
103 81
103 82
104 82
104 83
105 83
105 84
106 84
107 84
108 84
108 85
109 85
109 86
110 86
111 86
112 86
112 87
113 87
113 88
114 88
114 89
115 89
115 90
116 90
117 90
118 90
118 91
119 91
119 92
119 93
120 93
121 93
121 94
122 94
122 95
122 96
123 96
123 97
124 97
124 98
125 98
125 99
126 99
127 99
127 100
128 100
129 100
129 101
129 102
130 102
130 103
131 103
131 104
132 104
132 105
133 105
134 105
134 106
135 106
136 106
136 107
137 107
137 108
138 108
139 108
139 109
140 109
140 110
141 110
141 111
142 111
142 112
143 112
143 113
144 113
144 114
145 114
145 115
146 115
146 116
147 116
148 116
148 117
149 117
149 118
149 119
149 120
150 120
150 121
150 122
151 122
151 123
151 124
152 124
152 125
152 126
152 127
153 127
-2 -2
