152 319
152 320
152 321
152 322
152 323
152 324
152 325
152 326
151 326
151 327
151 328
150 328
150 329
150 330
150 331
149 331
149 332
149 333
148 333
148 334
147 334
146 334
146 335
145 335
145 336
144 336
144 337
143 337
143 338
142 338
142 339
141 339
141 340
140 340
140 341
139 341
139 342
138 342
137 342
137 343
136 343
136 344
135 344
135 345
134 345
133 345
132 345
132 346
131 346
131 347
130 347
130 348
129 348
129 349
129 350
128 350
127 350
127 351
126 351
126 352
125 352
124 352
124 353
123 353
123 354
122 354
122 355
122 356
121 356
121 357
120 357
120 358
119 358
119 359
118 359
118 0
117 0
116 0
115 0
115 1
114 1
114 2
113 2
113 3
112 3
112 4
111 4
110 4
109 4
109 5
108 5
108 6
107 6
106 6
105 6
105 7
104 7
104 8
103 8
103 9
102 9
102 10
101 10
100 10
99 10
99 11
99 12
98 12
97 12
96 12
96 13
95 13
94 13
93 13
93 14
92 14
91 14
91 15
90 15
90 16
89 16
88 16
88 17
87 17
86 17
85 17
85 18
84 18
83 18
83 19
82 19
82 20
81 20
81 21
81 22
82 22
82 23
83 23
83 24
83 25
84 25
84 26
85 26
85 27
86 27
86 28
87 28
88 28
88 29
88 30
89 30
89 31
90 31
90 32
91 32
91 33
92 33
92 34
93 34
93 35
93 36
94 36
95 36
95 37
96 37
96 38
97 38
97 39
98 39
99 39
99 40
100 40
100 41
100 42
101 42
101 43
101 44
101 45
102 45
102 46
103 46
104 46
104 47
105 47
105 48
105 49
105 50
106 50
106 51
107 51
107 52
107 53
107 54
108 54
108 55
109 55
109 56
109 57
109 58
109 59
109 60
109 61
110 61
110 62
110 63
110 64
110 65
110 66
109 66
109 67
110 67
110 68
110 69
110 70
110 71
109 71
109 72
109 73
109 74
109 75
108 75
108 76
108 77
108 78
108 79
107 79
107 80
106 80
106 81
106 82
106 83
105 83
105 84
104 84
104 85
104 86
104 87
104 88
103 88
103 89
102 89
102 90
101 90
100 90
100 91
100 92
100 93
99 93
99 94
98 94
98 95
97 95
97 96
96 96
95 96
95 97
95 98
94 98
94 99
93 99
93 100
92 100
92 101
91 101
91 102
90 102
90 103
89 103
89 104
88 104
88 105
87 105
87 106
87 107
86 107
85 107
85 108
84 108
84 109
83 109
83 110
82 110
81 110
81 111
80 111
80 112
79 112
78 112
78 113
78 114
79 114
80 114
80 115
81 115
82 115
83 115
84 115
84 116
85 116
85 117
86 117
87 117
87 118
88 118
88 119
88 120
89 120
89 119
90 119
90 120
91 120
92 120
93 120
93 121
94 121
94 122
95 122
96 122
96 123
97 123
97 124
98 124
98 125
99 125
100 125
100 126
101 126
101 127
102 127
102 128
103 128
104 128
105 128
105 129
106 129
107 129
107 130
108 130
108 131
108 132
109 132
110 132
110 133
111 133
112 133
112 134
113 134
114 134
114 135
115 135
116 135
116 136
117 136
117 137
118 137
119 137
119 138
120 138
120 139
120 140
121 140
121 141
122 141
123 141
123 142
124 142
124 143
124 144
125 144
125 145
126 145
126 146
127 146
128 146
128 147
129 147
129 148
130 148
130 149
131 149
131 150
132 150
133 150
133 151
134 151
134 152
135 152
135 153
136 153
136 154
137 154
137 155
138 155
139 155
139 156
140 156
140 157
141 157
141 158
142 158
142 159
143 159
144 159
144 160
144 161
145 161
146 161
146 162
147 162
147 163
147 164
147 165
148 165
149 165
149 166
149 167
149 168
149 169
150 169
151 169
151 170
151 171
151 172
151 173
151 174
150 174
150 175
150 176
150 177
150 178
150 179
150 180
150 181
150 182
149 182
148 182
148 183
147 183
147 184
146 184
146 185
145 185
145 186
144 186
144 187
143 187
143 188
142 188
142 189
141 189
140 189
140 190
139 190
139 191
138 191
138 192
137 192
136 192
136 193
135 193
135 194
134 194
134 195
133 195
133 196
132 196
132 197
131 197
130 197
129 197
129 198
129 199
128 199
128 200
127 200
126 200
126 201
125 201
125 202
124 202
124 203
123 203
122 203
121 203
120 203
120 204
119 204
118 204
117 204
116 204
115 204
115 205
114 205
113 205
112 205
112 204
111 204
110 204
109 204
109 203
108 203
107 203
107 202
106 202
106 201
105 201
104 201
103 201
103 200
102 200
101 200
100 200
100 199
99 199
98 199
98 198
97 198
96 198
96 197
95 197
94 197
93 197
93 196
92 196
91 196
91 195
90 195
89 195
88 195
88 194
87 194
86 194
85 194
84 194
83 194
82 194
81 194
80 194
79 194
78 194
77 194
76 194
76 193
75 193
74 193
73 193
73 192
72 192
72 193
71 193
70 193
69 193
68 193
67 193
66 193
66 194
65 194
64 194
63 194
62 194
62 195
61 195
60 195
59 195
59 194
58 194
57 194
57 195
56 195
55 195
54 195
54 194
53 194
53 195
52 195
51 195
50 195
50 194
49 194
49 195
48 195
47 195
46 195
46 194
45 194
45 195
44 195
43 195
42 195
41 195
41 194
40 194
40 195
39 195
38 195
38 196
37 196
36 196
35 196
35 197
34 197
33 197
33 198
32 198
31 198
31 199
30 199
29 199
29 200
28 200
28 201
27 201
26 201
26 202
25 202
25 203
24 203
24 204
23 204
23 205
22 205
22 206
22 207
21 207
21 208
20 208
20 209
19 209
19 210
19 211
18 211
18 212
19 212
19 213
19 214
19 215
18 215
18 216
18 217
17 217
17 218
17 219
18 219
18 220
18 221
18 222
17 222
17 223
17 224
16 224
16 225
16 226
17 226
17 227
17 228
17 229
16 229
16 230
16 231
16 232
15 232
15 233
15 234
16 234
16 235
16 236
16 237
16 238
16 239
16 240
15 240
15 241
15 242
15 243
14 243
14 244
15 244
15 245
16 245
16 246
16 247
16 248
15 248
14 248
14 249
15 249
15 250
15 251
15 252
14 252
14 253
15 253
15 254
15 255
15 256
15 257
15 258
15 259
14 259
13 259
13 260
14 260
15 260
15 261
16 261
16 262
16 263
16 264
15 264
15 265
16 265
16 266
16 267
16 268
15 268
15 269
16 269
16 270
16 271
16 272
17 272
18 272
18 273
18 274
18 275
19 275
19 276
19 277
19 278
19 279
19 280
19 281
19 282
19 283
20 283
20 284
20 285
20 286
20 287
20 288
20 289
21 289
21 290
22 290
22 291
23 291
24 291
24 292
25 292
26 292
26 293
26 294
26 295
27 295
27 296
28 296
29 296
29 297
30 297
30 298
31 298
32 298
33 298
33 299
34 299
35 299
36 299
37 299
38 299
38 300
38 301
39 301
40 301
41 301
41 300
42 300
43 300
44 300
44 301
45 301
46 301
47 301
47 302
48 302
48 301
49 301
50 301
51 301
52 301
53 301
54 301
54 302
55 302
56 302
57 302
58 302
59 302
59 301
60 301
61 301
61 302
62 302
63 302
64 302
65 302
66 302
67 302
68 302
69 302
70 302
71 302
72 302
73 302
73 303
74 303
74 302
75 302
76 302
77 302
78 302
79 302
80 302
81 302
82 302
83 302
84 302
85 302
85 301
86 301
87 301
88 301
88 300
89 300
90 300
91 300
92 300
93 300
93 299
94 299
95 299
95 298
96 298
97 298
98 298
99 298
99 297
100 297
100 296
101 296
102 296
103 296
103 295
104 295
105 295
105 294
106 294
107 294
107 293
108 293
109 293
109 292
110 292
111 292
111 291
112 291
113 291
114 291
115 291
116 291
117 291
118 291
119 291
120 291
120 292
121 292
122 292
123 292
123 293
124 293
125 293
126 293
126 294
127 294
128 294
129 294
129 295
130 295
130 296
131 296
131 297
132 297
132 298
133 298
133 299
134 299
135 299
135 300
136 300
136 301
137 301
137 302
138 302
139 302
139 303
139 304
140 304
140 305
141 305
142 305
142 306
142 307
143 307
143 308
144 308
145 308
145 309
146 309
146 310
147 310
148 310
148 311
148 312
149 312
149 313
150 313
150 314
150 315
150 316
151 316
151 317
151 318
151 319
152 319
-2 -2
