46 335
46 336
46 337
46 338
46 339
45 339
45 340
45 341
45 342
45 343
44 343
44 344
44 345
44 346
44 347
44 348
43 348
43 349
42 349
42 350
42 351
42 352
41 352
41 353
40 353
40 354
39 354
39 355
38 355
38 356
38 357
38 358
37 358
37 359
37 0
36 0
35 0
34 0
34 1
34 2
34 3
34 4
34 5
33 5
33 6
33 7
32 7
32 8
32 9
31 9
30 9
30 10
30 11
29 11
29 12
29 13
29 14
29 15
29 16
29 17
29 18
28 18
28 19
28 20
28 21
27 21
26 21
26 22
26 23
27 23
27 24
27 25
27 26
26 26
26 27
26 28
27 28
27 29
27 30
27 31
27 32
27 33
27 34
27 35
27 36
27 37
27 38
27 39
27 40
27 41
27 42
27 43
27 44
27 45
27 46
27 47
27 48
27 49
27 50
28 50
28 51
28 52
28 53
28 54
28 55
28 56
28 57
28 58
28 59
29 59
29 60
29 61
29 62
30 62
30 63
30 64
30 65
30 66
30 67
31 67
31 68
31 69
31 70
31 71
31 72
32 72
33 72
33 73
33 74
33 75
33 76
33 77
34 77
34 78
34 79
34 80
35 80
36 80
36 81
36 82
37 82
37 83
37 84
37 85
37 86
37 87
38 87
38 88
38 89
38 90
39 90
39 91
40 91
41 91
41 92
41 93
41 94
41 95
42 95
42 96
42 97
42 98
42 99
42 100
42 101
42 102
43 102
43 103
43 104
43 105
43 106
43 107
43 108
43 109
43 110
42 110
42 111
41 111
41 112
41 113
41 114
41 115
40 115
40 116
40 117
40 118
40 119
39 119
39 120
39 121
38 121
38 122
37 122
37 123
37 124
37 125
36 125
36 126
35 126
35 127
34 127
34 128
33 128
33 129
33 130
32 130
32 131
31 131
30 131
30 132
29 132
29 133
29 134
28 134
27 134
27 135
26 135
26 136
25 136
25 137
25 138
25 139
25 140
24 140
24 141
24 142
23 142
23 143
23 144
24 144
24 145
24 146
24 147
23 147
23 148
23 149
22 149
22 150
22 151
22 152
22 153
22 154
22 155
22 156
21 156
21 157
21 158
21 159
22 159
22 160
22 161
22 162
21 162
21 163
21 164
21 165
22 165
22 166
22 167
22 168
23 168
23 169
23 170
23 171
24 171
24 172
24 173
24 174
24 175
24 176
24 177
24 178
24 179
24 180
24 181
25 181
26 181
26 182
26 183
27 183
28 183
29 183
29 184
30 184
31 184
31 185
31 186
32 186
32 187
33 187
34 187
34 188
34 189
35 189
35 190
36 190
36 191
37 191
37 192
38 192
38 193
39 193
39 194
39 195
39 196
39 197
39 198
40 198
40 199
40 200
41 200
41 201
42 201
42 202
42 203
42 204
43 204
43 205
43 206
43 207
43 208
43 209
43 210
44 210
44 211
44 212
44 213
44 214
44 215
44 216
44 217
43 217
43 218
43 219
42 219
42 220
42 221
41 221
41 222
41 223
41 224
41 225
40 225
40 226
40 227
40 228
40 229
39 229
39 230
39 231
38 231
38 232
38 233
37 233
37 234
36 234
36 235
36 236
36 237
35 237
35 238
35 239
34 239
34 240
34 241
34 242
33 242
33 243
33 244
33 245
33 246
32 246
32 247
32 248
32 249
32 250
31 250
31 251
31 252
31 253
31 254
31 255
31 256
30 256
29 256
29 257
29 258
29 259
29 260
29 261
29 262
29 263
28 263
28 264
28 265
28 266
28 267
28 268
28 269
27 269
26 269
26 270
26 271
27 271
27 272
27 273
27 274
27 275
27 276
27 277
27 278
27 279
27 280
27 281
27 282
26 282
26 283
26 284
26 285
26 286
27 286
27 287
27 288
27 289
27 290
27 291
27 292
28 292
28 293
28 294
28 295
28 296
29 296
29 297
29 298
29 299
30 299
30 300
30 301
30 302
30 303
31 303
31 304
31 305
31 306
32 306
32 307
32 308
33 308
33 309
33 310
34 310
34 311
34 312
35 312
35 313
35 314
36 314
36 315
37 315
37 316
37 317
38 317
38 318
39 318
39 319
40 319
40 320
40 321
40 322
41 322
41 323
42 323
42 324
43 324
43 325
43 326
43 327
43 328
44 328
44 329
44 330
44 331
44 332
44 333
45 333
45 334
45 335
46 335
-2 -2
