200 48
200 49
199 49
199 50
198 50
198 51
197 51
196 51
195 51
195 52
194 52
193 52
192 52
191 52
190 52
189 52
189 53
188 53
187 53
186 53
185 53
184 53
183 53
182 53
182 52
181 52
180 52
179 52
178 52
177 52
176 52
175 52
174 52
173 52
172 52
172 51
171 51
170 51
169 51
168 51
168 50
167 50
166 50
165 50
164 50
163 50
162 50
161 50
160 50
159 50
159 49
158 49
157 49
156 49
156 50
155 50
154 50
153 50
152 50
151 50
150 50
149 50
148 50
147 50
147 51
146 51
145 51
144 51
143 51
142 51
141 51
140 51
139 51
138 51
138 52
137 52
137 53
136 53
135 53
134 53
133 53
132 53
132 54
131 54
130 54
129 54
128 54
128 55
127 55
126 55
125 55
125 56
124 56
123 56
123 57
122 57
121 57
120 57
119 57
118 57
118 58
117 58
116 58
116 59
115 59
114 59
114 60
113 60
112 60
111 60
110 60
109 60
109 61
108 61
107 61
107 62
106 62
106 63
105 63
105 64
104 64
104 65
103 65
102 65
102 66
101 66
100 66
100 67
99 67
98 67
97 67
97 68
97 69
96 69
95 69
95 70
94 70
94 71
94 72
93 72
93 73
93 74
92 74
92 75
92 76
91 76
90 76
89 76
88 76
88 77
88 78
87 78
86 78
86 79
86 80
86 81
86 82
85 82
85 83
85 84
85 85
85 86
84 86
84 87
83 87
83 88
82 88
82 89
81 89
81 90
80 90
80 91
80 92
80 93
80 94
80 95
80 96
80 97
80 98
79 98
79 99
78 99
78 100
78 101
77 101
77 102
77 103
77 104
77 105
77 106
77 107
76 107
76 108
76 109
76 110
76 111
76 112
77 112
77 113
77 114
77 115
77 116
76 116
76 117
76 118
76 119
76 120
76 121
77 121
77 122
77 123
77 124
77 125
77 126
77 127
77 128
77 129
77 130
77 131
77 132
77 133
78 133
78 134
78 135
78 136
78 137
78 138
78 139
79 139
79 140
79 141
79 142
79 143
79 144
80 144
80 145
80 146
81 146
81 147
81 148
81 149
82 149
82 150
82 151
82 152
82 153
83 153
84 153
84 154
84 155
84 156
84 157
84 158
85 158
85 159
86 159
86 160
86 161
87 161
87 162
87 163
87 164
88 164
88 165
88 166
89 166
89 167
89 168
89 169
90 169
90 170
91 170
91 171
91 172
91 173
92 173
92 174
93 174
93 175
94 175
95 175
95 176
95 177
96 177
96 178
97 178
97 179
97 180
98 180
99 180
99 181
99 182
100 182
101 182
101 183
101 184
101 185
102 185
102 186
103 186
103 187
104 187
105 187
106 187
106 188
106 189
106 190
106 191
107 191
108 191
108 192
109 192
109 193
110 193
111 193
111 194
112 194
112 195
113 195
114 195
114 196
115 196
115 197
115 198
116 198
116 199
117 199
117 200
117 201
118 201
118 202
119 202
120 202
120 203
121 203
121 204
122 204
123 204
123 205
124 205
124 206
125 206
125 207
126 207
126 208
126 209
127 209
128 209
128 210
128 211
129 211
129 212
130 212
131 212
131 213
132 213
132 214
132 215
132 216
133 216
133 217
133 218
134 218
134 219
134 220
134 221
135 221
135 222
136 222
136 223
136 224
136 225
136 226
136 227
137 227
137 228
137 229
137 230
138 230
138 231
138 232
138 233
139 233
139 234
139 235
139 236
139 237
139 238
140 238
140 239
141 239
141 240
141 241
141 242
141 243
141 244
141 245
142 245
142 246
142 247
142 248
142 249
141 249
141 250
141 251
141 252
141 253
141 254
141 255
140 255
140 256
140 257
139 257
139 258
139 259
138 259
137 259
137 260
136 260
136 261
135 261
134 261
134 262
133 262
133 263
132 263
132 264
132 265
132 266
131 266
131 267
130 267
130 268
129 268
128 268
128 269
127 269
127 270
126 270
125 270
125 271
124 271
124 272
123 272
123 273
122 273
121 273
121 274
120 274
119 274
119 275
118 275
117 275
117 276
116 276
115 276
115 277
114 277
114 278
113 278
112 278
112 279
111 279
110 279
109 279
109 280
108 280
107 280
106 280
106 281
105 281
104 281
104 282
103 282
103 283
102 283
101 283
100 283
99 283
98 283
98 284
97 284
96 284
95 284
95 285
94 285
93 285
92 285
92 286
91 286
90 286
90 287
89 287
88 287
88 288
87 288
87 289
86 289
85 289
84 289
83 289
82 289
82 290
81 290
80 290
79 290
78 290
78 291
77 291
76 291
75 291
75 292
74 292
73 292
73 291
72 291
72 292
71 292
70 292
69 292
69 291
68 291
67 291
66 291
65 291
64 291
63 291
62 291
61 291
60 291
59 291
58 291
58 290
57 290
56 290
56 289
55 289
54 289
53 289
52 289
52 288
52 287
51 287
51 286
50 286
49 286
49 285
48 285
48 284
47 284
47 283
47 282
46 282
45 282
45 281
45 280
44 280
44 279
44 278
43 278
43 277
43 276
43 275
42 275
42 274
41 274
41 273
40 273
40 272
40 271
40 270
40 269
40 268
40 267
40 266
40 265
40 264
40 263
39 263
39 262
39 261
39 260
39 259
39 258
39 257
40 257
40 256
39 256
39 255
39 254
39 253
39 252
40 252
40 251
40 250
40 249
40 248
41 248
41 247
41 246
41 245
42 245
42 244
42 243
42 242
43 242
44 242
44 241
44 240
45 240
45 239
45 238
46 238
46 237
46 236
47 236
48 236
48 235
49 235
49 234
49 233
50 233
50 232
51 232
51 231
52 231
53 231
54 231
55 231
56 231
56 230
57 230
58 230
59 230
60 230
61 230
62 230
63 230
64 230
65 230
66 230
66 229
67 229
68 229
68 230
69 230
70 230
71 230
71 231
72 231
73 231
74 231
74 232
75 232
76 232
77 232
78 232
78 233
79 233
79 234
80 234
81 234
81 235
82 235
83 235
83 236
84 236
84 237
85 237
86 237
86 238
87 238
87 239
88 239
88 240
89 240
90 240
90 241
90 242
90 243
90 244
90 245
90 246
91 246
91 247
91 248
91 249
91 250
92 250
92 251
93 251
93 252
93 253
93 254
93 255
93 256
93 257
93 258
94 258
94 259
95 259
96 259
96 258
97 258
98 258
98 257
98 256
98 255
99 255
100 255
101 255
101 254
102 254
103 254
103 253
104 253
104 252
105 252
105 251
105 250
106 250
106 249
107 249
107 248
107 247
108 247
108 246
109 246
109 245
110 245
110 244
111 244
111 243
112 243
112 242
112 241
112 240
111 240
111 239
110 239
110 238
110 237
109 237
108 237
108 236
107 236
107 235
106 235
105 235
104 235
104 234
103 234
102 234
102 233
101 233
101 232
100 232
99 232
99 231
98 231
97 231
97 230
96 230
95 230
95 229
94 229
93 229
93 228
92 228
91 228
91 227
90 227
89 227
89 226
88 226
88 225
87 225
86 225
85 225
85 224
84 224
83 224
83 223
82 223
82 222
81 222
81 221
80 221
79 221
79 220
78 220
78 219
77 219
77 218
76 218
76 217
75 217
75 216
74 216
74 215
73 215
73 214
72 214
71 214
71 213
70 213
70 212
70 211
69 211
69 210
68 210
67 210
67 209
66 209
65 209
65 208
64 208
64 207
63 207
63 206
62 206
61 206
61 205
61 204
60 204
60 203
59 203
59 202
58 202
58 201
58 200
58 199
57 199
56 199
55 199
55 198
54 198
54 197
54 196
53 196
52 196
52 195
52 194
52 193
52 192
51 192
50 192
50 191
50 190
49 190
49 189
48 189
48 188
48 187
47 187
47 186
47 185
47 184
46 184
46 183
45 183
45 182
45 181
44 181
44 180
43 180
43 179
43 178
42 178
42 177
42 176
42 175
42 174
42 173
42 172
42 171
42 170
42 169
42 168
42 167
42 166
42 165
42 164
42 163
42 162
42 161
41 161
41 160
41 159
41 158
41 157
40 157
40 156
40 155
40 154
41 154
41 153
41 152
42 152
42 151
41 151
41 150
41 149
41 148
41 147
41 146
41 145
41 144
40 144
40 143
40 142
40 141
40 140
40 139
40 138
40 137
40 136
40 135
40 134
41 134
41 133
40 133
40 132
40 131
40 130
40 129
40 128
40 127
40 126
40 125
40 124
40 123
40 122
40 121
40 120
40 119
39 119
39 118
39 117
39 116
39 115
39 114
39 113
40 113
40 112
40 111
40 110
40 109
40 108
40 107
40 106
40 105
41 105
41 104
41 103
40 103
40 102
40 101
40 100
40 99
40 98
41 98
41 97
41 96
41 95
42 95
42 94
43 94
43 93
43 92
43 91
44 91
44 90
44 89
44 88
44 87
44 86
44 85
44 84
45 84
45 83
45 82
45 81
46 81
46 80
47 80
47 79
48 79
48 78
49 78
49 77
50 77
50 76
50 75
50 74
51 74
51 73
52 73
52 72
52 71
53 71
54 71
55 71
56 71
56 70
56 69
57 69
57 68
58 68
58 67
58 66
59 66
59 65
59 64
60 64
61 64
61 63
62 63
62 62
63 62
64 62
65 62
65 61
66 61
66 60
67 60
67 59
66 59
65 59
64 59
63 59
62 59
62 60
61 60
61 61
60 61
59 61
59 62
58 62
57 62
56 62
56 63
55 63
54 63
53 63
52 63
51 63
50 63
49 63
48 63
48 64
47 64
46 64
45 64
44 64
43 64
43 65
42 65
41 65
41 66
40 66
39 66
38 66
37 66
36 66
35 66
34 66
33 66
32 66
31 66
31 67
30 67
29 67
28 67
27 67
26 67
26 66
25 66
25 65
24 65
24 64
23 64
23 63
22 63
21 63
20 63
20 62
20 61
19 61
19 60
19 59
18 59
18 58
18 57
17 57
17 56
17 55
16 55
16 54
15 54
14 54
14 53
14 52
13 52
13 51
13 50
13 49
12 49
12 48
12 47
12 46
12 45
12 44
12 43
11 43
11 42
11 41
11 40
10 40
10 39
10 38
10 37
11 37
11 36
10 36
10 35
10 34
10 33
11 33
11 32
10 32
9 32
9 31
9 30
9 29
10 29
10 28
10 27
11 27
11 26
10 26
10 25
10 24
10 23
11 23
11 22
11 21
10 21
9 21
9 20
9 19
9 18
10 18
10 17
9 17
9 16
9 15
9 14
10 14
10 13
11 13
11 12
10 12
9 12
9 11
9 10
9 9
10 9
10 8
10 7
9 7
9 6
9 5
9 4
10 4
10 3
10 2
10 1
9 1
9 0
10 0
10 359
10 358
10 357
10 356
9 356
9 355
9 354
9 353
10 353
11 353
11 352
10 352
10 351
10 350
10 349
11 349
11 348
11 347
10 347
10 346
10 345
10 344
11 344
11 343
10 343
10 342
10 341
10 340
11 340
11 339
11 338
11 337
12 337
12 336
12 335
12 334
13 334
13 333
13 332
14 332
14 331
14 330
14 329
15 329
15 328
16 328
16 327
16 326
17 326
17 325
17 324
18 324
18 323
19 323
20 323
20 322
20 321
21 321
22 321
23 321
23 320
24 320
25 320
25 319
25 318
26 318
27 318
27 317
27 316
28 316
29 316
30 316
31 316
32 316
33 316
34 316
35 316
36 316
36 317
37 317
37 318
38 318
39 318
39 319
40 319
40 320
40 321
41 321
42 321
42 322
43 322
43 323
44 323
44 324
44 325
44 326
45 326
45 327
45 328
45 329
45 330
45 331
46 331
46 332
46 333
46 334
45 334
45 335
45 336
45 337
45 338
45 339
44 339
44 340
43 340
43 341
43 342
43 343
42 343
42 344
42 345
42 346
42 347
41 347
41 348
41 349
41 350
41 351
41 352
41 353
41 354
41 355
41 356
41 357
42 357
42 358
42 359
42 0
43 0
43 1
43 2
44 2
44 3
44 4
45 4
45 5
46 5
46 6
46 7
47 7
47 8
48 8
48 9
49 9
49 10
50 10
50 11
51 11
52 11
52 12
52 13
53 13
54 13
55 13
55 14
56 14
56 15
57 15
57 16
58 16
59 16
60 16
60 17
61 17
62 17
63 17
63 18
64 18
65 18
65 19
66 19
67 19
68 19
69 19
70 19
71 19
71 20
72 20
73 20
74 20
75 20
76 20
77 20
78 20
78 21
79 21
80 21
80 22
81 22
81 21
82 21
83 21
83 22
84 22
84 21
85 21
85 22
86 22
87 22
88 22
89 22
90 22
90 23
91 23
92 23
93 23
94 23
95 23
96 23
96 24
97 24
98 24
99 24
100 24
101 24
101 25
102 25
103 25
104 25
105 25
105 26
106 26
107 26
108 26
109 26
110 26
111 26
112 26
113 26
114 26
114 27
115 27
116 27
117 27
118 27
119 27
120 27
121 27
121 28
122 28
123 28
124 28
125 28
125 29
126 29
127 29
128 29
129 29
130 29
131 29
132 29
132 30
133 30
134 30
135 30
136 30
137 30
138 30
139 30
139 31
140 31
140 30
141 30
141 31
142 31
143 31
144 31
145 31
146 31
146 32
147 32
148 32
149 32
150 32
150 33
151 33
152 33
153 33
154 33
155 33
155 34
156 34
157 34
158 34
159 34
159 35
160 35
161 35
162 35
163 35
164 35
165 35
165 36
166 36
167 36
168 36
169 36
169 37
170 37
171 37
172 37
173 37
174 37
175 37
175 38
176 38
177 38
178 38
178 39
179 39
180 39
181 39
181 40
182 40
183 40
184 40
184 41
185 41
186 41
187 41
187 42
188 42
189 42
190 42
190 43
191 43
192 43
193 43
193 44
194 44
195 44
196 44
196 45
197 45
198 45
199 45
199 46
199 47
199 48
200 48
-2 -2
