45 120
45 121
45 122
45 123
45 124
44 124
44 125
44 126
44 127
43 127
43 128
43 129
42 129
42 130
42 131
42 132
42 133
42 134
41 134
41 135
41 136
41 137
41 138
40 138
40 139
39 139
39 140
39 141
38 141
38 142
38 143
37 143
37 144
36 144
36 145
36 146
36 147
35 147
35 148
35 149
34 149
34 150
34 151
34 152
33 152
33 153
33 154
33 155
33 156
32 156
32 157
32 158
32 159
32 160
31 160
31 161
31 162
31 163
31 164
30 164
30 165
30 166
29 166
29 167
29 168
29 169
29 170
29 171
28 171
28 172
28 173
28 174
28 175
28 176
28 177
28 178
28 179
27 179
27 180
27 181
27 182
27 183
27 184
27 185
27 186
27 187
27 188
27 189
27 190
26 190
26 191
26 192
26 193
26 194
26 195
26 196
27 196
27 197
27 198
27 199
27 200
27 201
27 202
28 202
28 203
28 204
28 205
28 206
29 206
29 207
29 208
29 209
30 209
30 210
30 211
30 212
30 213
31 213
31 214
31 215
31 216
32 216
32 217
32 218
33 218
33 219
33 220
34 220
34 221
34 222
35 222
35 223
35 224
36 224
36 225
37 225
37 226
37 227
38 227
38 228
39 228
39 229
40 229
40 230
40 231
40 232
41 232
41 233
42 233
42 234
42 235
42 236
42 237
43 237
43 238
43 239
43 240
43 241
43 242
43 243
44 243
44 244
44 245
44 246
45 246
45 247
45 248
45 249
44 249
44 250
44 251
44 252
44 253
43 253
43 254
43 255
43 256
43 257
43 258
42 258
41 258
41 259
41 260
41 261
41 262
40 262
39 262
39 263
39 264
38 264
38 265
37 265
37 266
37 267
36 267
36 268
35 268
35 269
35 270
34 270
33 270
33 271
33 272
33 273
32 273
32 274
32 275
32 276
32 277
31 277
30 277
30 278
30 279
29 279
29 280
29 281
29 282
28 282
28 283
28 284
28 285
28 286
28 287
28 288
28 289
27 289
26 289
26 290
26 291
26 292
26 293
26 294
26 295
26 296
26 297
26 298
26 299
26 300
26 301
26 302
26 303
26 304
26 305
26 306
26 307
26 308
26 309
26 310
26 311
26 312
26 313
25 313
25 314
26 314
26 315
26 316
25 316
25 317
26 317
26 318
27 318
27 319
27 320
27 321
27 322
27 323
27 324
27 325
27 326
27 327
27 328
27 329
27 330
28 330
28 331
28 332
28 333
28 334
29 334
29 335
29 336
30 336
30 337
30 338
30 339
30 340
30 341
31 341
31 342
31 343
31 344
32 344
33 344
33 345
33 346
33 347
33 348
33 349
33 350
34 350
34 351
34 352
35 352
36 352
36 353
36 354
37 354
37 355
37 356
37 357
37 358
37 359
37 0
38 0
39 0
39 1
40 1
40 2
40 3
41 3
41 4
41 5
41 6
41 7
42 7
42 8
42 9
42 10
42 11
42 12
43 12
43 13
43 14
43 15
43 16
43 17
44 17
44 18
44 19
43 19
43 20
43 21
42 21
42 22
42 23
42 24
41 24
41 25
41 26
41 27
41 28
41 29
40 29
40 30
39 30
39 31
39 32
39 33
38 33
38 34
37 34
37 35
37 36
36 36
36 37
35 37
35 38
35 39
34 39
34 40
33 40
33 41
33 42
32 42
31 42
31 43
30 43
30 44
29 44
29 45
28 45
27 45
27 46
27 47
27 48
26 48
26 49
26 50
25 50
25 51
25 52
25 53
24 53
24 54
24 55
24 56
24 57
24 58
24 59
24 60
24 61
23 61
23 62
23 63
23 64
23 65
22 65
22 66
22 67
22 68
22 69
22 70
23 70
23 71
23 72
23 73
22 73
22 74
22 75
22 76
23 76
23 77
23 78
23 79
24 79
24 80
24 81
25 81
25 82
25 83
25 84
25 85
25 86
25 87
25 88
25 89
25 90
25 91
26 91
27 91
28 91
28 92
29 92
30 92
31 92
31 93
31 94
32 94
32 95
32 96
33 96
33 97
34 97
35 97
35 98
36 98
36 99
36 100
37 100
37 101
38 101
38 102
38 103
39 103
40 103
40 104
40 105
40 106
40 107
41 107
41 108
41 109
41 110
42 110
42 111
43 111
43 112
43 113
43 114
44 114
44 115
44 116
44 117
44 118
44 119
44 120
45 120
-2 -2
