72 241
72 242
72 243
72 244
72 245
72 246
72 247
72 248
72 249
72 250
72 251
71 251
71 252
70 252
70 253
70 254
69 254
68 254
68 255
68 256
68 257
67 257
66 257
66 258
65 258
65 259
64 259
64 260
63 260
62 260
62 261
61 261
61 262
61 263
60 263
60 264
59 264
59 265
58 265
58 266
57 266
57 267
57 268
56 268
56 269
56 270
55 270
54 270
54 271
54 272
54 273
53 273
53 274
53 275
52 275
52 276
52 277
51 277
51 278
51 279
51 280
51 281
50 281
50 282
50 283
49 283
49 284
49 285
49 286
49 287
49 288
49 289
49 290
48 290
48 291
48 292
48 293
48 294
48 295
47 295
47 296
47 297
47 298
48 298
48 299
48 300
47 300
47 301
47 302
47 303
47 304
47 305
47 306
47 307
48 307
48 308
48 309
48 310
48 311
48 312
48 313
48 314
49 314
49 315
49 316
49 317
49 318
50 318
50 319
50 320
50 321
51 321
51 322
51 323
51 324
52 324
52 325
52 326
53 326
53 327
53 328
54 328
54 329
55 329
55 330
55 331
55 332
55 333
55 334
56 334
56 335
56 336
57 336
57 337
58 337
58 338
58 339
58 340
58 341
58 342
59 342
59 343
60 343
60 344
60 345
60 346
60 347
60 348
61 348
61 349
61 350
61 351
61 352
62 352
62 353
63 353
63 354
63 355
63 356
63 357
63 358
63 359
63 0
63 1
63 2
63 3
63 4
63 5
63 6
63 7
63 8
63 9
63 10
63 11
62 11
62 12
62 13
62 14
61 14
61 15
61 16
61 17
62 17
62 18
62 19
62 20
62 21
62 22
61 22
61 23
61 24
61 25
60 25
60 26
60 27
61 27
61 28
61 29
61 30
61 31
60 31
60 32
60 33
60 34
60 35
60 36
60 37
60 38
60 39
60 40
60 41
60 42
60 43
60 44
60 45
59 45
59 46
59 47
59 48
59 49
59 50
59 51
59 52
59 53
59 54
59 55
59 56
59 57
58 57
58 58
59 58
59 59
59 60
59 61
59 62
59 63
59 64
59 65
59 66
59 67
59 68
59 69
59 70
60 70
60 71
60 72
59 72
59 73
59 74
59 75
59 76
59 77
59 78
59 79
59 80
59 81
59 82
59 83
59 84
60 84
60 85
60 86
60 87
60 88
60 89
60 90
61 90
61 91
61 92
61 93
61 94
61 95
61 96
61 97
61 98
61 99
61 100
61 101
61 102
61 103
61 104
61 105
61 106
61 107
62 107
62 108
62 109
61 109
61 110
62 110
62 111
62 112
62 113
62 114
62 115
63 115
63 116
63 117
63 118
63 119
63 120
63 121
62 121
62 122
63 122
63 123
63 124
63 125
64 125
64 126
64 127
64 128
64 129
63 129
63 130
64 130
64 131
64 132
64 133
64 134
64 135
64 136
63 136
63 137
64 137
64 138
64 139
64 140
64 141
64 142
63 142
63 143
63 144
63 145
62 145
62 146
62 147
62 148
62 149
62 150
62 151
61 151
61 152
61 153
61 154
61 155
60 155
60 156
60 157
59 157
59 158
59 159
58 159
58 160
58 161
58 162
57 162
57 163
57 164
57 165
56 165
56 166
56 167
55 167
55 168
55 169
55 170
54 170
53 170
53 171
53 172
52 172
52 173
52 174
51 174
51 175
51 176
51 177
51 178
51 179
50 179
50 180
50 181
50 182
50 183
50 184
50 185
50 186
49 186
49 187
49 188
49 189
49 190
48 190
48 191
49 191
49 192
49 193
48 193
48 194
48 195
48 196
49 196
49 197
49 198
48 198
48 199
48 200
49 200
49 201
49 202
49 203
50 203
50 204
50 205
50 206
50 207
50 208
51 208
51 209
51 210
51 211
51 212
51 213
51 214
51 215
51 216
52 216
52 217
52 218
52 219
53 219
53 220
54 220
54 221
55 221
55 222
56 222
56 223
56 224
56 225
57 225
57 226
58 226
58 227
58 228
59 228
59 229
59 230
60 230
60 231
60 232
61 232
61 233
62 233
62 234
63 234
64 234
64 235
65 235
66 235
66 236
66 237
67 237
67 238
68 238
69 238
69 239
69 240
70 240
70 241
71 241
72 241
-2 -2
