199 317
199 318
199 319
198 319
198 320
197 320
197 321
196 321
195 321
195 322
194 322
193 322
192 322
191 322
190 322
190 323
189 323
188 323
187 323
186 323
185 323
184 323
183 323
182 323
181 323
180 323
179 323
179 322
178 322
177 322
176 322
175 322
174 322
173 322
172 322
171 322
170 322
170 321
169 321
168 321
167 321
166 321
165 321
165 320
164 320
163 320
162 320
161 320
160 320
159 320
158 320
157 320
156 320
155 320
154 320
153 320
152 320
151 320
150 320
149 320
148 320
147 320
147 321
146 321
145 321
144 321
144 322
143 322
143 321
142 321
141 321
141 322
140 322
139 322
138 322
137 322
137 323
136 323
135 323
134 323
133 323
133 324
132 324
131 324
130 324
129 324
128 324
128 325
127 325
126 325
125 325
125 326
124 326
124 327
123 327
122 327
121 327
120 327
119 327
118 327
118 328
117 328
116 328
116 329
115 329
115 330
114 330
113 330
112 330
111 330
110 330
109 330
109 331
108 331
107 331
107 332
106 332
106 333
105 333
105 334
104 334
104 335
103 335
103 336
102 336
101 336
101 337
100 337
99 337
99 338
98 338
97 338
96 338
95 338
95 339
95 340
94 340
94 341
94 342
93 342
93 343
93 344
92 344
92 345
92 346
91 346
90 346
90 347
89 347
88 347
88 348
87 348
86 348
86 349
86 350
86 351
86 352
85 352
85 353
85 354
85 355
85 356
85 357
84 357
84 358
83 358
83 359
82 359
82 0
81 0
80 0
80 1
80 2
81 2
81 3
81 4
81 5
80 5
80 6
80 7
80 8
80 9
79 9
79 10
79 11
78 11
78 12
77 12
77 13
77 14
77 15
78 15
78 16
78 17
78 18
77 18
77 19
76 19
76 20
76 21
76 22
77 22
77 23
77 24
77 25
77 26
77 27
77 28
76 28
76 29
76 30
76 31
77 31
77 32
78 32
78 33
78 34
78 35
78 36
77 36
77 37
77 38
78 38
78 39
79 39
79 40
79 41
78 41
78 42
78 43
79 43
79 44
79 45
79 46
79 47
79 48
79 49
80 49
80 50
80 51
80 52
80 53
81 53
81 54
81 55
81 56
81 57
82 57
82 58
82 59
82 60
83 60
83 61
83 62
84 62
84 63
84 64
85 64
85 65
85 66
85 67
86 67
86 68
86 69
87 69
87 70
87 71
87 72
87 73
88 73
88 74
89 74
89 75
89 76
90 76
90 77
90 78
90 79
91 79
91 80
92 80
92 81
92 82
93 82
93 83
93 84
94 84
94 85
95 85
95 86
96 86
96 87
97 87
97 88
98 88
98 89
98 90
99 90
99 91
100 91
101 91
101 92
102 92
102 93
102 94
103 94
103 95
103 96
104 96
104 97
105 97
106 97
107 97
107 98
107 99
107 100
108 100
109 100
109 101
109 102
110 102
110 103
111 103
112 103
112 104
113 104
113 105
114 105
115 105
115 106
116 106
116 107
116 108
117 108
117 109
118 109
118 110
118 111
119 111
119 112
120 112
121 112
121 113
122 113
123 113
123 114
124 114
124 115
125 115
125 116
126 116
126 117
127 117
127 118
128 118
128 119
129 119
129 120
129 121
130 121
130 122
131 122
132 122
132 123
133 123
133 124
133 125
133 126
134 126
134 127
134 128
135 128
135 129
135 130
135 131
136 131
136 132
136 133
136 134
136 135
137 135
137 136
137 137
138 137
138 138
138 139
138 140
138 141
139 141
139 142
139 143
139 144
139 145
139 146
140 146
140 147
140 148
140 149
141 149
141 150
141 151
142 151
142 152
142 153
142 154
142 155
142 156
143 156
143 157
143 158
142 158
142 159
141 159
141 160
141 161
141 162
141 163
141 164
141 165
140 165
140 166
140 167
139 167
139 168
139 169
138 169
137 169
137 170
136 170
135 170
135 171
134 171
134 172
133 172
133 173
132 173
132 174
132 175
131 175
131 176
131 177
130 177
129 177
129 178
128 178
128 179
127 179
127 180
126 180
125 180
124 180
124 181
123 181
123 182
122 182
122 183
121 183
121 184
120 184
119 184
118 184
118 185
117 185
116 185
116 186
115 186
114 186
114 187
113 187
112 187
112 188
111 188
111 189
110 189
109 189
108 189
108 190
107 190
106 190
105 190
104 190
104 191
103 191
103 192
102 192
101 192
101 193
100 193
99 193
98 193
97 193
97 194
96 194
95 194
94 194
93 194
93 195
92 195
91 195
91 196
90 196
90 197
89 197
88 197
87 197
86 197
86 198
85 198
84 198
84 199
83 199
82 199
81 199
80 199
79 199
79 200
78 200
77 200
76 200
76 201
75 201
74 201
74 200
73 200
73 201
72 201
71 201
71 200
70 200
69 200
68 200
67 200
66 200
65 200
64 200
63 200
62 200
61 200
60 200
59 200
58 200
58 199
57 199
56 199
55 199
55 198
54 198
54 197
53 197
52 197
52 196
51 196
50 196
50 195
49 195
49 194
48 194
48 193
48 192
47 192
46 192
46 191
45 191
45 190
45 189
44 189
44 188
44 187
43 187
43 186
43 185
43 184
42 184
42 183
41 183
41 182
41 181
41 180
40 180
40 179
40 178
40 177
40 176
40 175
40 174
40 173
40 172
39 172
39 171
39 170
39 169
39 168
39 167
40 167
40 166
39 166
39 165
39 164
39 163
39 162
40 162
40 161
40 160
40 159
40 158
41 158
41 157
41 156
41 155
42 155
42 154
42 153
42 152
43 152
43 151
44 151
44 150
45 150
45 149
45 148
46 148
46 147
47 147
47 146
48 146
48 145
49 145
49 144
49 143
50 143
50 142
51 142
51 141
51 140
52 140
53 140
54 140
55 140
56 140
57 140
58 140
59 140
59 139
60 139
61 139
62 139
63 139
64 139
65 139
66 139
67 139
68 139
69 139
70 139
71 139
71 140
72 140
73 140
74 140
74 141
75 141
76 141
77 141
77 142
78 142
79 142
79 143
80 143
81 143
81 144
82 144
83 144
83 145
84 145
85 145
85 146
86 146
86 147
87 147
87 148
88 148
89 148
89 149
89 150
90 150
90 151
90 152
90 153
90 154
91 154
92 154
92 155
92 156
91 156
91 157
91 158
91 159
92 159
92 160
93 160
93 161
93 162
94 162
94 163
94 164
93 164
93 165
93 166
93 167
93 168
94 168
95 168
96 168
97 168
97 167
98 167
98 166
98 165
99 165
99 164
100 164
100 163
101 163
102 163
103 163
103 162
104 162
105 162
105 161
105 160
106 160
106 159
107 159
107 158
107 157
108 157
108 156
109 156
109 155
110 155
110 154
111 154
111 153
112 153
112 152
113 152
113 151
113 150
112 150
112 149
111 149
111 148
110 148
110 147
109 147
109 146
108 146
107 146
107 145
106 145
106 144
105 144
104 144
103 144
103 143
102 143
102 142
101 142
100 142
100 141
99 141
98 141
98 140
97 140
96 140
96 139
95 139
94 139
94 138
93 138
92 138
92 137
91 137
91 136
90 136
89 136
89 135
88 135
87 135
87 134
86 134
85 134
85 133
84 133
83 133
83 132
82 132
82 131
81 131
81 130
80 130
80 129
79 129
78 129
78 128
77 128
77 127
76 127
75 127
75 126
74 126
74 125
73 125
73 124
72 124
72 123
72 122
71 122
71 121
70 121
70 120
69 120
68 120
68 119
68 118
67 118
66 118
66 117
65 117
64 117
64 116
63 116
62 116
62 115
62 114
62 113
61 113
61 112
60 112
60 111
59 111
59 110
58 110
58 109
57 109
57 108
56 108
55 108
55 107
55 106
54 106
53 106
53 105
53 104
53 103
53 102
52 102
51 102
51 101
51 100
50 100
50 99
49 99
49 98
48 98
48 97
48 96
48 95
47 95
47 94
47 93
46 93
46 92
46 91
46 90
45 90
45 89
44 89
44 88
43 88
43 87
43 86
43 85
43 84
43 83
43 82
43 81
43 80
43 79
43 78
43 77
43 76
43 75
42 75
42 74
42 73
42 72
42 71
42 70
42 69
42 68
41 68
41 67
41 66
41 65
42 65
42 64
42 63
42 62
42 61
42 60
42 59
42 58
41 58
41 57
41 56
41 55
41 54
41 53
41 52
42 52
42 51
41 51
41 50
41 49
41 48
41 47
41 46
41 45
41 44
41 43
41 42
41 41
40 41
40 40
40 39
40 38
40 37
40 36
41 36
41 35
41 34
40 34
40 33
40 32
40 31
40 30
40 29
40 28
40 27
40 26
40 25
40 24
40 23
40 22
40 21
40 20
40 19
41 19
41 18
41 17
41 16
41 15
41 14
41 13
40 13
40 12
40 11
40 10
40 9
41 9
41 8
42 8
42 7
42 6
42 5
43 5
43 4
43 3
43 2
44 2
44 1
44 0
44 359
44 358
44 357
45 357
45 356
45 355
45 354
45 353
45 352
46 352
46 351
47 351
47 350
48 350
48 349
48 348
49 348
49 347
50 347
50 346
50 345
50 344
51 344
52 344
52 343
52 342
53 342
54 342
55 342
55 341
56 341
56 340
57 340
57 339
57 338
58 338
58 337
58 336
59 336
59 335
60 335
60 334
61 334
62 334
62 333
63 333
64 333
64 332
65 332
65 331
66 331
66 330
65 330
64 330
64 331
63 331
62 331
61 331
60 331
60 332
59 332
58 332
58 333
57 333
56 333
56 334
55 334
54 334
53 334
52 334
51 334
50 334
49 334
48 334
47 334
47 335
46 335
45 335
44 335
44 336
43 336
42 336
41 336
41 337
40 337
40 338
39 338
38 338
37 338
36 338
35 338
34 338
33 338
32 338
31 338
30 338
29 338
29 339
28 339
27 339
26 339
26 338
25 338
25 337
24 337
24 336
23 336
23 335
22 335
21 335
20 335
20 334
19 334
19 333
19 332
18 332
18 331
17 331
17 330
17 329
16 329
16 328
16 327
16 326
15 326
15 325
14 325
13 325
13 324
13 323
13 322
12 322
12 321
12 320
11 320
11 319
11 318
11 317
11 316
10 316
10 315
10 314
11 314
11 313
10 313
10 312
10 311
10 310
10 309
9 309
9 308
9 307
9 306
10 306
10 305
9 305
8 305
8 304
8 303
8 302
9 302
9 301
9 300
9 299
10 299
10 298
9 298
9 297
9 296
9 295
10 295
10 294
10 293
9 293
8 293
8 292
8 291
8 290
9 290
9 289
9 288
8 288
8 287
8 286
8 285
9 285
9 284
10 284
10 283
9 283
8 283
8 282
8 281
8 280
9 280
9 279
9 278
10 278
10 277
9 277
8 277
8 276
8 275
8 274
9 274
9 273
9 272
9 271
8 271
8 270
8 269
9 269
10 269
10 268
10 267
10 266
9 266
9 265
9 264
9 263
10 263
10 262
10 261
9 261
9 260
9 259
9 258
10 258
11 258
11 257
10 257
10 256
9 256
9 255
9 254
9 253
10 253
10 252
9 252
9 251
9 250
9 249
10 249
11 249
11 248
11 247
10 247
10 246
10 245
10 244
11 244
11 243
11 242
12 242
12 241
12 240
13 240
13 239
13 238
13 237
14 237
14 236
15 236
16 236
16 235
17 235
17 234
18 234
18 233
18 232
19 232
19 231
20 231
20 230
20 229
21 229
22 229
22 228
23 228
24 228
24 227
25 227
26 227
26 226
27 226
27 225
28 225
29 225
30 225
31 225
32 225
33 225
34 225
34 226
35 226
36 226
36 227
37 227
38 227
38 228
39 228
39 229
40 229
41 229
41 230
41 231
42 231
42 232
43 232
43 233
43 234
43 235
44 235
44 236
44 237
44 238
44 239
44 240
45 240
45 241
45 242
45 243
44 243
44 244
44 245
44 246
43 246
43 247
44 247
44 248
44 249
43 249
43 250
43 251
42 251
42 252
42 253
41 253
41 254
41 255
41 256
41 257
41 258
40 258
40 259
40 260
40 261
40 262
40 263
40 264
40 265
40 266
40 267
41 267
41 268
41 269
41 270
42 270
42 271
42 272
42 273
43 273
43 274
44 274
44 275
45 275
45 276
45 277
46 277
46 278
47 278
47 279
48 279
48 280
49 280
49 281
50 281
51 281
51 282
51 283
52 283
52 284
53 284
54 284
55 284
55 285
56 285
57 285
57 286
58 286
59 286
59 287
60 287
60 288
61 288
62 288
63 288
63 289
64 289
65 289
66 289
67 289
68 289
68 290
69 290
70 290
71 290
72 290
73 290
73 291
74 291
74 290
75 290
76 290
76 291
77 291
78 291
78 292
79 292
80 292
81 292
82 292
83 292
84 292
85 292
85 293
86 293
87 293
88 293
88 292
89 292
89 293
90 293
91 293
92 293
93 293
94 293
95 293
95 294
96 294
97 294
98 294
99 294
99 295
100 295
101 295
102 295
103 295
104 295
104 296
105 296
106 296
107 296
108 296
108 297
109 297
110 297
111 297
111 296
112 296
112 297
113 297
114 297
115 297
116 297
117 297
118 297
118 298
119 298
120 298
121 298
122 298
123 298
124 298
125 298
125 299
126 299
127 299
128 299
129 299
130 299
131 299
131 300
132 300
133 300
134 300
135 300
136 300
137 300
138 300
138 301
139 301
140 301
141 301
142 301
143 301
143 302
144 302
144 301
145 301
145 302
146 302
147 302
148 302
149 302
149 303
150 303
151 303
152 303
153 303
154 303
154 304
155 304
156 304
157 304
158 304
158 305
159 305
160 305
161 305
162 305
163 305
164 305
164 306
165 306
166 306
167 306
167 307
168 307
169 307
170 307
171 307
172 307
173 307
173 308
174 308
174 307
175 307
175 308
176 308
177 308
177 309
178 309
179 309
180 309
180 310
181 310
182 310
182 311
183 311
184 311
185 311
185 312
186 312
187 312
188 312
188 313
189 313
190 313
191 313
191 314
192 314
193 314
194 314
195 314
195 315
196 315
197 315
197 316
198 316
198 317
199 317
-2 -2
