117 15
117 16
117 17
117 18
116 18
116 19
116 20
116 21
116 22
117 22
117 23
117 24
116 24
116 25
115 25
115 26
116 26
116 27
117 27
117 28
117 29
116 29
116 30
116 31
116 32
116 33
116 34
116 35
116 36
116 37
116 38
116 39
116 40
116 41
115 41
115 42
115 43
115 44
115 45
114 45
114 46
114 47
114 48
114 49
114 50
114 51
114 52
114 53
114 54
115 54
115 55
115 56
115 57
115 58
116 58
116 59
116 60
116 61
116 62
116 63
116 64
116 65
116 66
117 66
117 67
117 68
116 68
116 69
116 70
116 71
116 72
116 73
116 74
116 75
116 76
116 77
116 78
116 79
116 80
116 81
116 82
116 83
115 83
115 84
115 85
115 86
115 87
115 88
115 89
115 90
115 91
115 92
114 92
114 93
114 94
114 95
114 96
114 97
115 97
115 98
115 99
115 100
116 100
116 101
116 102
116 103
116 104
116 105
116 106
116 107
116 108
115 108
115 109
115 110
116 110
116 111
116 112
116 113
116 114
115 114
115 115
115 116
116 116
116 117
116 118
115 118
115 119
115 120
115 121
115 122
115 123
115 124
115 125
116 125
116 126
116 127
115 127
115 128
115 129
115 130
115 131
115 132
115 133
114 133
114 134
114 135
114 136
114 137
114 138
113 138
113 139
113 140
113 141
113 142
113 143
113 144
114 144
114 145
114 146
114 147
115 147
115 148
115 149
115 150
115 151
116 151
116 152
116 153
115 153
115 154
115 155
115 156
116 156
116 157
116 158
115 158
115 159
115 160
114 160
114 161
114 162
115 162
115 163
115 164
115 165
115 166
115 167
115 168
115 169
115 170
115 171
115 172
115 173
114 173
114 174
114 175
114 176
114 177
114 178
114 179
114 180
113 180
113 181
113 182
113 183
113 184
113 185
113 186
113 187
114 187
114 188
114 189
114 190
115 190
115 191
115 192
115 193
115 194
115 195
115 196
115 197
115 198
114 198
114 199
114 200
115 200
115 201
115 202
115 203
115 204
114 204
114 205
115 205
115 206
115 207
115 208
115 209
114 209
114 210
114 211
115 211
115 212
115 213
114 213
114 214
114 215
115 215
115 216
115 217
115 218
115 219
114 219
114 220
114 221
114 222
114 223
114 224
114 225
113 225
113 226
113 227
113 228
113 229
113 230
112 230
112 231
112 232
113 232
113 233
112 233
112 234
113 234
113 235
113 236
113 237
114 237
114 238
114 239
114 240
115 240
115 241
115 242
115 243
115 244
115 245
115 246
115 247
115 248
115 249
115 250
114 250
114 251
114 252
114 253
115 253
115 254
115 255
115 256
115 257
115 258
115 259
115 260
114 260
114 261
115 261
115 262
115 263
114 263
114 264
114 265
114 266
114 267
114 268
114 269
114 270
114 271
114 272
113 272
113 273
113 274
113 275
113 276
113 277
114 277
114 278
114 279
114 280
115 280
115 281
115 282
114 282
114 283
115 283
115 284
115 285
116 285
116 286
116 287
115 287
115 288
115 289
115 290
115 291
115 292
116 292
116 293
116 294
115 294
115 295
115 296
115 297
115 298
115 299
115 300
115 301
115 302
115 303
115 304
115 305
115 306
115 307
115 308
115 309
115 310
115 311
115 312
115 313
114 313
114 314
114 315
114 316
114 317
114 318
114 319
113 319
113 320
113 321
113 322
113 323
113 324
113 325
114 325
114 326
114 327
115 327
115 328
115 329
115 330
115 331
116 331
116 332
116 333
116 334
115 334
115 335
115 336
116 336
116 337
116 338
116 339
116 340
115 340
115 341
115 342
115 343
116 343
116 344
116 345
116 346
116 347
116 348
116 349
116 350
115 350
115 351
115 352
115 353
115 354
115 355
115 356
115 357
115 358
115 359
115 0
115 1
114 1
114 2
114 3
114 4
114 5
114 6
114 7
115 7
115 8
115 9
115 10
116 10
116 11
116 12
116 13
116 14
116 15
117 15
-2 -2
