113 8
113 9
113 10
113 11
113 12
113 13
113 14
113 15
113 16
113 17
112 17
112 18
111 18
111 19
110 19
110 20
110 21
109 21
108 21
108 22
107 22
107 23
107 24
106 24
105 24
105 25
104 25
104 26
103 26
102 26
101 26
100 26
100 27
99 27
98 27
97 27
96 27
96 28
95 28
94 28
93 28
92 28
91 28
91 29
90 29
89 29
88 29
87 29
86 29
86 28
85 28
85 29
84 29
83 29
82 29
81 29
81 28
80 28
79 28
78 28
77 28
77 27
76 27
75 27
74 27
73 27
72 27
71 27
71 26
70 26
69 26
68 26
67 26
66 26
66 25
65 25
64 25
64 24
63 24
62 24
61 24
60 24
60 23
59 23
59 22
58 22
57 22
57 21
56 21
55 21
55 20
54 20
53 20
52 20
52 19
52 18
51 18
51 19
50 19
50 20
50 21
50 22
51 22
51 23
51 24
51 25
51 26
51 27
50 27
50 28
51 28
51 29
51 30
51 31
51 32
52 32
52 33
53 33
53 34
53 35
54 35
54 36
54 37
54 38
55 38
55 39
56 39
56 40
56 41
57 41
57 42
58 42
58 43
59 43
59 44
59 45
60 45
60 46
60 47
61 47
61 48
61 49
62 49
62 50
62 51
63 51
63 52
64 52
64 53
65 53
66 53
66 54
67 54
67 55
68 55
68 56
69 56
69 57
69 58
70 58
70 59
71 59
71 60
72 60
72 61
72 62
73 62
74 62
74 63
75 63
75 64
76 64
77 64
77 65
77 66
78 66
78 67
79 67
79 68
80 68
80 69
80 70
81 70
81 71
81 72
82 72
83 72
83 73
84 73
84 74
85 74
85 75
86 75
86 76
87 76
87 77
87 78
88 78
88 79
89 79
90 79
90 80
91 80
91 81
91 82
92 82
92 83
93 83
94 83
94 84
95 84
95 85
96 85
96 86
97 86
98 86
98 87
99 87
99 88
100 88
100 89
100 90
101 90
102 90
102 91
103 91
103 92
104 92
104 93
105 93
105 94
105 95
106 95
106 96
107 96
107 97
108 97
109 97
109 98
109 99
109 100
110 100
110 101
110 102
110 103
111 103
111 104
111 105
112 105
112 106
112 107
112 108
111 108
111 109
111 110
112 110
112 111
112 112
112 113
112 114
111 114
111 115
111 116
111 117
111 118
111 119
110 119
110 120
110 121
110 122
111 122
111 123
110 123
110 124
110 125
110 126
110 127
109 127
109 128
109 129
109 130
108 130
108 131
108 132
108 133
108 134
107 134
107 135
106 135
106 136
105 136
105 137
105 138
105 139
104 139
104 140
103 140
103 141
102 141
102 142
101 142
101 143
100 143
100 144
99 144
98 144
98 145
97 145
97 146
96 146
96 147
95 147
95 148
94 148
94 149
93 149
93 150
92 150
91 150
91 151
90 151
90 152
89 152
88 152
87 152
87 153
86 153
85 153
85 154
84 154
83 154
83 155
82 155
81 155
80 155
80 156
79 156
78 156
77 156
76 156
76 157
75 157
74 157
73 157
72 157
72 158
71 158
70 158
69 158
68 158
68 157
67 157
66 157
65 157
64 157
63 157
62 157
61 157
60 157
59 157
58 157
58 156
57 156
56 156
55 156
55 155
54 155
53 155
53 154
52 154
52 153
51 153
51 152
50 152
50 151
49 151
49 150
48 150
48 149
48 148
47 148
47 147
46 147
45 147
45 146
45 145
45 144
44 144
43 144
43 143
42 143
42 142
42 141
42 140
41 140
41 139
41 138
41 137
41 136
41 135
41 134
41 133
40 133
40 132
40 131
40 130
40 129
40 128
40 127
40 126
41 126
41 125
41 124
41 123
41 122
42 122
42 121
42 120
43 120
43 119
44 119
44 118
44 117
45 117
45 116
46 116
47 116
47 115
47 114
48 114
48 113
49 113
50 113
50 112
50 111
51 111
52 111
52 110
53 110
53 109
54 109
54 108
55 108
56 108
57 108
58 108
59 108
60 108
60 107
61 107
62 107
63 107
63 108
64 108
65 108
66 108
67 108
68 108
68 109
69 109
70 109
71 109
71 110
72 110
73 110
73 111
74 111
75 111
76 111
76 112
77 112
77 113
78 113
78 114
79 114
79 115
80 115
80 116
80 117
81 117
81 118
82 118
82 119
83 119
83 120
83 121
84 121
84 120
84 119
84 118
85 118
85 117
86 117
86 116
86 115
85 115
85 114
85 113
86 113
86 112
86 111
86 110
85 110
85 109
85 108
84 108
84 107
84 106
83 106
83 105
83 104
82 104
82 103
81 103
80 103
79 103
79 102
79 101
79 100
78 100
78 99
77 99
77 98
76 98
76 97
75 97
75 96
74 96
74 95
73 95
73 94
72 94
72 93
72 92
71 92
71 91
70 91
70 90
69 90
68 90
68 89
68 88
67 88
66 88
65 88
64 88
64 89
63 89
63 90
62 90
61 90
60 90
59 90
59 91
58 91
58 92
57 92
57 93
57 94
57 95
56 95
55 95
55 96
54 96
54 97
53 97
53 98
52 98
52 99
51 99
51 100
51 101
50 101
50 102
49 102
49 103
48 103
48 104
48 105
47 105
46 105
46 106
46 107
45 107
45 108
44 108
44 109
43 109
43 110
43 111
42 111
41 111
41 112
40 112
39 112
39 113
39 114
39 115
38 115
37 115
37 116
36 116
36 117
36 118
35 118
35 119
34 119
34 120
33 120
32 120
31 120
31 121
30 121
29 121
28 121
28 122
27 122
27 123
27 124
26 124
26 125
25 125
25 126
24 126
23 126
23 127
22 127
21 127
20 127
20 128
19 128
18 128
17 128
16 128
16 127
15 127
15 126
14 126
14 127
14 128
13 128
12 128
11 128
11 127
11 126
10 126
10 125
10 124
10 123
11 123
11 122
10 122
9 122
9 121
8 121
7 121
6 121
6 120
6 119
5 119
5 118
4 118
4 117
4 116
4 115
5 115
5 114
4 114
4 113
3 113
3 112
3 111
3 110
4 110
4 109
4 108
4 107
4 106
5 106
5 105
5 104
5 103
4 103
3 103
3 102
3 101
3 100
4 100
4 99
4 98
4 97
4 96
4 95
4 94
4 93
4 92
4 91
3 91
2 91
2 90
2 89
2 88
2 87
2 86
2 85
2 84
2 83
2 82
2 81
2 80
2 79
2 78
2 77
2 76
2 75
2 74
2 73
1 73
1 72
1 71
1 70
1 69
1 68
1 67
1 66
1 65
0 65
0 64
0 63
0 62
1 62
1 61
1 60
0 60
0 59
0 58
0 57
0 56
0 55
0 54
0 53
0 52
0 51
0 50
0 49
0 48
0 47
0 46
-1 46
0 44
0 43
0 42
0 41
0 40
0 39
0 38
0 37
0 36
0 35
0 34
0 33
0 32
0 31
0 30
0 29
0 28
0 27
0 26
0 25
0 24
0 23
0 22
0 21
0 20
0 19
0 18
0 17
0 16
0 15
0 14
0 13
0 12
0 11
0 10
0 9
0 8
0 7
0 6
0 5
0 4
0 3
0 2
0 1
-1 1
0 0
0 359
0 358
0 357
0 356
0 355
0 354
0 353
0 352
0 351
0 350
0 349
0 348
0 347
0 346
0 345
0 344
0 343
0 342
0 341
0 340
0 339
0 338
0 337
0 336
0 335
0 334
0 333
0 332
0 331
0 330
0 329
0 328
0 327
0 326
0 325
0 324
0 323
0 322
0 321
0 320
0 319
0 318
0 317
0 316
-1 316
0 314
0 313
0 312
0 311
0 310
0 309
0 308
0 307
0 306
0 305
0 304
0 303
0 302
0 301
0 300
1 300
1 299
1 298
0 298
0 297
0 296
0 295
1 295
1 294
1 293
1 292
1 291
1 290
1 289
1 288
1 287
1 286
1 285
1 284
1 283
1 282
1 281
1 280
1 279
1 278
1 277
1 276
1 275
1 274
1 273
1 272
1 271
1 270
1 269
2 269
3 269
3 268
3 267
3 266
3 265
3 264
3 263
3 262
3 261
3 260
3 259
3 258
3 257
2 257
2 256
2 255
2 254
3 254
4 254
4 253
4 252
4 251
4 250
3 250
3 249
3 248
3 247
4 247
4 246
4 245
4 244
4 243
4 242
4 241
3 241
3 240
3 239
3 238
4 238
5 238
6 238
6 239
7 239
7 238
7 237
7 236
8 236
8 235
9 235
10 235
10 234
9 234
9 233
9 232
9 231
10 231
10 230
11 230
12 230
13 230
13 231
13 232
14 232
14 231
15 231
15 230
16 230
17 230
18 230
18 229
19 229
20 229
21 229
21 230
21 231
22 231
22 232
22 233
23 233
23 234
24 234
25 234
25 235
26 235
26 236
27 236
27 237
27 238
28 238
29 238
30 238
30 239
31 239
31 240
32 240
33 240
34 240
34 241
34 242
34 243
35 243
36 243
36 244
37 244
37 245
38 245
38 246
38 247
39 247
39 248
40 248
41 248
41 249
42 249
42 250
43 250
43 251
44 251
44 252
44 253
45 253
45 254
46 254
46 255
46 256
47 256
48 256
48 257
48 258
48 259
49 259
50 259
50 260
50 261
51 261
51 262
52 262
52 263
53 263
53 264
54 264
55 264
55 265
56 265
56 266
57 266
57 267
57 268
58 268
58 269
59 269
59 270
60 270
61 270
62 270
62 271
63 271
64 271
64 272
65 272
66 272
67 272
67 271
67 270
68 270
69 270
69 269
70 269
70 268
71 268
71 267
72 267
72 266
73 266
73 265
73 264
73 263
74 263
75 263
76 263
76 262
76 261
77 261
77 260
78 260
78 259
78 258
78 257
79 257
80 257
81 257
81 256
81 255
82 255
82 254
83 254
83 253
83 252
84 252
84 251
84 250
85 250
85 249
85 248
84 248
84 247
84 246
84 245
85 245
85 244
85 243
84 243
84 242
83 242
83 241
83 240
83 239
82 239
82 240
81 240
81 241
81 242
80 242
80 243
79 243
79 244
78 244
78 245
78 246
77 246
77 247
76 247
76 248
75 248
75 249
74 249
73 249
72 249
72 250
71 250
70 250
69 250
69 251
68 251
67 251
66 251
65 251
65 252
64 252
63 252
62 252
61 252
60 252
59 252
58 252
57 252
56 252
55 252
54 252
54 251
53 251
52 251
51 251
51 250
51 249
50 249
50 248
49 248
49 247
48 247
48 246
47 246
46 246
46 245
46 244
45 244
45 243
44 243
43 243
43 242
42 242
42 241
42 240
41 240
41 239
41 238
41 237
40 237
40 236
40 235
40 234
40 233
40 232
40 231
39 231
39 230
39 229
39 228
39 227
40 227
40 226
40 225
40 224
40 223
40 222
40 221
40 220
41 220
41 219
42 219
42 218
42 217
42 216
43 216
43 215
44 215
44 214
44 213
44 212
45 212
46 212
46 211
47 211
47 210
47 209
48 209
48 208
49 208
49 207
49 206
50 206
51 206
51 205
52 205
53 205
53 204
53 203
54 203
55 203
56 203
57 203
57 202
58 202
59 202
60 202
61 202
62 202
63 202
64 202
65 202
66 202
67 202
68 202
69 202
70 202
71 202
72 202
72 203
73 203
73 202
74 202
74 203
75 203
76 203
77 203
78 203
78 204
79 204
80 204
81 204
81 205
82 205
83 205
83 206
84 206
85 206
86 206
86 207
87 207
88 207
89 207
89 208
90 208
90 209
91 209
92 209
92 210
93 210
93 211
94 211
94 212
95 212
95 213
96 213
96 214
97 214
97 215
98 215
98 216
99 216
100 216
100 217
101 217
101 218
102 218
102 219
103 219
103 220
104 220
104 221
104 222
105 222
105 223
105 224
106 224
106 225
107 225
107 226
107 227
107 228
108 228
108 229
108 230
109 230
109 231
109 232
109 233
109 234
109 235
109 236
110 236
110 237
110 238
110 239
109 239
109 240
109 241
110 241
110 242
110 243
110 244
111 244
111 245
111 246
111 247
111 248
111 249
111 250
111 251
111 252
111 253
111 254
111 255
110 255
110 256
110 257
109 257
109 258
109 259
109 260
108 260
108 261
108 262
108 263
107 263
106 263
106 264
105 264
105 265
104 265
104 266
104 267
103 267
103 268
102 268
102 269
101 269
101 270
100 270
99 270
99 271
99 272
98 272
98 273
97 273
96 273
96 274
96 275
95 275
94 275
94 276
93 276
93 277
92 277
91 277
91 278
90 278
90 279
90 280
89 280
89 281
88 281
87 281
87 282
86 282
86 283
86 284
85 284
85 285
84 285
83 285
83 286
83 287
82 287
82 288
81 288
81 289
80 289
80 290
79 290
79 291
79 292
78 292
77 292
77 293
77 294
76 294
76 295
75 295
75 296
75 297
74 297
73 297
73 298
72 298
72 299
71 299
71 300
70 300
70 301
69 301
69 302
69 303
68 303
68 304
67 304
67 305
67 306
66 306
66 307
65 307
64 307
64 308
63 308
63 309
62 309
62 310
62 311
61 311
60 311
60 312
60 313
60 314
59 314
58 314
58 315
58 316
58 317
58 318
57 318
57 319
56 319
56 320
56 321
55 321
55 322
54 322
54 323
54 324
54 325
53 325
53 326
53 327
52 327
52 328
51 328
51 329
51 330
51 331
51 332
50 332
50 333
50 334
50 335
50 336
50 337
50 338
50 339
50 340
50 341
50 342
50 343
50 344
51 344
51 343
52 343
52 342
52 341
53 341
54 341
55 341
55 340
56 340
56 339
57 339
58 339
58 338
59 338
59 337
60 337
61 337
62 337
62 336
63 336
64 336
64 335
65 335
66 335
67 335
68 335
69 335
69 334
70 334
71 334
72 334
73 334
73 333
74 333
75 333
76 333
77 333
78 333
78 332
79 332
80 332
81 332
82 332
83 332
84 332
85 332
86 332
87 332
88 332
88 331
89 331
89 332
90 332
91 332
92 332
93 332
94 332
94 333
95 333
96 333
97 333
98 333
98 334
99 334
100 334
101 334
101 335
102 335
103 335
103 336
104 336
105 336
105 337
106 337
106 338
107 338
107 339
108 339
108 340
109 340
110 340
110 341
110 342
111 342
111 343
112 343
112 344
112 345
112 346
113 346
113 347
113 348
113 349
113 350
113 351
113 352
113 353
112 353
111 353
111 354
111 355
110 355
110 356
109 356
109 357
108 357
108 358
107 358
107 359
106 359
105 359
104 359
104 0
104 1
105 1
105 2
106 2
107 2
108 2
108 3
109 3
109 4
109 5
110 5
110 6
111 6
111 7
112 7
112 8
113 8
-2 -2
