169 88
169 89
169 90
169 91
169 92
168 92
167 92
166 92
165 92
164 92
163 92
162 92
162 93
161 93
160 93
160 94
159 94
158 94
157 94
156 94
156 95
155 95
154 95
153 95
152 95
152 96
151 96
150 96
149 96
148 96
147 96
146 96
146 97
145 97
145 98
144 98
143 98
142 98
141 98
140 98
139 98
139 99
138 99
137 99
137 100
136 100
135 100
134 100
133 100
133 101
132 101
131 101
130 101
129 101
128 101
128 102
127 102
126 102
125 102
125 103
124 103
123 103
123 104
122 104
121 104
120 104
119 104
119 105
118 105
117 105
117 106
117 107
116 107
115 107
114 107
113 107
112 107
112 108
111 108
110 108
110 109
109 109
108 109
107 109
107 110
106 110
105 110
104 110
103 110
102 110
102 111
101 111
100 111
99 111
98 111
97 111
96 111
95 111
94 111
93 111
92 111
92 112
91 112
91 113
91 114
90 114
90 115
90 116
90 117
91 117
91 118
92 118
92 119
93 119
93 120
93 121
93 122
93 123
93 124
93 125
93 126
94 126
94 127
93 127
93 128
93 129
93 130
93 131
92 131
92 132
92 133
91 133
91 134
90 134
90 135
90 136
90 137
89 137
88 137
88 138
88 139
87 139
87 140
86 140
86 141
85 141
84 141
84 142
83 142
83 143
82 143
82 144
81 144
81 145
80 145
80 146
79 146
79 147
78 147
77 147
77 148
77 149
76 149
76 150
75 150
75 151
74 151
74 152
74 153
74 154
73 154
73 155
74 155
75 155
76 155
76 156
76 157
77 157
78 157
79 157
80 157
80 158
81 158
82 158
82 159
83 159
83 160
84 160
84 161
85 161
86 161
86 162
87 162
87 163
88 163
89 163
89 164
90 164
90 165
91 165
91 166
92 166
93 166
93 167
94 167
94 168
95 168
95 169
96 169
97 169
97 170
98 170
98 171
99 171
99 172
99 173
100 173
101 173
101 174
102 174
103 174
103 175
103 176
103 177
103 178
104 178
104 179
104 180
105 180
105 181
105 182
106 182
106 183
106 184
106 185
106 186
106 187
106 188
106 189
106 190
105 190
105 191
106 191
106 192
106 193
106 194
106 195
106 196
105 196
105 197
105 198
105 199
104 199
104 200
104 201
103 201
103 202
103 203
102 203
102 204
102 205
102 206
102 207
101 207
101 208
101 209
101 210
101 211
100 211
100 212
100 213
101 213
101 214
101 215
101 216
101 217
101 218
102 218
102 219
102 220
103 220
103 221
103 222
103 223
104 223
104 224
104 225
104 226
105 226
105 227
105 228
106 228
106 229
106 230
106 231
107 231
107 232
108 232
108 233
108 234
108 235
109 235
109 236
110 236
110 237
110 238
110 239
111 239
111 240
112 240
112 241
112 242
112 243
113 243
113 244
113 245
114 245
114 246
115 246
115 247
116 247
116 248
117 248
117 249
118 249
118 250
119 250
119 251
119 252
120 252
121 252
121 253
122 253
122 254
123 254
124 254
124 255
125 255
125 256
126 256
127 256
128 256
128 257
129 257
129 258
130 258
131 258
131 259
132 259
133 259
133 260
134 260
134 261
135 261
136 261
137 261
137 262
138 262
139 262
139 263
140 263
141 263
142 263
142 264
143 264
144 264
145 264
146 264
147 264
148 264
149 264
149 265
150 265
150 266
151 266
152 266
153 266
154 266
154 267
155 267
155 268
156 268
157 268
158 268
159 268
159 269
159 270
159 271
159 272
158 272
158 273
157 273
156 273
155 273
154 273
154 274
153 274
152 274
152 275
151 275
150 275
149 275
149 276
148 276
147 276
146 276
145 276
145 277
144 277
143 277
142 277
141 277
140 277
140 278
139 278
138 278
138 279
137 279
136 279
135 279
135 280
134 280
134 281
133 281
132 281
132 282
131 282
130 282
129 282
129 283
128 283
128 284
127 284
126 284
126 285
125 285
125 286
124 286
123 286
123 287
122 287
122 288
121 288
120 288
120 289
119 289
119 290
118 290
118 291
117 291
117 292
117 293
116 293
116 294
115 294
115 295
114 295
114 296
114 297
113 297
113 298
112 298
112 299
112 300
112 301
111 301
110 301
110 302
110 303
110 304
110 305
109 305
109 306
109 307
108 307
108 308
108 309
108 310
107 310
107 311
107 312
107 313
106 313
106 314
105 314
105 315
105 316
105 317
104 317
104 318
103 318
103 319
103 320
103 321
102 321
102 322
102 323
102 324
102 325
102 326
101 326
101 327
101 328
101 329
101 330
102 330
102 331
102 332
102 333
102 334
103 334
103 335
103 336
103 337
104 337
104 338
104 339
105 339
105 340
105 341
105 342
106 342
106 343
107 343
107 344
107 345
107 346
107 347
107 348
107 349
107 350
107 351
107 352
107 353
107 354
107 355
107 356
107 357
107 358
106 358
106 359
106 0
105 0
105 1
105 2
104 2
104 3
104 4
104 5
103 5
103 6
102 6
102 7
101 7
100 7
100 8
100 9
99 9
99 10
98 10
97 10
97 11
96 11
96 12
95 12
95 13
94 13
93 13
93 14
92 14
92 15
91 15
91 16
90 16
90 17
89 17
88 17
88 18
87 18
87 19
86 19
85 19
85 20
84 20
84 21
83 21
83 22
82 22
81 22
80 22
80 23
79 23
78 23
77 23
76 23
76 24
76 25
75 25
74 25
74 26
75 26
75 27
75 28
76 28
76 29
77 29
77 30
77 31
77 32
78 32
78 33
79 33
79 34
80 34
80 35
81 35
82 35
82 36
83 36
83 37
84 37
85 37
85 38
86 38
86 39
87 39
87 40
88 40
88 41
89 41
90 41
90 42
90 43
91 43
91 44
92 44
92 45
92 46
92 47
93 47
93 48
93 49
93 50
94 50
94 51
94 52
94 53
94 54
94 55
93 55
93 56
94 56
94 57
94 58
94 59
94 60
93 60
93 61
92 61
92 62
91 62
91 63
90 63
90 64
90 65
90 66
91 66
91 67
92 67
92 68
93 68
94 68
94 69
95 69
95 68
96 68
97 68
97 69
98 69
99 69
99 68
100 68
100 69
101 69
102 69
103 69
104 69
105 69
105 70
106 70
107 70
108 70
108 71
109 71
110 71
110 72
111 72
112 72
113 72
114 72
115 72
116 72
116 73
117 73
117 74
118 74
118 75
119 75
120 75
121 75
122 75
122 76
123 76
124 76
125 76
125 77
126 77
126 78
127 78
128 78
129 78
130 78
131 78
131 79
132 79
133 79
134 79
135 79
136 79
137 79
137 80
137 81
138 81
139 81
140 81
141 81
142 81
143 81
143 82
144 82
145 82
146 82
146 83
147 83
148 83
148 84
149 84
150 84
151 84
152 84
153 84
154 84
154 85
155 85
156 85
157 85
157 86
158 86
159 86
160 86
160 87
161 87
162 87
163 87
164 87
165 87
166 87
167 87
168 87
168 88
169 88
-2 -2
