198 220
198 221
198 222
198 223
197 223
197 224
197 225
196 225
195 225
195 226
194 226
193 226
192 226
191 226
191 227
190 227
189 227
188 227
188 228
187 228
186 228
185 228
185 229
184 229
183 229
182 229
182 230
181 230
180 230
180 231
179 231
178 231
177 231
177 232
176 232
175 232
175 233
174 233
173 233
172 233
171 233
170 233
169 233
169 234
168 234
167 234
166 234
165 234
164 234
164 235
163 235
162 235
161 235
160 235
159 235
158 235
158 236
157 236
156 236
155 236
155 237
154 237
153 237
152 237
151 237
150 237
150 238
149 238
148 238
147 238
146 238
146 239
145 239
144 239
143 239
142 239
141 239
141 240
140 240
140 239
139 239
139 240
138 240
137 240
136 240
135 240
134 240
133 240
132 240
132 241
131 241
130 241
129 241
128 241
127 241
126 241
125 241
125 242
124 242
123 242
122 242
121 242
120 242
120 243
119 243
118 243
117 243
116 243
115 243
114 243
114 244
113 244
112 244
111 244
110 244
109 244
108 244
107 244
106 244
105 244
105 245
104 245
103 245
102 245
101 245
101 246
100 246
99 246
98 246
97 246
96 246
96 247
95 247
94 247
93 247
92 247
92 248
91 248
91 247
90 247
90 248
89 248
88 248
87 248
86 248
85 248
85 249
84 249
83 249
82 249
81 249
80 249
79 249
78 249
78 250
77 250
76 250
75 250
74 250
73 250
73 251
72 251
72 250
71 250
71 251
70 251
69 251
68 251
68 252
67 252
66 252
65 252
64 252
63 252
63 253
62 253
61 253
60 253
60 254
59 254
59 255
58 255
57 255
56 255
55 255
55 256
55 257
54 257
53 257
52 257
52 258
51 258
51 259
50 259
49 259
49 260
49 261
48 261
48 262
47 262
47 263
46 263
46 264
45 264
45 265
45 266
44 266
44 267
44 268
43 268
43 269
43 270
42 270
41 270
41 271
41 272
41 273
41 274
41 275
41 276
40 276
40 277
40 278
40 279
40 280
40 281
40 282
41 282
41 283
41 284
41 285
41 286
41 287
42 287
42 288
42 289
42 290
43 290
43 291
44 291
44 292
44 293
44 294
44 295
44 296
44 297
45 297
45 298
45 299
45 300
45 301
45 302
45 303
45 304
44 304
44 305
44 306
44 307
43 307
43 308
43 309
42 309
42 310
42 311
41 311
40 311
40 312
39 312
39 313
39 314
38 314
38 315
37 315
36 315
36 316
35 316
34 316
33 316
32 316
31 316
30 316
29 316
28 316
27 316
27 315
26 315
25 315
25 314
25 313
24 313
23 313
22 313
21 313
20 313
19 313
19 312
19 311
18 311
18 310
17 310
17 309
17 308
16 308
16 307
15 307
15 306
14 306
13 306
13 305
12 305
12 304
12 303
12 302
11 302
11 301
11 300
10 300
10 299
10 298
10 297
11 297
11 296
10 296
10 295
10 294
10 293
11 293
11 292
11 291
10 291
9 291
9 290
9 289
9 288
10 288
10 287
9 287
9 286
9 285
9 284
10 284
10 283
11 283
11 282
10 282
9 282
9 281
9 280
9 279
10 279
10 278
10 277
9 277
8 277
8 276
8 275
8 274
9 274
9 273
9 272
9 271
8 271
8 270
8 269
9 269
9 268
9 267
9 266
8 266
8 265
8 264
8 263
9 263
10 263
10 262
9 262
9 261
9 260
8 260
8 259
8 258
8 257
9 257
10 257
10 256
9 256
9 255
8 255
8 254
8 253
8 252
9 252
9 251
9 250
8 250
8 249
8 248
8 247
9 247
10 247
10 246
10 245
9 245
9 244
9 243
9 242
8 242
8 241
8 240
8 239
9 239
9 238
8 238
8 237
8 236
8 235
9 235
10 235
10 234
9 234
9 233
9 232
9 231
10 231
10 230
10 229
10 228
10 227
11 227
11 226
10 226
10 225
10 224
11 224
11 223
11 222
11 221
11 220
12 220
12 219
12 218
13 218
13 217
13 216
13 215
14 215
15 215
15 214
16 214
16 213
16 212
16 211
17 211
17 210
17 209
18 209
18 208
19 208
19 207
19 206
20 206
21 206
22 206
22 205
23 205
23 204
24 204
24 203
25 203
25 202
26 202
26 201
27 201
28 201
29 201
29 202
30 202
30 203
31 203
32 203
33 203
34 203
35 203
35 204
36 204
36 203
37 203
38 203
39 203
39 204
40 204
41 204
41 205
42 205
43 205
44 205
45 205
45 206
46 206
47 206
48 206
48 207
49 207
50 207
51 207
52 207
53 207
54 207
55 207
56 207
56 208
57 208
58 208
58 209
59 209
60 209
61 209
61 210
62 210
62 211
63 211
64 211
65 211
65 210
65 209
64 209
64 208
63 208
62 208
61 208
61 207
61 206
60 206
59 206
59 205
58 205
58 204
57 204
57 203
57 202
56 202
56 201
56 200
56 199
55 199
54 199
54 198
53 198
52 198
52 197
51 197
51 196
50 196
49 196
49 195
49 194
49 193
49 192
48 192
47 192
47 191
47 190
46 190
46 189
45 189
45 188
44 188
44 187
44 186
44 185
44 184
44 183
44 182
44 181
44 180
43 180
43 179
43 178
43 177
43 176
42 176
42 175
41 175
41 174
41 173
40 173
40 172
40 171
40 170
40 169
39 169
39 168
39 167
40 167
40 166
40 165
40 164
40 163
40 162
40 161
40 160
40 159
40 158
40 157
39 157
39 156
39 155
39 154
39 153
39 152
39 151
39 150
39 149
39 148
39 147
39 146
40 146
40 145
40 144
40 143
40 142
40 141
39 141
39 140
39 139
40 139
40 138
40 137
40 136
40 135
40 134
40 133
40 132
40 131
40 130
40 129
40 128
41 128
41 127
41 126
41 125
41 124
41 123
41 122
41 121
41 120
41 119
42 119
42 118
42 117
42 116
42 115
41 115
41 114
41 113
41 112
41 111
41 110
41 109
42 109
42 108
42 107
42 106
42 105
42 104
43 104
43 103
42 103
42 102
42 101
42 100
43 100
43 99
43 98
43 97
43 96
43 95
43 94
43 93
43 92
43 91
44 91
44 90
44 89
45 89
46 89
46 88
46 87
46 86
47 86
47 85
47 84
48 84
48 83
48 82
49 82
49 81
49 80
50 80
50 79
51 79
51 78
52 78
52 77
53 77
53 76
53 75
53 74
54 74
54 73
55 73
55 72
55 71
56 71
57 71
58 71
58 70
58 69
59 69
60 69
60 68
61 68
61 67
62 67
62 66
62 65
62 64
63 64
63 63
64 63
64 62
65 62
66 62
66 61
67 61
68 61
68 60
69 60
70 60
70 59
71 59
71 58
72 58
72 57
72 56
73 56
73 55
74 55
74 54
75 54
76 54
76 53
77 53
77 52
78 52
78 51
79 51
80 51
80 50
81 50
81 49
82 49
82 48
83 48
83 47
84 47
85 47
85 46
86 46
86 45
87 45
88 45
89 45
89 44
90 44
91 44
91 43
92 43
92 42
93 42
94 42
95 42
95 41
96 41
96 40
97 40
98 40
98 39
99 39
100 39
100 38
101 38
102 38
102 37
103 37
103 36
104 36
105 36
106 36
106 35
107 35
108 35
108 34
109 34
109 33
110 33
111 33
111 32
112 32
112 31
113 31
113 30
113 29
114 29
114 28
113 28
113 27
112 27
112 26
111 26
111 25
110 25
110 24
109 24
109 23
109 22
108 22
108 21
107 21
107 20
106 20
106 19
106 18
105 18
104 18
104 17
103 17
103 16
102 16
101 16
101 15
100 15
100 14
99 14
99 13
98 13
98 12
97 12
96 12
95 12
94 12
94 13
94 14
94 15
94 16
94 17
94 18
94 19
93 19
93 20
93 21
92 21
92 22
93 22
93 23
93 24
93 25
92 25
92 26
92 27
91 27
91 28
91 29
91 30
90 30
90 31
89 31
89 32
88 32
88 33
87 33
86 33
86 34
85 34
85 35
84 35
83 35
83 36
82 36
81 36
81 37
80 37
79 37
79 38
78 38
77 38
77 39
76 39
75 39
74 39
73 39
73 40
72 40
71 40
70 40
70 41
69 41
68 41
67 41
66 41
66 40
65 40
64 40
63 40
62 40
61 40
60 40
59 40
58 40
58 39
57 39
56 39
55 39
54 39
53 39
53 38
52 38
51 38
51 37
51 36
50 36
50 35
49 35
49 34
49 33
48 33
47 33
47 32
46 32
46 31
46 30
45 30
45 29
44 29
44 28
43 28
43 27
43 26
43 25
42 25
42 24
42 23
42 22
41 22
41 21
41 20
41 19
41 18
40 18
40 17
40 16
40 15
41 15
41 14
41 13
40 13
40 12
40 11
40 10
40 9
40 8
41 8
41 7
41 6
41 5
41 4
41 3
41 2
41 1
41 0
42 0
42 359
42 358
42 357
43 357
43 356
44 356
44 355
44 354
45 354
45 353
45 352
45 351
46 351
46 350
46 349
47 349
47 348
48 348
49 348
49 347
49 346
50 346
50 345
51 345
51 344
52 344
53 344
54 344
54 343
55 343
55 342
56 342
57 342
57 341
58 341
59 341
59 340
60 340
61 340
62 340
63 340
64 340
65 340
66 340
67 340
68 340
69 340
70 340
71 340
71 339
72 339
73 339
73 340
74 340
75 340
76 340
77 340
78 340
79 340
79 341
80 341
81 341
82 341
83 341
84 341
84 342
85 342
86 342
87 342
87 343
88 343
89 343
90 343
90 344
91 344
92 344
92 345
93 345
94 345
95 345
95 346
96 346
97 346
97 347
98 347
99 347
100 347
101 347
101 348
102 348
103 348
104 348
104 349
105 349
105 350
106 350
107 350
108 350
108 351
109 351
110 351
111 351
112 351
112 352
113 352
113 353
114 353
115 353
115 354
116 354
117 354
117 355
118 355
119 355
119 356
120 356
121 356
121 357
122 357
123 357
123 358
124 358
124 359
125 359
125 0
126 0
127 0
128 0
128 1
129 1
129 2
130 2
130 3
131 3
132 3
132 4
133 4
133 5
133 6
133 7
134 7
134 8
135 8
135 9
136 9
137 9
137 10
138 10
138 11
139 11
140 11
140 12
140 13
141 13
141 14
141 15
142 15
142 16
143 16
143 17
143 18
142 18
142 19
142 20
142 21
143 21
143 22
143 23
144 23
144 24
144 25
143 25
143 26
143 27
143 28
142 28
142 29
142 30
142 31
141 31
141 32
141 33
141 34
140 34
140 35
140 36
140 37
140 38
139 38
139 39
139 40
139 41
139 42
138 42
138 43
138 44
138 45
137 45
137 46
137 47
137 48
136 48
136 49
136 50
136 51
136 52
135 52
135 53
134 53
134 54
134 55
134 56
133 56
133 57
132 57
132 58
131 58
130 58
130 59
129 59
129 60
129 61
129 62
128 62
127 62
127 63
126 63
126 64
125 64
125 65
124 65
123 65
123 66
122 66
122 67
121 67
121 68
120 68
119 68
119 69
118 69
118 70
118 71
117 71
117 72
116 72
116 73
116 74
115 74
115 75
114 75
113 75
113 76
112 76
112 77
111 77
110 77
109 77
109 78
109 79
108 79
107 79
107 80
107 81
107 82
107 83
106 83
105 83
104 83
103 83
103 84
103 85
102 85
102 86
102 87
101 87
101 88
100 88
100 89
99 89
99 90
98 90
97 90
97 91
97 92
96 92
96 93
95 93
95 94
95 95
94 95
93 95
93 96
93 97
92 97
92 98
92 99
91 99
91 100
90 100
90 101
89 101
89 102
90 102
90 103
89 103
89 104
89 105
88 105
88 106
87 106
87 107
87 108
87 109
86 109
86 110
86 111
85 111
85 112
85 113
84 113
84 114
84 115
84 116
83 116
83 117
83 118
83 119
82 119
82 120
82 121
81 121
81 122
81 123
81 124
80 124
80 125
80 126
79 126
79 127
79 128
80 128
80 129
79 129
79 130
79 131
78 131
78 132
78 133
78 134
78 135
78 136
77 136
77 137
77 138
77 139
77 140
77 141
77 142
76 142
76 143
76 144
77 144
77 145
77 146
77 147
77 148
76 148
76 149
75 149
75 150
75 151
75 152
76 152
76 153
76 154
76 155
76 156
76 157
76 158
75 158
75 159
75 160
75 161
75 162
76 162
77 162
77 163
77 164
76 164
76 165
76 166
76 167
76 168
77 168
77 169
77 170
78 170
78 171
79 171
79 172
79 173
79 174
79 175
79 176
79 177
79 178
79 179
79 180
80 180
81 180
81 181
82 181
82 182
83 182
83 183
84 183
84 184
84 185
84 186
84 187
84 188
85 188
85 189
85 190
85 191
85 192
86 192
87 192
87 193
88 193
88 194
89 194
90 194
91 194
91 195
91 196
92 196
92 197
92 198
93 198
93 199
93 200
94 200
94 201
94 202
95 202
96 202
97 202
97 203
98 203
99 203
100 203
100 204
101 204
101 205
102 205
103 205
103 206
104 206
104 207
105 207
105 208
106 208
106 209
107 209
108 209
108 210
109 210
110 210
111 210
112 210
113 210
113 211
114 211
115 211
115 212
116 212
116 213
117 213
118 213
119 213
120 213
121 213
122 213
123 213
123 214
124 214
124 215
125 215
126 215
127 215
127 216
128 216
129 216
130 216
130 217
131 217
131 216
132 216
132 217
133 217
134 217
135 217
135 218
136 218
137 218
137 219
138 219
139 219
140 219
141 219
142 219
143 219
144 219
145 219
146 219
146 220
147 220
148 220
149 220
150 220
151 220
152 220
153 220
153 221
154 221
154 220
155 220
156 220
157 220
158 220
159 220
160 220
161 220
162 220
163 220
164 220
165 220
166 220
167 220
167 219
168 219
169 219
170 219
170 218
171 218
172 218
173 218
174 218
175 218
176 218
177 218
178 218
179 218
180 218
180 217
181 217
181 218
182 218
182 217
183 217
184 217
185 217
186 217
187 217
187 218
188 218
189 218
190 218
191 218
192 218
193 218
194 218
194 219
195 219
196 219
196 220
197 220
198 220
-2 -2
