36 103
36 104
36 105
36 106
36 107
36 108
35 108
35 109
35 110
35 111
35 112
35 113
35 114
35 115
35 116
35 117
35 118
35 119
35 120
35 121
36 121
36 122
36 123
36 124
36 125
36 126
35 126
35 127
35 128
35 129
35 130
35 131
35 132
35 133
35 134
36 134
36 135
36 136
35 136
35 137
35 138
35 139
35 140
35 141
35 142
35 143
35 144
34 144
34 145
34 146
34 147
35 147
35 148
35 149
34 149
34 150
34 151
34 152
34 153
34 154
34 155
34 156
34 157
34 158
34 159
34 160
33 160
33 161
33 162
33 163
33 164
33 165
33 166
32 166
32 167
32 168
32 169
32 170
32 171
32 172
32 173
32 174
32 175
32 176
32 177
33 177
33 178
33 179
33 180
33 181
33 182
33 183
33 184
33 185
33 186
33 187
33 188
33 189
33 190
33 191
33 192
33 193
33 194
33 195
33 196
33 197
33 198
33 199
33 200
34 200
34 201
34 202
34 203
33 203
33 204
34 204
34 205
34 206
34 207
34 208
34 209
34 210
33 210
33 211
33 212
33 213
33 214
33 215
33 216
33 217
33 218
33 219
33 220
33 221
33 222
32 222
32 223
32 224
32 225
32 226
32 227
32 228
33 228
33 229
33 230
33 231
33 232
33 233
33 234
33 235
33 236
33 237
33 238
33 239
33 240
34 240
34 241
34 242
34 243
34 244
34 245
34 246
33 246
33 247
34 247
34 248
34 249
34 250
33 250
33 251
33 252
33 253
33 254
33 255
33 256
33 257
33 258
33 259
33 260
33 261
33 262
33 263
33 264
33 265
33 266
33 267
33 268
33 269
33 270
33 271
33 272
33 273
32 273
32 274
32 275
32 276
32 277
32 278
32 279
32 280
32 281
32 282
32 283
32 284
33 284
33 285
33 286
33 287
33 288
33 289
33 290
34 290
34 291
34 292
34 293
35 293
35 294
35 295
35 296
34 296
34 297
34 298
35 298
35 299
35 300
35 301
35 302
35 303
34 303
34 304
35 304
35 305
35 306
35 307
35 308
35 309
35 310
35 311
35 312
35 313
35 314
36 314
36 315
36 316
35 316
35 317
35 318
35 319
35 320
35 321
35 322
35 323
35 324
36 324
36 325
36 326
36 327
36 328
36 329
35 329
35 330
35 331
35 332
35 333
35 334
35 335
35 336
35 337
35 338
35 339
35 340
35 341
35 342
36 342
36 343
36 344
36 345
36 346
36 347
35 347
35 348
35 349
35 350
35 351
35 352
35 353
35 354
35 355
35 356
35 357
35 358
35 359
35 0
34 0
34 1
34 2
34 3
33 3
33 4
33 5
33 6
33 7
32 7
32 8
32 9
32 10
32 11
32 12
31 12
31 13
31 14
32 14
32 15
32 16
32 17
32 18
32 19
32 20
32 21
32 22
32 23
32 24
31 24
31 25
30 25
30 26
30 27
30 28
30 29
31 29
31 30
31 31
30 31
30 32
30 33
30 34
30 35
30 36
30 37
29 37
29 38
29 39
29 40
29 41
29 42
29 43
29 44
29 45
29 46
29 47
29 48
29 49
29 50
29 51
29 52
29 53
30 53
30 54
30 55
30 56
30 57
30 58
30 59
31 59
31 60
31 61
31 62
31 63
31 64
30 64
30 65
31 65
31 66
31 67
31 68
32 68
32 69
32 70
32 71
32 72
32 73
32 74
32 75
32 76
31 76
31 77
31 78
32 78
32 79
32 80
32 81
32 82
32 83
33 83
33 84
33 85
33 86
33 87
33 88
33 89
33 90
34 90
34 91
34 92
35 92
35 93
35 94
35 95
35 96
35 97
35 98
35 99
35 100
35 101
35 102
35 103
36 103
-2 -2
