47 23
47 24
47 25
47 26
46 26
45 26
45 27
45 28
45 29
45 30
44 30
44 31
44 32
44 33
44 34
44 35
44 36
44 37
43 37
43 38
42 38
42 39
42 40
42 41
41 41
40 41
40 42
39 42
39 43
39 44
38 44
38 45
37 45
37 46
37 47
36 47
36 48
36 49
35 49
35 50
35 51
34 51
34 52
34 53
33 53
33 54
33 55
32 55
32 56
32 57
32 58
31 58
31 59
31 60
31 61
30 61
30 62
30 63
30 64
30 65
29 65
29 66
29 67
29 68
29 69
28 69
28 70
28 71
28 72
28 73
28 74
27 74
27 75
27 76
27 77
27 78
28 78
28 79
28 80
28 81
28 82
28 83
28 84
28 85
28 86
29 86
29 87
29 88
29 89
28 89
28 90
28 91
29 91
29 92
29 93
29 94
30 94
30 95
30 96
30 97
30 98
30 99
30 100
30 101
30 102
31 102
31 103
31 104
32 104
32 105
32 106
32 107
32 108
32 109
32 110
33 110
33 111
33 112
33 113
33 114
34 114
34 115
34 116
34 117
34 118
35 118
35 119
35 120
35 121
36 121
36 122
36 123
37 123
37 124
37 125
38 125
38 126
38 127
39 127
39 128
39 129
40 129
40 130
41 130
41 131
41 132
42 132
42 133
42 134
42 135
42 136
42 137
42 138
42 139
42 140
42 141
43 141
43 142
44 142
44 143
44 144
44 145
44 146
45 146
45 147
45 148
44 148
44 149
44 150
43 150
43 151
43 152
43 153
43 154
43 155
43 156
42 156
42 157
42 158
42 159
41 159
40 159
40 160
40 161
40 162
39 162
39 163
39 164
39 165
38 165
38 166
38 167
37 167
36 167
36 168
36 169
35 169
35 170
34 170
34 171
33 171
32 171
32 172
31 172
31 173
31 174
30 174
29 174
29 175
28 175
27 175
26 175
26 176
26 177
25 177
25 178
25 179
24 179
23 179
23 180
23 181
24 181
24 182
24 183
24 184
24 185
24 186
23 186
23 187
23 188
23 189
22 189
22 190
22 191
22 192
21 192
21 193
21 194
21 195
21 196
21 197
21 198
22 198
22 199
22 200
22 201
21 201
21 202
21 203
21 204
22 204
22 205
22 206
22 207
22 208
22 209
22 210
22 211
23 211
23 212
23 213
23 214
23 215
23 216
23 217
23 218
24 218
24 219
24 220
25 220
25 221
25 222
25 223
25 224
26 224
26 225
27 225
28 225
28 226
29 226
29 227
29 228
30 228
30 229
31 229
32 229
32 230
33 230
33 231
33 232
34 232
34 233
35 233
35 234
36 234
36 235
36 236
36 237
37 237
37 238
38 238
38 239
38 240
38 241
39 241
39 242
39 243
39 244
39 245
40 245
40 246
40 247
40 248
41 248
41 249
41 250
42 250
42 251
42 252
42 253
42 254
42 255
42 256
42 257
41 257
41 258
41 259
41 260
41 261
41 262
41 263
41 264
41 265
41 266
40 266
40 267
39 267
39 268
39 269
39 270
38 270
37 270
37 271
37 272
37 273
36 273
36 274
36 275
36 276
36 277
36 278
35 278
35 279
35 280
34 280
33 280
33 281
33 282
33 283
33 284
33 285
33 286
32 286
32 287
32 288
31 288
31 289
30 289
30 290
30 291
30 292
30 293
30 294
29 294
29 295
29 296
29 297
29 298
29 299
28 299
28 300
27 300
27 301
27 302
27 303
27 304
27 305
27 306
27 307
27 308
27 309
27 310
27 311
27 312
27 313
27 314
27 315
26 315
26 316
25 316
25 317
26 317
26 318
26 319
26 320
26 321
26 322
26 323
26 324
26 325
26 326
27 326
27 327
27 328
27 329
26 329
26 330
26 331
26 332
26 333
26 334
26 335
26 336
26 337
26 338
26 339
26 340
26 341
27 341
27 342
27 343
27 344
28 344
28 345
28 346
29 346
29 347
29 348
29 349
29 350
29 351
30 351
30 352
30 353
31 353
32 353
32 354
32 355
33 355
33 356
33 357
33 358
33 359
33 0
34 0
35 0
35 1
35 2
36 2
36 3
37 3
37 4
37 5
38 5
38 6
39 6
39 7
40 7
40 8
40 9
40 10
41 10
42 10
42 11
42 12
43 12
44 12
44 13
44 14
44 15
44 16
44 17
45 17
45 18
45 19
45 20
45 21
46 21
46 22
46 23
47 23
-2 -2
