202 356
202 357
202 358
202 359
201 359
200 359
199 359
199 0
198 0
197 0
196 0
196 1
195 1
194 1
194 2
193 2
192 2
191 2
191 3
190 3
189 3
188 3
188 4
187 4
186 4
185 4
185 5
184 5
183 5
183 6
182 6
181 6
180 6
180 7
179 7
178 7
177 7
176 7
175 7
175 8
174 8
173 8
172 8
172 9
171 9
170 9
169 9
168 9
167 9
166 9
166 10
165 10
164 10
163 10
162 10
162 11
161 11
160 11
159 11
158 11
157 11
156 11
156 12
155 12
154 12
153 12
152 12
151 12
151 13
150 13
149 13
148 13
147 13
147 14
146 14
145 14
144 14
143 14
142 14
141 14
140 14
140 15
139 15
138 15
137 15
136 15
135 15
134 15
133 15
132 15
131 15
131 16
130 16
129 16
128 16
127 16
126 16
125 16
124 16
123 16
123 17
122 17
121 17
120 17
119 17
118 17
117 17
116 17
116 18
115 18
114 18
113 18
112 18
111 18
110 18
110 19
109 19
108 19
107 19
106 19
105 19
104 19
104 20
103 20
102 20
101 20
100 20
99 20
99 21
98 21
97 21
96 21
95 21
94 21
94 22
93 22
92 22
91 22
90 22
90 23
89 23
88 23
87 23
87 24
86 24
85 24
85 23
84 23
84 24
83 24
82 24
81 24
80 24
79 24
78 24
77 24
76 24
75 24
74 24
73 24
73 25
72 25
71 25
70 25
70 26
69 26
69 25
68 25
68 26
67 26
66 26
66 27
65 27
64 27
63 27
63 28
62 28
61 28
61 29
60 29
59 29
59 30
58 30
57 30
57 31
56 31
56 32
55 32
54 32
54 33
53 33
53 34
52 34
51 34
51 35
50 35
50 36
49 36
49 37
48 37
48 38
47 38
47 39
46 39
45 39
45 40
45 41
44 41
44 42
44 43
43 43
43 44
43 45
42 45
42 46
42 47
42 48
42 49
42 50
42 51
42 52
42 53
42 54
42 55
42 56
42 57
42 58
42 59
43 59
43 60
43 61
43 62
43 63
44 63
45 63
45 64
46 64
46 65
46 66
46 67
46 68
46 69
45 69
45 70
46 70
46 71
46 72
46 73
45 73
45 74
45 75
45 76
45 77
45 78
44 78
44 79
44 80
43 80
43 81
43 82
43 83
42 83
42 84
42 85
41 85
41 86
40 86
39 86
39 87
38 87
38 88
37 88
36 88
35 88
34 88
33 88
32 88
31 88
30 88
29 88
28 88
27 88
27 87
27 86
27 85
26 85
25 85
25 84
25 83
24 83
24 82
23 82
22 82
22 81
22 80
22 79
21 79
20 79
20 78
19 78
19 77
18 77
17 77
17 76
16 76
16 75
15 75
15 74
14 74
14 73
14 72
14 71
15 71
15 70
14 70
14 69
14 68
13 68
13 67
12 67
12 66
12 65
12 64
13 64
13 63
12 63
12 62
12 61
11 61
11 60
11 59
11 58
11 57
11 56
12 56
12 55
11 55
11 54
11 53
10 53
10 52
10 51
10 50
11 50
11 49
11 48
11 47
11 46
10 46
10 45
10 44
11 44
11 43
10 43
10 42
10 41
10 40
10 39
9 39
9 38
9 37
9 36
10 36
10 35
10 34
10 33
11 33
11 32
10 32
9 32
9 31
9 30
9 29
10 29
10 28
10 27
11 27
11 26
10 26
10 25
10 24
10 23
11 23
11 22
11 21
10 21
9 21
9 20
9 19
9 18
10 18
10 17
11 17
11 16
10 16
10 15
10 14
10 13
11 13
11 12
11 11
12 11
13 11
13 10
12 10
11 10
11 9
11 8
11 7
12 7
13 7
13 6
12 6
12 5
12 4
12 3
13 3
13 2
14 2
14 1
13 1
13 0
14 0
15 0
15 359
15 358
14 358
14 357
14 356
14 355
15 355
16 355
16 354
16 353
16 352
17 352
17 351
17 350
18 350
18 349
18 348
18 347
19 347
19 346
19 345
20 345
21 345
21 344
22 344
23 344
23 343
23 342
24 342
24 341
25 341
26 341
26 340
27 340
28 340
29 340
30 340
31 340
32 340
33 340
34 340
35 340
36 340
36 339
37 339
38 339
39 339
40 339
41 339
42 339
43 339
43 340
44 340
45 340
46 340
46 341
47 341
48 341
48 342
49 342
50 342
50 343
51 343
52 343
53 343
54 343
54 344
55 344
56 344
57 344
57 345
58 345
59 345
60 345
61 345
62 345
62 346
63 346
64 346
65 346
66 346
66 345
65 345
64 345
64 344
63 344
63 343
63 342
62 342
62 341
61 341
61 340
60 340
60 339
59 339
58 339
57 339
57 338
56 338
56 337
55 337
55 336
54 336
54 335
54 334
54 333
53 333
53 332
52 332
52 331
51 331
51 330
51 329
50 329
50 328
49 328
48 328
48 327
47 327
47 326
46 326
46 325
46 324
46 323
46 322
46 321
45 321
45 320
45 319
45 318
44 318
44 317
43 317
43 316
42 316
42 315
42 314
41 314
41 313
41 312
41 311
41 310
41 309
41 308
41 307
41 306
41 305
41 304
41 303
41 302
41 301
40 301
40 300
40 299
39 299
39 298
39 297
39 296
39 295
39 294
39 293
40 293
40 292
40 291
40 290
40 289
41 289
41 288
40 288
40 287
40 286
40 285
40 284
41 284
41 283
40 283
40 282
40 281
40 280
40 279
40 278
40 277
40 276
40 275
40 274
40 273
40 272
40 271
40 270
40 269
40 268
40 267
40 266
40 265
40 264
40 263
40 262
40 261
40 260
40 259
40 258
40 257
41 257
41 256
41 255
41 254
41 253
41 252
42 252
42 251
42 250
42 249
42 248
42 247
41 247
41 246
41 245
41 244
40 244
40 243
40 242
40 241
41 241
41 240
41 239
41 238
41 237
42 237
42 236
42 235
42 234
42 233
42 232
42 231
41 231
41 230
41 229
41 228
41 227
41 226
42 226
42 225
42 224
43 224
43 223
44 223
44 222
45 222
45 221
46 221
46 220
46 219
46 218
47 218
47 217
48 217
48 216
48 215
49 215
49 214
49 213
50 213
50 212
51 212
51 211
51 210
52 210
53 210
53 209
53 208
54 208
54 207
55 207
56 207
56 206
57 206
57 205
58 205
58 204
58 203
58 202
59 202
60 202
60 201
60 200
61 200
61 199
62 199
63 199
63 198
63 197
64 197
64 196
64 195
65 195
66 195
66 194
67 194
68 194
69 194
69 193
69 192
69 191
70 191
71 191
71 190
72 190
73 190
73 189
73 188
74 188
75 188
75 187
76 187
76 186
77 186
77 185
78 185
79 185
79 184
80 184
81 184
81 183
82 183
82 182
83 182
84 182
84 181
85 181
85 180
86 180
87 180
87 179
88 179
89 179
89 178
90 178
91 178
91 177
91 176
92 176
93 176
94 176
94 175
95 175
95 174
96 174
97 174
97 173
98 173
99 173
99 172
100 172
101 172
102 172
102 171
103 171
104 171
104 170
105 170
105 169
106 169
106 168
107 168
107 167
108 167
108 166
109 166
110 166
111 166
111 165
111 164
112 164
112 163
112 162
111 162
111 161
110 161
110 160
110 159
109 159
109 158
108 158
108 157
107 157
107 156
107 155
106 155
105 155
105 154
104 154
104 153
103 153
103 152
102 152
102 151
101 151
101 150
100 150
99 150
99 149
99 148
98 148
98 147
97 147
97 146
96 146
95 146
94 146
94 145
93 145
93 146
93 147
93 148
93 149
92 149
92 150
92 151
91 151
91 152
91 153
91 154
91 155
91 156
91 157
91 158
90 158
90 159
90 160
90 161
89 161
89 162
89 163
88 163
88 164
88 165
87 165
86 165
86 166
86 167
86 168
85 168
84 168
84 169
83 169
83 170
82 170
82 171
81 171
80 171
79 171
79 172
78 172
77 172
77 173
76 173
75 173
75 174
74 174
73 174
72 174
71 174
70 174
69 174
69 175
68 175
67 175
66 175
65 175
65 174
64 174
63 174
62 174
61 174
60 174
59 174
58 174
57 174
56 174
56 173
55 173
54 173
53 173
52 173
52 172
51 172
50 172
50 171
49 171
48 171
47 171
47 170
47 169
46 169
46 168
45 168
45 167
44 167
44 166
44 165
43 165
43 164
43 163
42 163
42 162
42 161
41 161
40 161
40 160
40 159
40 158
40 157
39 157
39 156
39 155
39 154
39 153
39 152
39 151
39 150
38 150
38 149
38 148
38 147
38 146
39 146
39 145
38 145
38 144
38 143
38 142
38 141
39 141
39 140
39 139
39 138
39 137
40 137
40 136
40 135
40 134
40 133
40 132
40 131
40 130
41 130
41 129
41 128
41 127
42 127
42 126
43 126
43 125
44 125
44 124
45 124
45 123
46 123
47 123
47 122
47 121
47 120
48 120
49 120
49 119
50 119
50 118
51 118
52 118
52 117
53 117
54 117
54 116
55 116
56 116
56 115
57 115
58 115
58 114
59 114
60 114
60 113
61 113
62 113
63 113
64 113
65 113
65 112
66 112
67 112
68 112
69 112
69 113
70 113
71 113
72 113
73 113
74 113
74 114
75 114
75 113
76 113
76 114
77 114
78 114
78 115
79 115
80 115
81 115
82 115
83 115
84 115
84 116
85 116
86 116
86 117
87 117
88 117
89 117
90 117
90 118
91 118
92 118
92 119
93 119
94 119
94 120
95 120
96 120
97 120
98 120
99 120
99 121
100 121
101 121
101 122
102 122
102 123
103 123
104 123
105 123
106 123
106 124
107 124
108 124
108 125
109 125
110 125
111 125
111 126
112 126
112 127
113 127
114 127
114 128
115 128
115 129
116 129
117 129
117 130
118 130
119 130
119 131
120 131
121 131
121 132
122 132
123 132
123 133
124 133
125 133
125 134
125 135
126 135
127 135
127 136
128 136
128 137
128 138
129 138
129 139
130 139
131 139
132 139
132 140
132 141
132 142
133 142
133 143
134 143
135 143
135 144
135 145
136 145
136 146
137 146
137 147
138 147
138 148
137 148
137 149
138 149
139 149
139 150
139 151
140 151
140 152
141 152
141 153
140 153
140 154
141 154
141 155
141 156
141 157
141 158
141 159
141 160
141 161
142 161
142 162
141 162
141 163
141 164
140 164
140 165
139 165
139 166
139 167
138 167
138 168
138 169
137 169
137 170
137 171
137 172
137 173
137 174
136 174
136 175
136 176
136 177
136 178
136 179
136 180
135 180
135 181
135 182
135 183
135 184
134 184
134 185
134 186
133 186
132 186
132 187
133 187
133 188
132 188
132 189
132 190
132 191
131 191
131 192
130 192
130 193
129 193
129 194
128 194
128 195
127 195
127 196
126 196
126 197
126 198
125 198
124 198
124 199
123 199
123 200
122 200
122 201
121 201
120 201
120 202
120 203
119 203
119 204
118 204
117 204
117 205
117 206
116 206
116 207
115 207
114 207
114 208
113 208
113 209
112 209
112 210
111 210
111 211
110 211
110 212
109 212
109 213
108 213
108 214
107 214
107 215
106 215
106 216
105 216
105 217
104 217
104 218
103 218
103 219
103 220
102 220
101 220
101 221
100 221
100 222
99 222
99 223
98 223
98 224
97 224
97 225
97 226
96 226
96 227
95 227
95 228
95 229
94 229
94 230
93 230
92 230
92 231
92 232
91 232
91 233
91 234
91 235
90 235
90 236
90 237
89 237
89 238
88 238
88 239
88 240
87 240
87 241
86 241
86 242
86 243
86 244
85 244
85 245
85 246
85 247
85 248
85 249
84 249
84 250
84 251
84 252
84 253
83 253
83 254
83 255
82 255
82 256
82 257
82 258
81 258
81 259
81 260
81 261
80 261
80 262
80 263
80 264
80 265
80 266
79 266
79 267
79 268
79 269
79 270
78 270
78 271
78 272
78 273
77 273
77 274
77 275
77 276
77 277
76 277
76 278
76 279
77 279
77 280
77 281
76 281
76 282
76 283
77 283
77 284
77 285
77 286
76 286
76 287
76 288
75 288
75 289
75 290
76 290
76 291
76 292
77 292
77 293
77 294
77 295
77 296
77 297
77 298
76 298
76 299
77 299
77 300
77 301
77 302
78 302
78 303
79 303
79 304
80 304
80 305
80 306
79 306
79 307
79 308
79 309
79 310
80 310
80 311
81 311
82 311
82 312
83 312
83 313
83 314
82 314
82 315
82 316
82 317
83 317
83 318
83 319
83 320
84 320
84 321
84 322
85 322
85 323
86 323
86 324
86 325
86 326
87 326
87 327
88 327
88 328
89 328
90 328
90 329
91 329
91 330
91 331
91 332
92 332
93 332
93 333
94 333
94 334
94 335
95 335
95 336
96 336
97 336
97 337
98 337
99 337
99 338
100 338
100 339
100 340
101 340
102 340
102 341
103 341
104 341
105 341
106 341
106 342
107 342
107 343
108 343
108 344
109 344
110 344
110 345
111 345
112 345
113 345
113 346
114 346
115 346
115 347
116 347
116 348
117 348
118 348
119 348
120 348
121 348
122 348
123 348
124 348
125 348
125 349
126 349
126 350
127 350
128 350
128 351
129 351
130 351
131 351
132 351
133 351
133 352
134 352
135 352
135 353
136 353
137 353
138 353
139 353
140 353
141 353
142 353
142 354
143 354
144 354
145 354
145 355
146 355
147 355
148 355
148 356
149 356
150 356
151 356
152 356
153 356
154 356
155 356
156 356
157 356
158 356
159 356
160 356
161 356
162 356
163 356
163 355
164 355
165 355
166 355
167 355
167 354
168 354
169 354
170 354
171 354
172 354
173 354
174 354
175 354
175 353
176 353
177 353
178 353
179 353
180 353
181 353
182 353
183 353
184 353
185 353
186 353
187 353
188 353
189 353
190 353
191 353
192 353
193 353
194 353
195 353
195 354
196 354
197 354
198 354
198 355
199 355
200 355
200 356
201 356
202 356
-2 -2
