168 314
168 315
168 316
167 316
166 316
166 317
165 317
164 317
164 318
163 318
162 318
161 318
161 319
160 319
159 319
159 320
158 320
157 320
156 320
156 321
155 321
154 321
153 321
152 321
151 321
150 321
150 322
149 322
148 322
147 322
147 323
146 323
145 323
145 324
144 324
143 324
143 325
142 325
141 325
141 326
140 326
139 326
139 327
138 327
138 328
137 328
136 328
136 329
135 329
135 330
134 330
133 330
132 330
132 331
131 331
131 332
130 332
129 332
129 333
128 333
127 333
127 334
126 334
126 335
125 335
125 336
124 336
124 337
123 337
123 338
122 338
122 339
122 340
121 340
121 341
120 341
120 342
120 343
120 344
119 344
119 345
119 346
118 346
118 347
118 348
117 348
117 349
117 350
116 350
115 350
115 351
115 352
114 352
114 353
113 353
113 354
112 354
112 355
112 356
111 356
111 357
111 358
111 359
111 0
110 0
110 1
110 2
109 2
109 3
108 3
108 4
107 4
107 5
107 6
106 6
106 7
107 7
107 8
107 9
107 10
107 11
106 11
106 12
106 13
106 14
106 15
106 16
106 17
107 17
107 18
107 19
108 19
108 20
109 20
109 21
109 22
109 23
109 24
109 25
109 26
109 27
109 28
110 28
110 29
109 29
109 30
109 31
109 32
109 33
109 34
109 35
109 36
108 36
108 37
108 38
107 38
107 39
107 40
106 40
106 41
105 41
105 42
105 43
105 44
104 44
104 45
103 45
103 46
102 46
102 47
101 47
101 48
100 48
99 48
99 49
98 49
98 50
97 50
96 50
96 51
95 51
95 52
94 52
93 52
93 53
92 53
92 54
91 54
91 55
90 55
90 56
89 56
89 57
88 57
88 58
87 58
86 58
85 58
84 58
84 59
83 59
82 59
81 59
81 60
80 60
80 61
79 61
78 61
78 62
77 62
77 63
76 63
75 63
74 63
73 63
72 63
72 64
72 65
71 65
71 66
71 67
72 67
72 68
72 69
73 69
74 69
74 70
74 71
74 72
75 72
76 72
76 73
76 74
77 74
77 75
78 75
78 76
79 76
79 77
80 77
80 78
80 79
81 79
81 80
82 80
82 81
83 81
83 82
83 83
84 83
85 83
85 84
86 84
86 85
87 85
87 86
87 87
88 87
88 88
88 89
88 90
88 91
88 92
88 93
88 94
88 95
88 96
88 97
88 98
88 99
88 100
87 100
87 101
86 101
86 102
85 102
85 103
85 104
85 105
84 105
84 106
83 106
83 107
83 108
83 109
84 109
84 110
85 110
85 111
86 111
87 111
88 111
89 111
90 111
91 111
92 111
93 111
93 112
94 112
95 112
96 112
97 112
98 112
99 112
99 113
100 113
101 113
101 114
102 114
103 114
103 115
104 115
105 115
106 115
107 115
107 116
108 116
108 117
109 117
109 118
110 118
111 118
112 118
112 119
113 119
114 119
115 119
116 119
116 120
117 120
118 120
118 121
119 121
120 121
120 122
121 122
122 122
123 122
124 122
125 122
126 122
126 123
127 123
127 124
128 124
129 124
129 125
130 125
131 125
132 125
132 126
133 126
134 126
135 126
136 126
137 126
137 127
138 127
139 127
140 127
140 128
141 128
142 128
142 129
143 129
144 129
144 130
145 130
146 130
147 130
148 130
149 130
150 130
151 130
152 130
152 131
153 131
154 131
155 131
156 131
156 132
157 132
158 132
158 133
159 133
160 133
161 133
161 134
161 135
161 136
160 136
159 136
159 137
158 137
157 137
157 138
156 138
155 138
154 138
153 138
153 139
152 139
151 139
150 139
149 139
148 139
147 139
147 140
146 140
145 140
144 140
143 140
143 141
142 141
141 141
141 142
140 142
139 142
139 143
138 143
137 143
136 143
135 143
134 143
133 143
132 143
132 144
131 144
130 144
129 144
129 145
128 145
128 146
127 146
126 146
126 147
125 147
124 147
124 148
123 148
123 147
122 147
121 147
121 148
120 148
119 148
119 149
118 149
117 149
116 149
116 150
115 150
114 150
113 150
112 150
112 151
111 151
110 151
109 151
109 152
108 152
108 153
107 153
107 154
106 154
105 154
104 154
104 155
103 155
102 155
101 155
101 156
100 156
99 156
99 157
98 157
97 157
96 157
95 157
94 157
94 158
93 158
92 158
91 158
90 158
89 158
88 158
87 158
86 158
85 158
85 159
84 159
83 159
83 160
83 161
82 161
82 162
82 163
83 163
84 163
84 164
84 165
84 166
84 167
85 167
85 168
86 168
86 169
86 170
87 170
87 171
87 172
87 173
87 174
87 175
87 176
87 177
87 178
87 179
87 180
87 181
87 182
86 182
86 183
86 184
85 184
85 185
84 185
84 186
83 186
83 187
82 187
82 188
81 188
81 189
80 189
80 190
80 191
79 191
79 192
78 192
78 193
77 193
76 193
76 194
76 195
75 195
75 196
75 197
75 198
74 198
73 198
73 199
72 199
72 200
72 201
72 202
71 202
71 203
70 203
70 204
70 205
71 205
71 206
72 206
72 207
73 207
74 207
75 207
75 208
76 208
77 208
77 209
78 209
79 209
79 210
80 210
81 210
81 211
82 211
83 211
84 211
84 212
85 212
85 213
86 213
87 213
88 213
88 214
89 214
89 215
90 215
90 216
91 216
91 217
92 217
92 218
93 218
93 219
94 219
95 219
95 220
96 220
96 221
97 221
98 221
98 222
99 222
99 223
100 223
101 223
101 224
102 224
102 225
102 226
103 226
103 227
103 228
104 228
104 229
105 229
105 230
105 231
106 231
106 232
106 233
107 233
107 234
108 234
108 235
108 236
108 237
108 238
107 238
107 239
107 240
108 240
108 241
108 242
108 243
108 244
107 244
107 245
108 245
108 246
108 247
107 247
107 248
107 249
107 250
107 251
106 251
106 252
106 253
105 253
105 254
105 255
105 256
105 257
105 258
105 259
105 260
106 260
106 261
106 262
106 263
105 263
105 264
106 264
106 265
106 266
107 266
107 267
107 268
108 268
108 269
108 270
109 270
109 271
110 271
110 272
110 273
110 274
110 275
111 275
111 276
112 276
112 277
113 277
113 278
113 279
114 279
114 280
115 280
115 281
115 282
115 283
116 283
117 283
117 284
118 284
118 285
118 286
118 287
118 288
119 288
119 289
120 289
120 290
121 290
121 291
121 292
122 292
122 293
123 293
123 294
124 294
124 295
125 295
125 296
126 296
126 297
127 297
127 298
128 298
129 298
129 299
130 299
130 300
131 300
132 300
132 301
133 301
134 301
135 301
135 302
136 302
137 302
137 303
138 303
138 304
139 304
140 304
140 305
141 305
142 305
142 306
143 306
143 307
144 307
145 307
145 308
146 308
147 308
147 309
148 309
149 309
150 309
151 309
152 309
152 310
153 310
153 309
154 309
155 309
155 310
156 310
157 310
157 311
158 311
159 311
160 311
160 312
161 312
162 312
162 313
163 313
164 313
165 313
165 314
166 314
167 314
168 314
-2 -2
