41 12
41 13
41 14
41 15
41 16
41 17
41 18
41 19
41 20
41 21
41 22
40 22
40 23
40 24
40 25
39 25
39 26
40 26
40 27
40 28
40 29
40 30
40 31
40 32
40 33
40 34
39 34
39 35
39 36
39 37
39 38
39 39
39 40
39 41
39 42
39 43
39 44
39 45
39 46
39 47
39 48
39 49
39 50
39 51
39 52
39 53
39 54
39 55
39 56
40 56
40 57
40 58
40 59
40 60
40 61
40 62
40 63
40 64
39 64
39 65
40 65
40 66
40 67
40 68
41 68
41 69
41 70
41 71
41 72
41 73
41 74
41 75
41 76
41 77
41 78
40 78
40 79
40 80
40 81
40 82
40 83
40 84
40 85
40 86
40 87
40 88
40 89
40 90
40 91
40 92
40 93
40 94
40 95
40 96
40 97
40 98
40 99
40 100
40 101
40 102
41 102
41 103
41 104
41 105
41 106
41 107
41 108
41 109
41 110
41 111
41 112
40 112
40 113
40 114
40 115
39 115
39 116
40 116
40 117
40 118
40 119
40 120
40 121
40 122
40 123
40 124
40 125
40 126
40 127
40 128
40 129
40 130
40 131
39 131
39 132
39 133
39 134
39 135
39 136
39 137
39 138
39 139
40 139
40 140
40 141
39 141
39 142
39 143
39 144
39 145
39 146
39 147
39 148
38 148
38 149
39 149
39 150
39 151
39 152
39 153
39 154
38 154
38 155
39 155
39 156
39 157
39 158
38 158
38 159
39 159
39 160
39 161
39 162
38 162
38 163
38 164
38 165
38 166
38 167
37 167
37 168
37 169
37 170
37 171
37 172
37 173
37 174
37 175
37 176
37 177
37 178
37 179
37 180
37 181
37 182
38 182
38 183
38 184
38 185
38 186
38 187
38 188
38 189
38 190
38 191
38 192
38 193
39 193
39 194
39 195
38 195
38 196
38 197
38 198
39 198
39 199
39 200
39 201
39 202
39 203
39 204
39 205
39 206
39 207
39 208
38 208
38 209
38 210
38 211
38 212
38 213
38 214
38 215
38 216
38 217
38 218
38 219
38 220
37 220
37 221
37 222
37 223
37 224
37 225
37 226
37 227
37 228
37 229
37 230
38 230
38 231
38 232
38 233
38 234
38 235
38 236
38 237
38 238
38 239
38 240
38 241
38 242
39 242
39 243
39 244
39 245
39 246
39 247
39 248
39 249
39 250
39 251
39 252
38 252
38 253
38 254
38 255
39 255
39 256
39 257
38 257
38 258
38 259
38 260
38 261
38 262
38 263
38 264
38 265
38 266
38 267
38 268
37 268
37 269
37 270
37 271
37 272
37 273
37 274
37 275
37 276
37 277
37 278
37 279
37 280
37 281
37 282
37 283
38 283
38 284
38 285
38 286
38 287
38 288
39 288
39 289
39 290
39 291
38 291
38 292
39 292
39 293
39 294
39 295
39 296
39 297
39 298
39 299
39 300
39 301
38 301
38 302
39 302
39 303
39 304
39 305
39 306
39 307
39 308
39 309
40 309
40 310
40 311
39 311
39 312
39 313
39 314
39 315
39 316
39 317
39 318
39 319
40 319
40 320
40 321
40 322
40 323
40 324
40 325
40 326
40 327
40 328
40 329
40 330
40 331
40 332
40 333
40 334
39 334
39 335
40 335
40 336
40 337
40 338
41 338
41 339
41 340
41 341
41 342
41 343
41 344
41 345
41 346
41 347
41 348
40 348
40 349
40 350
40 351
40 352
40 353
40 354
40 355
40 356
40 357
40 358
40 359
40 0
40 1
40 2
40 3
40 4
40 5
40 6
40 7
40 8
40 9
40 10
40 11
40 12
41 12
-2 -2
