74 63
74 64
74 65
73 65
73 66
74 66
74 67
74 68
74 69
73 69
73 70
73 71
72 71
71 71
71 72
71 73
70 73
70 74
69 74
69 75
68 75
68 76
68 77
67 77
67 78
66 78
65 78
65 79
64 79
64 80
63 80
63 81
62 81
62 82
61 82
61 83
60 83
60 84
59 84
59 85
58 85
58 86
57 86
57 87
57 88
56 88
56 89
56 90
55 90
54 90
54 91
54 92
54 93
54 94
53 94
53 95
53 96
52 96
52 97
52 98
52 99
51 99
51 100
51 101
50 101
50 102
50 103
50 104
49 104
49 105
49 106
50 106
50 107
50 108
49 108
49 109
49 110
48 110
48 111
48 112
48 113
48 114
48 115
48 116
48 117
48 118
48 119
48 120
47 120
47 121
47 122
47 123
47 124
47 125
48 125
48 126
48 127
48 128
48 129
48 130
48 131
48 132
48 133
48 134
49 134
49 135
49 136
49 137
50 137
50 138
50 139
51 139
51 140
51 141
51 142
51 143
51 144
52 144
52 145
53 145
53 146
53 147
54 147
54 148
54 149
55 149
55 150
55 151
55 152
55 153
56 153
56 154
56 155
56 156
57 156
57 157
57 158
57 159
58 159
58 160
58 161
58 162
59 162
59 163
60 163
60 164
60 165
60 166
59 166
59 167
60 167
60 168
60 169
60 170
60 171
61 171
61 172
62 172
62 173
62 174
62 175
62 176
62 177
62 178
62 179
62 180
62 181
62 182
62 183
62 184
62 185
62 186
62 187
62 188
61 188
61 189
61 190
61 191
61 192
60 192
60 193
60 194
60 195
60 196
60 197
60 198
60 199
60 200
60 201
60 202
60 203
60 204
60 205
59 205
59 206
59 207
60 207
60 208
60 209
59 209
59 210
59 211
59 212
58 212
58 213
59 213
59 214
59 215
59 216
59 217
58 217
58 218
58 219
58 220
58 221
58 222
58 223
58 224
58 225
58 226
58 227
58 228
58 229
58 230
57 230
57 231
58 231
58 232
58 233
58 234
58 235
57 235
57 236
57 237
57 238
57 239
57 240
58 240
58 241
58 242
58 243
58 244
57 244
57 245
57 246
57 247
58 247
58 248
58 249
58 250
58 251
58 252
58 253
58 254
58 255
58 256
58 257
58 258
58 259
58 260
58 261
58 262
58 263
58 264
58 265
59 265
59 266
59 267
59 268
59 269
59 270
59 271
60 271
60 272
60 273
60 274
60 275
60 276
60 277
60 278
60 279
60 280
60 281
60 282
60 283
60 284
60 285
60 286
60 287
60 288
61 288
61 289
61 290
61 291
61 292
61 293
62 293
62 294
62 295
62 296
62 297
63 297
63 298
63 299
62 299
62 300
62 301
62 302
63 302
63 303
63 304
63 305
64 305
64 306
64 307
63 307
63 308
64 308
64 309
64 310
64 311
64 312
64 313
64 314
64 315
64 316
64 317
64 318
64 319
64 320
64 321
64 322
64 323
64 324
64 325
63 325
63 326
62 326
62 327
62 328
62 329
62 330
62 331
62 332
62 333
62 334
62 335
61 335
61 336
61 337
60 337
60 338
60 339
59 339
59 340
59 341
59 342
58 342
58 343
58 344
58 345
57 345
57 346
57 347
57 348
57 349
56 349
56 350
55 350
55 351
55 352
54 352
54 353
53 353
53 354
53 355
52 355
52 356
52 357
52 358
51 358
51 359
51 0
51 1
51 2
51 3
51 4
51 5
51 6
51 7
51 8
51 9
50 9
50 10
50 11
50 12
50 13
50 14
49 14
49 15
49 16
50 16
50 17
50 18
50 19
50 20
50 21
50 22
51 22
51 23
51 24
51 25
52 25
52 26
52 27
52 28
52 29
52 30
52 31
52 32
52 33
53 33
53 34
53 35
53 36
53 37
54 37
54 38
54 39
54 40
55 40
55 41
56 41
56 42
57 42
57 43
58 43
58 44
58 45
58 46
59 46
60 46
60 47
60 48
60 49
61 49
61 50
61 51
62 51
62 52
63 52
63 53
64 53
64 54
65 54
66 54
66 55
67 55
67 56
68 56
68 57
69 57
69 58
70 58
71 58
71 59
72 59
72 60
72 61
73 61
73 62
73 63
74 63
-2 -2
