73 152
73 153
72 153
72 154
73 154
73 155
73 156
73 157
72 157
72 158
72 159
72 160
72 161
71 161
71 162
70 162
69 162
69 163
69 164
68 164
68 165
68 166
67 166
66 166
66 167
65 167
65 168
64 168
64 169
63 169
63 170
62 170
61 170
61 171
61 172
60 172
60 173
59 173
59 174
58 174
58 175
57 175
57 176
56 176
56 177
56 178
56 179
55 179
55 180
54 180
53 180
53 181
53 182
53 183
53 184
52 184
52 185
52 186
52 187
51 187
51 188
50 188
50 189
50 190
50 191
49 191
49 192
49 193
49 194
49 195
48 195
48 196
49 196
49 197
49 198
48 198
48 199
48 200
47 200
47 201
47 202
47 203
47 204
47 205
47 206
47 207
47 208
47 209
47 210
47 211
46 211
46 212
46 213
47 213
47 214
47 215
47 216
47 217
47 218
47 219
47 220
47 221
47 222
47 223
48 223
48 224
48 225
48 226
49 226
49 227
49 228
49 229
49 230
50 230
50 231
50 232
50 233
51 233
51 234
52 234
52 235
52 236
53 236
53 237
53 238
54 238
54 239
54 240
54 241
55 241
55 242
55 243
55 244
56 244
56 245
56 246
56 247
57 247
57 248
57 249
57 250
57 251
58 251
58 252
59 252
59 253
59 254
59 255
59 256
59 257
60 257
60 258
60 259
60 260
60 261
60 262
61 262
61 263
61 264
62 264
62 265
62 266
62 267
62 268
62 269
62 270
62 271
62 272
62 273
62 274
62 275
62 276
62 277
62 278
62 279
61 279
61 280
61 281
61 282
61 283
61 284
61 285
61 286
61 287
60 287
60 288
61 288
61 289
61 290
61 291
61 292
61 293
60 293
60 294
60 295
60 296
60 297
60 298
60 299
60 300
60 301
60 302
59 302
59 303
59 304
59 305
59 306
59 307
59 308
59 309
59 310
59 311
59 312
59 313
58 313
58 314
58 315
58 316
58 317
59 317
59 318
59 319
59 320
58 320
58 321
58 322
58 323
59 323
59 324
59 325
58 325
58 326
58 327
58 328
58 329
58 330
59 330
59 331
59 332
59 333
59 334
58 334
58 335
58 336
58 337
58 338
58 339
58 340
59 340
59 341
59 342
59 343
59 344
59 345
59 346
59 347
59 348
59 349
59 350
58 350
58 351
59 351
59 352
59 353
59 354
59 355
60 355
60 356
60 357
60 358
60 359
60 0
61 0
61 1
61 2
61 3
62 3
62 4
62 5
62 6
62 7
62 8
61 8
61 9
61 10
62 10
62 11
62 12
62 13
61 13
61 14
61 15
61 16
61 17
62 17
62 18
62 19
61 19
61 20
62 20
62 21
62 22
63 22
63 23
63 24
63 25
64 25
64 26
63 26
63 27
64 27
64 28
64 29
64 30
63 30
63 31
63 32
63 33
63 34
64 34
64 35
64 36
65 36
65 37
65 38
65 39
65 40
64 40
64 41
64 42
65 42
65 43
65 44
65 45
65 46
65 47
65 48
65 49
65 50
65 51
65 52
64 52
64 53
64 54
64 55
63 55
63 56
63 57
63 58
63 59
63 60
63 61
62 61
62 62
62 63
62 64
62 65
61 65
61 66
61 67
60 67
60 68
60 69
59 69
59 70
59 71
59 72
58 72
58 73
58 74
58 75
57 75
57 76
57 77
56 77
56 78
56 79
56 80
55 80
54 80
54 81
54 82
53 82
53 83
53 84
52 84
52 85
52 86
52 87
52 88
51 88
51 89
51 90
51 91
51 92
51 93
51 94
51 95
51 96
51 97
50 97
50 98
50 99
50 100
49 100
49 101
50 101
50 102
50 103
49 103
49 104
49 105
49 106
50 106
50 107
50 108
49 108
49 109
50 109
50 110
50 111
50 112
51 112
51 113
51 114
51 115
51 116
51 117
51 118
51 119
51 120
52 120
52 121
52 122
52 123
52 124
52 125
53 125
53 126
53 127
53 128
54 128
54 129
54 130
55 130
55 131
56 131
56 132
57 132
57 133
57 134
57 135
58 135
58 136
58 137
59 137
59 138
60 138
60 139
60 140
61 140
61 141
61 142
62 142
63 142
63 143
64 143
64 144
65 144
66 144
66 145
67 145
67 146
67 147
68 147
69 147
69 148
70 148
70 149
71 149
71 150
71 151
72 151
72 152
73 152
-2 -2
