41 12
41 13
41 14
41 15
41 16
41 17
41 18
41 19
41 20
40 20
40 21
40 22
40 23
40 24
40 25
39 25
39 26
40 26
40 27
40 28
40 29
40 30
40 31
40 32
40 33
40 34
39 34
39 35
39 36
39 37
39 38
39 39
39 40
39 41
39 42
38 42
38 43
38 44
38 45
38 46
38 47
38 48
38 49
38 50
38 51
38 52
38 53
38 54
38 55
38 56
38 57
38 58
38 59
39 59
39 60
39 61
38 61
38 62
39 62
39 63
39 64
38 64
38 65
39 65
39 66
39 67
39 68
39 69
40 69
40 70
40 71
40 72
39 72
39 73
39 74
40 74
40 75
40 76
40 77
40 78
39 78
39 79
39 80
39 81
40 81
40 82
40 83
40 84
40 85
40 86
40 87
41 87
41 88
41 89
41 90
41 91
41 92
41 93
41 94
40 94
40 95
40 96
40 97
40 98
40 99
40 100
40 101
40 102
40 103
40 104
40 105
40 106
40 107
41 107
41 108
41 109
41 110
40 110
40 111
40 112
41 112
41 113
41 114
41 115
40 115
39 115
39 116
39 117
39 118
39 119
39 120
39 121
40 121
40 122
40 123
40 124
39 124
39 125
39 126
39 127
39 128
39 129
39 130
39 131
39 132
39 133
39 134
39 135
39 136
38 136
38 137
38 138
39 138
39 139
39 140
39 141
39 142
39 143
39 144
39 145
39 146
39 147
39 148
39 149
39 150
39 151
40 151
40 152
40 153
40 154
39 154
39 155
40 155
40 156
40 157
40 158
39 158
39 159
39 160
39 161
39 162
38 162
38 163
39 163
39 164
39 165
39 166
39 167
38 167
38 168
38 169
38 170
38 171
38 172
38 173
38 174
38 175
38 176
38 177
38 178
38 179
38 180
38 181
38 182
38 183
38 184
38 185
38 186
38 187
38 188
38 189
38 190
38 191
38 192
38 193
39 193
39 194
39 195
38 195
38 196
38 197
38 198
39 198
39 199
39 200
39 201
39 202
39 203
39 204
39 205
39 206
39 207
39 208
39 209
39 210
39 211
38 211
38 212
39 212
39 213
39 214
39 215
39 216
39 217
38 217
38 218
38 219
38 220
38 221
38 222
38 223
38 224
38 225
38 226
38 227
38 228
38 229
38 230
38 231
38 232
38 233
39 233
39 234
39 235
39 236
39 237
39 238
39 239
39 240
39 241
39 242
39 243
39 244
39 245
39 246
39 247
39 248
40 248
40 249
40 250
40 251
40 252
39 252
39 253
39 254
39 255
39 256
39 257
38 257
38 258
39 258
39 259
39 260
39 261
39 262
39 263
39 264
39 265
39 266
40 266
40 267
40 268
40 269
40 270
39 270
39 271
39 272
39 273
39 274
39 275
39 276
39 277
39 278
39 279
38 279
38 280
38 281
38 282
38 283
39 283
39 284
39 285
39 286
39 287
39 288
39 289
39 290
39 291
38 291
38 292
38 293
38 294
38 295
37 295
37 296
38 296
38 297
38 298
38 299
38 300
38 301
38 302
37 302
37 303
37 304
37 305
37 306
37 307
37 308
37 309
37 310
37 311
37 312
37 313
37 314
37 315
37 316
37 317
38 317
38 318
38 319
38 320
38 321
38 322
38 323
39 323
39 324
39 325
39 326
39 327
39 328
39 329
39 330
39 331
39 332
39 333
39 334
39 335
39 336
39 337
39 338
39 339
40 339
40 340
40 341
40 342
40 343
40 344
41 344
41 345
41 346
41 347
41 348
40 348
40 349
40 350
40 351
40 352
40 353
40 354
40 355
40 356
40 357
40 358
40 359
40 0
40 1
40 2
40 3
40 4
40 5
40 6
40 7
40 8
40 9
40 10
40 11
40 12
41 12
-2 -2
