113 23
113 24
112 24
112 25
112 26
112 27
112 28
111 28
111 29
111 30
111 31
111 32
111 33
111 34
110 34
110 35
111 35
111 36
111 37
110 37
110 38
110 39
110 40
110 41
109 41
109 42
109 43
109 44
108 44
108 45
107 45
107 46
107 47
106 47
106 48
105 48
105 49
105 50
105 51
104 51
104 52
103 52
102 52
102 53
101 53
101 54
100 54
100 55
99 55
98 55
98 56
97 56
97 57
96 57
96 58
95 58
95 59
94 59
94 60
93 60
93 61
92 61
92 62
91 62
90 62
89 62
89 63
88 63
87 63
86 63
86 64
85 64
84 64
84 65
83 65
82 65
82 66
81 66
80 66
79 66
78 66
78 67
77 67
76 67
75 67
74 67
74 68
73 68
73 67
72 67
72 68
71 68
70 68
69 68
68 68
68 67
67 67
67 68
66 68
65 68
64 68
63 68
62 68
62 67
61 67
60 67
59 67
58 67
58 66
57 66
56 66
55 66
55 65
54 65
53 65
53 64
52 64
52 63
51 63
51 62
50 62
50 61
49 61
49 60
49 59
48 59
48 58
47 58
47 57
46 57
46 56
46 55
45 55
45 54
44 54
43 54
43 53
43 52
43 51
42 51
42 50
42 49
42 48
41 48
41 47
41 46
41 45
41 44
41 43
41 42
41 41
41 40
41 39
41 38
41 37
41 36
41 35
41 34
41 33
42 33
42 32
42 31
43 31
43 30
44 30
45 30
45 29
45 28
45 27
46 27
47 27
47 26
48 26
48 25
48 24
49 24
50 24
50 23
50 22
51 22
52 22
52 21
53 21
54 21
54 20
55 20
56 20
57 20
57 19
58 19
59 19
60 19
60 18
61 18
62 18
62 19
63 19
64 19
65 19
66 19
67 19
68 19
69 19
69 20
70 20
71 20
72 20
72 21
73 21
74 21
75 21
75 22
76 22
77 22
77 23
78 23
78 24
79 24
79 25
80 25
80 26
80 27
81 27
81 28
82 28
82 29
83 29
83 30
83 31
84 31
84 30
84 29
84 28
85 28
86 28
86 27
86 26
86 25
86 24
86 23
86 22
86 21
86 20
85 20
85 19
85 18
84 18
84 17
84 16
83 16
83 15
82 15
82 14
81 14
81 13
80 13
79 13
79 12
79 11
79 10
78 10
78 9
77 9
77 8
76 8
76 7
75 7
74 7
74 6
73 6
73 5
73 4
72 4
72 3
71 3
71 2
70 2
70 1
69 1
69 0
68 0
68 359
67 359
67 358
66 358
66 359
65 359
64 359
64 0
63 0
62 0
61 0
61 1
60 1
60 2
59 2
58 2
58 3
58 4
57 4
57 5
57 6
56 6
56 7
55 7
54 7
54 8
53 8
53 9
52 9
52 10
51 10
51 11
51 12
51 13
50 13
49 13
49 14
49 15
48 15
48 16
47 16
46 16
46 17
46 18
46 19
46 20
45 20
44 20
43 20
43 21
43 22
42 22
42 23
41 23
40 23
40 24
39 24
39 25
39 26
38 26
38 27
37 27
36 27
36 28
35 28
35 29
34 29
34 30
33 30
33 31
32 31
32 32
31 32
31 33
30 33
29 33
29 34
28 34
28 35
27 35
27 36
26 36
26 37
25 37
24 37
24 38
23 38
23 39
23 40
23 41
22 41
21 41
20 41
19 41
18 41
18 40
17 40
16 40
15 40
15 41
14 41
13 41
12 41
12 40
11 40
10 40
10 39
10 38
10 37
11 37
11 36
10 36
10 35
9 35
8 35
7 35
6 35
5 35
5 34
5 33
5 32
6 32
7 32
7 31
6 31
6 30
6 29
5 29
5 28
4 28
4 27
4 26
4 25
5 25
5 24
4 24
4 23
3 23
3 22
3 21
3 20
4 20
4 19
4 18
4 17
4 16
3 16
2 16
2 15
2 14
2 13
2 12
2 11
2 10
2 9
2 8
2 7
2 6
2 5
2 4
2 3
2 2
2 1
1 1
0 1
0 2
0 3
0 4
0 5
0 6
0 7
0 8
0 9
0 10
0 11
0 12
0 13
0 14
0 15
0 16
0 17
0 18
0 19
0 20
0 21
0 22
0 23
0 24
0 25
0 26
0 27
0 28
0 29
0 30
0 31
0 32
0 33
0 34
0 35
0 36
0 37
0 38
0 39
0 40
0 41
0 42
0 43
0 44
0 45
0 46
0 47
0 48
0 49
0 50
0 51
0 52
0 53
0 54
0 55
0 56
0 57
0 58
0 59
0 60
0 61
0 62
0 63
0 64
0 65
0 66
0 67
0 68
0 69
0 70
0 71
0 72
0 73
0 74
0 75
0 76
0 77
0 78
0 79
0 80
0 81
0 82
0 83
0 84
0 85
0 86
0 87
0 88
0 89
0 90
0 91
0 92
0 93
0 94
0 95
0 96
0 97
0 98
0 99
0 100
0 101
0 102
0 103
0 104
0 105
0 106
0 107
0 108
0 109
0 110
0 111
0 112
0 113
0 114
0 115
0 116
0 117
0 118
0 119
0 120
0 121
0 122
0 123
0 124
0 125
0 126
0 127
0 128
0 129
0 130
0 131
0 132
0 133
0 134
0 135
0 136
0 137
0 138
0 139
0 140
0 141
0 142
0 143
0 144
0 145
0 146
0 147
0 148
0 149
0 150
0 151
0 152
0 153
0 154
0 155
0 156
0 157
0 158
0 159
0 160
0 161
0 162
0 163
0 164
0 165
0 166
0 167
0 168
0 169
0 170
0 171
0 172
0 173
0 174
0 175
0 176
0 177
0 178
0 179
1 179
1 178
1 177
1 176
1 175
1 174
1 173
1 172
1 171
1 170
1 169
1 168
1 167
1 166
1 165
1 164
1 163
1 162
1 161
1 160
2 160
3 160
3 159
3 158
3 157
3 156
3 155
2 155
2 154
2 153
2 152
3 152
3 151
3 150
3 149
3 148
4 148
4 147
4 146
4 145
5 145
6 145
6 144
6 143
5 143
4 143
4 142
4 141
4 140
5 140
6 140
7 140
7 141
7 142
8 142
9 142
9 141
10 141
10 140
10 139
10 138
10 137
11 137
12 137
12 136
13 136
14 136
15 136
15 137
15 138
16 138
17 138
18 138
19 138
19 137
20 137
21 137
22 137
22 138
22 139
23 139
23 140
23 141
23 142
24 142
25 142
25 143
26 143
26 144
27 144
27 145
28 145
28 146
29 146
30 146
30 147
31 147
31 148
32 148
32 149
33 149
33 150
34 150
34 151
35 151
35 152
36 152
36 153
37 153
38 153
38 154
38 155
39 155
39 156
40 156
40 157
41 157
41 158
41 159
42 159
43 159
43 160
44 160
45 160
45 161
45 162
45 163
46 163
46 164
46 165
47 165
48 165
48 166
48 167
49 167
49 168
50 168
50 169
51 169
51 170
51 171
52 171
52 172
53 172
53 173
54 173
54 174
55 174
56 174
56 175
56 176
57 176
57 177
57 178
58 178
59 178
59 179
60 179
60 180
61 180
62 180
63 180
63 181
64 181
65 181
65 182
66 182
66 181
67 181
67 180
68 180
68 179
69 179
69 178
70 178
70 177
71 177
71 176
72 176
72 175
72 174
73 174
73 173
74 173
74 172
75 172
75 171
76 171
77 171
77 170
78 170
78 169
78 168
78 167
79 167
79 166
80 166
80 165
81 165
82 165
82 164
83 164
83 163
83 162
84 162
84 161
84 160
85 160
85 159
85 158
85 157
85 156
85 155
85 154
85 153
85 152
84 152
84 151
84 150
84 149
83 149
82 149
82 150
81 150
81 151
81 152
80 152
80 153
79 153
79 154
78 154
78 155
78 156
77 156
76 156
76 157
76 158
75 158
74 158
73 158
73 159
72 159
71 159
70 159
70 160
69 160
68 160
68 161
67 161
66 161
65 161
64 161
63 161
62 161
61 161
60 161
59 161
58 161
57 161
57 160
56 160
55 160
54 160
54 159
53 159
52 159
52 158
51 158
50 158
50 157
49 157
49 156
48 156
48 155
47 155
47 154
47 153
46 153
45 153
45 152
44 152
44 151
44 150
43 150
43 149
42 149
42 148
42 147
41 147
41 146
41 145
41 144
40 144
40 143
40 142
40 141
40 140
40 139
40 138
40 137
41 137
41 136
41 135
41 134
41 133
41 132
41 131
41 130
42 130
42 129
42 128
42 127
42 126
43 126
43 125
44 125
44 124
44 123
44 122
45 122
46 122
46 121
47 121
47 120
47 119
48 119
48 118
49 118
50 118
50 117
50 116
51 116
51 115
52 115
52 114
53 114
53 113
54 113
55 113
55 112
56 112
57 112
58 112
59 112
60 112
61 112
62 112
63 112
63 111
64 111
64 112
65 112
66 112
67 112
68 112
68 111
69 111
70 111
71 111
72 111
73 111
73 112
74 112
75 112
76 112
77 112
77 113
78 113
79 113
79 114
80 114
80 113
81 113
81 114
82 114
83 114
83 115
84 115
84 116
85 116
86 116
86 117
87 117
88 117
89 117
90 117
90 118
91 118
92 118
92 119
93 119
93 120
94 120
94 121
95 121
95 122
96 122
96 123
97 123
97 124
98 124
98 125
99 125
100 125
100 126
101 126
101 127
102 127
102 128
103 128
104 128
104 129
104 130
105 130
105 131
105 132
105 133
106 133
106 134
107 134
107 135
107 136
108 136
108 137
108 138
108 139
109 139
109 140
109 141
109 142
110 142
110 143
110 144
110 145
110 146
110 147
110 148
110 149
110 150
110 151
111 151
111 152
111 153
111 154
111 155
111 156
112 156
112 157
111 157
111 158
111 159
111 160
111 161
111 162
111 163
111 164
111 165
110 165
110 166
110 167
109 167
109 168
109 169
109 170
108 170
108 171
108 172
108 173
107 173
106 173
106 174
105 174
105 175
104 175
104 176
103 176
103 177
103 178
102 178
102 179
101 179
100 179
100 180
99 180
99 181
99 182
98 182
97 182
97 183
96 183
96 184
95 184
95 185
94 185
93 185
93 186
92 186
92 187
91 187
90 187
90 188
89 188
89 189
89 190
88 190
87 190
87 191
87 192
86 192
86 193
85 193
85 194
84 194
84 195
83 195
83 196
83 197
82 197
82 198
81 198
80 198
80 199
79 199
79 200
78 200
78 201
78 202
77 202
77 203
76 203
76 204
75 204
75 205
74 205
74 206
74 207
73 207
72 207
72 208
71 208
71 209
70 209
70 210
69 210
69 211
68 211
68 212
67 212
67 213
67 214
66 214
66 215
66 216
65 216
64 216
64 217
63 217
63 218
62 218
62 219
61 219
61 220
60 220
60 221
59 221
59 222
59 223
58 223
58 224
58 225
57 225
57 226
57 227
57 228
56 228
56 229
55 229
55 230
54 230
54 231
54 232
53 232
53 233
53 234
53 235
52 235
52 236
51 236
51 237
51 238
50 238
50 239
50 240
50 241
50 242
49 242
49 243
49 244
49 245
49 246
49 247
49 248
49 249
49 250
49 251
49 252
50 252
50 253
51 253
51 252
51 251
52 251
52 250
53 250
54 250
55 250
55 249
56 249
57 249
57 248
58 248
58 247
59 247
60 247
61 247
62 247
62 246
63 246
63 245
64 245
65 245
66 245
67 245
68 245
68 244
69 244
70 244
71 244
71 243
72 243
73 243
74 243
75 243
76 243
77 243
77 242
78 242
79 242
80 242
81 242
82 242
83 242
84 242
85 242
86 242
86 241
87 241
87 242
88 242
88 241
89 241
89 242
90 242
90 241
91 241
91 242
92 242
93 242
94 242
94 243
95 243
96 243
97 243
98 243
98 244
99 244
100 244
101 244
101 245
102 245
103 245
103 246
104 246
104 247
105 247
106 247
106 248
107 248
107 249
108 249
108 250
109 250
109 251
110 251
110 252
110 253
111 253
111 254
111 255
111 256
112 256
112 257
111 257
111 258
112 258
112 259
112 260
112 261
112 262
111 262
111 263
110 263
110 264
110 265
109 265
109 266
108 266
108 267
107 267
107 268
106 268
105 268
105 269
104 269
104 270
103 270
103 271
104 271
104 272
105 272
106 272
107 272
107 273
108 273
108 274
108 275
109 275
109 276
110 276
110 277
111 277
111 278
112 278
112 279
112 280
112 281
112 282
112 283
112 284
112 285
112 286
112 287
111 287
111 288
110 288
110 289
109 289
109 290
108 290
108 291
107 291
107 292
106 292
106 293
106 294
105 294
104 294
104 295
103 295
103 296
102 296
101 296
100 296
100 297
99 297
98 297
97 297
96 297
96 298
95 298
94 298
93 298
93 299
92 299
91 299
90 299
89 299
88 299
87 299
86 299
85 299
84 299
83 299
82 299
81 299
80 299
79 299
78 299
78 298
77 298
76 298
75 298
75 297
74 297
74 298
73 298
73 297
72 297
71 297
70 297
69 297
69 296
68 296
68 297
67 297
66 297
66 296
65 296
64 296
64 295
63 295
62 295
61 295
61 294
60 294
59 294
58 294
58 293
58 292
57 292
56 292
55 292
55 291
54 291
53 291
53 290
52 290
51 290
51 289
51 288
50 288
50 289
49 289
49 290
49 291
49 292
49 293
50 293
50 294
50 295
50 296
50 297
50 298
50 299
50 300
50 301
50 302
51 302
51 303
51 304
52 304
52 305
53 305
53 306
53 307
54 307
54 308
54 309
54 310
55 310
55 311
56 311
56 312
57 312
57 313
58 313
58 314
58 315
58 316
58 317
59 317
59 318
60 318
60 319
60 320
61 320
61 321
62 321
63 321
63 322
63 323
64 323
64 324
65 324
66 324
66 325
67 325
67 326
67 327
68 327
69 327
69 328
69 329
69 330
70 330
70 331
71 331
72 331
72 332
72 333
73 333
74 333
75 333
75 334
75 335
76 335
76 336
76 337
77 337
77 338
78 338
78 339
79 339
79 340
80 340
80 341
81 341
81 342
82 342
82 343
83 343
83 344
83 345
84 345
85 345
85 346
86 346
86 347
86 348
87 348
87 349
88 349
88 350
89 350
89 351
90 351
90 352
91 352
91 353
92 353
93 353
93 354
94 354
94 355
95 355
96 355
96 356
96 357
97 357
98 357
98 358
99 358
100 358
100 359
100 0
101 0
101 1
102 1
103 1
103 2
104 2
104 3
104 4
105 4
105 5
106 5
106 6
107 6
107 7
108 7
109 7
109 8
109 9
109 10
110 10
110 11
110 12
110 13
111 13
111 14
111 15
112 15
112 16
112 17
112 18
112 19
112 20
112 21
112 22
112 23
113 23
-2 -2
