168 178
168 179
168 180
168 181
168 182
167 182
166 182
165 182
164 182
163 182
162 182
161 182
161 183
160 183
159 183
159 184
158 184
157 184
156 184
155 184
155 185
154 185
153 185
152 185
152 186
151 186
150 186
149 186
148 186
147 186
146 186
145 186
145 187
145 188
144 188
143 188
142 188
141 188
140 188
139 188
138 188
138 189
137 189
136 189
136 190
135 190
134 190
134 191
133 191
132 191
131 191
130 191
129 191
128 191
127 191
127 192
126 192
125 192
125 193
124 193
123 193
123 194
122 194
121 194
120 194
119 194
119 195
118 195
117 195
116 195
116 196
116 197
115 197
114 197
113 197
112 197
112 198
111 198
110 198
109 198
109 199
108 199
107 199
106 199
106 200
105 200
104 200
103 200
102 200
102 201
101 201
100 201
99 201
98 201
97 201
96 201
95 201
94 201
94 202
93 202
93 201
92 201
92 202
91 202
90 202
90 203
90 204
89 204
89 205
89 206
89 207
90 207
90 208
91 208
91 209
92 209
92 210
92 211
92 212
92 213
92 214
92 215
92 216
93 216
93 217
93 218
92 218
92 219
92 220
92 221
92 222
91 222
91 223
90 223
90 224
90 225
90 226
90 227
89 227
88 227
88 228
88 229
87 229
87 230
86 230
86 231
85 231
84 231
84 232
83 232
83 233
82 233
82 234
81 234
81 235
80 235
80 236
79 236
79 237
78 237
78 238
77 238
77 239
76 239
76 240
76 241
75 241
75 242
74 242
74 243
74 244
73 244
73 245
73 246
74 246
75 246
75 247
76 247
77 247
77 248
78 248
79 248
80 248
80 249
81 249
81 250
82 250
83 250
83 251
84 251
84 252
85 252
85 253
86 253
87 253
87 254
88 254
89 254
90 254
90 255
90 256
91 256
92 256
92 257
93 257
93 258
94 258
94 259
95 259
96 259
96 260
97 260
97 261
98 261
98 262
99 262
99 263
100 263
100 264
101 264
102 264
102 265
103 265
103 266
103 267
103 268
104 268
104 269
104 270
104 271
105 271
105 272
105 273
106 273
106 274
106 275
106 276
106 277
106 278
106 279
106 280
106 281
106 282
106 283
106 284
106 285
106 286
106 287
105 287
105 288
105 289
104 289
104 290
104 291
104 292
104 293
103 293
103 294
103 295
102 295
102 296
102 297
102 298
102 299
101 299
101 300
101 301
101 302
101 303
101 304
101 305
102 305
102 306
102 307
101 307
101 308
102 308
102 309
103 309
103 310
103 311
103 312
103 313
104 313
104 314
105 314
105 315
105 316
105 317
106 317
106 318
107 318
107 319
107 320
107 321
108 321
108 322
108 323
109 323
109 324
109 325
109 326
110 326
110 327
111 327
111 328
110 328
110 329
111 329
111 330
112 330
112 331
112 332
113 332
113 333
114 333
114 334
114 335
115 335
115 336
116 336
116 337
117 337
117 338
117 339
118 339
118 340
119 340
119 341
120 341
120 342
121 342
122 342
122 343
123 343
123 344
124 344
125 344
125 345
126 345
126 346
127 346
128 346
128 347
129 347
129 348
130 348
131 348
131 349
132 349
133 349
134 349
134 350
135 350
136 350
136 351
137 351
138 351
138 352
139 352
140 352
140 353
141 353
142 353
143 353
143 354
144 354
145 354
146 354
147 354
148 354
149 354
149 355
150 355
151 355
151 356
152 356
153 356
154 356
155 356
155 357
156 357
156 358
157 358
158 358
159 358
160 358
160 359
160 0
160 1
160 2
159 2
159 3
158 3
157 3
156 3
155 3
155 4
154 4
153 4
153 5
152 5
151 5
150 5
150 6
149 6
148 6
147 6
146 6
145 6
144 6
143 6
143 7
142 7
141 7
141 8
140 8
139 8
139 9
138 9
137 9
137 10
136 10
135 10
135 11
134 11
133 11
133 12
132 12
131 12
130 12
130 13
129 13
129 14
128 14
127 14
127 15
126 15
126 16
125 16
124 16
123 16
123 17
123 18
122 18
122 19
121 19
120 19
120 20
119 20
119 21
118 21
118 22
117 22
117 23
117 24
116 24
116 25
115 25
115 26
115 27
114 27
114 28
113 28
113 29
113 30
113 31
112 31
111 31
111 32
111 33
111 34
110 34
110 35
110 36
110 37
109 37
109 38
109 39
109 40
108 40
108 41
108 42
107 42
107 43
107 44
106 44
106 45
106 46
105 46
105 47
105 48
104 48
104 49
104 50
103 50
103 51
103 52
102 52
102 53
102 54
102 55
102 56
102 57
102 58
102 59
102 60
103 60
103 61
102 61
102 62
102 63
103 63
103 64
103 65
103 66
104 66
104 67
104 68
105 68
105 69
105 70
105 71
105 72
106 72
106 73
107 73
107 74
107 75
107 76
107 77
107 78
107 79
107 80
107 81
107 82
107 83
107 84
107 85
107 86
107 87
106 87
106 88
106 89
106 90
105 90
105 91
105 92
104 92
104 93
104 94
104 95
103 95
103 96
102 96
101 96
101 97
100 97
99 97
99 98
99 99
98 99
98 100
97 100
97 101
96 101
95 101
95 102
94 102
94 103
93 103
93 104
92 104
91 104
91 105
90 105
90 106
89 106
88 106
88 107
87 107
86 107
86 108
85 108
85 109
84 109
84 110
83 110
82 110
82 111
81 111
80 111
80 112
79 112
78 112
77 112
77 113
76 113
76 114
75 114
74 114
74 115
74 116
75 116
75 117
75 118
76 118
76 119
77 119
77 120
78 120
78 121
79 121
79 122
79 123
80 123
80 124
81 124
81 125
82 125
82 126
83 126
83 127
84 127
85 127
85 128
86 128
86 129
87 129
87 130
88 130
88 131
89 131
89 132
90 132
90 133
90 134
90 135
91 135
91 136
92 136
92 137
92 138
93 138
93 139
93 140
93 141
93 142
93 143
93 144
93 145
93 146
93 147
93 148
93 149
92 149
92 150
92 151
91 151
91 152
90 152
90 153
89 153
89 154
89 155
90 155
90 156
90 157
91 157
91 158
92 158
93 158
94 158
95 158
96 158
97 158
97 159
98 159
98 158
99 158
100 158
100 159
101 159
102 159
103 159
104 159
105 159
105 160
106 160
107 160
107 161
108 161
109 161
110 161
110 162
111 162
112 162
113 162
114 162
115 162
116 162
116 163
116 164
117 164
117 165
118 165
119 165
120 165
120 166
121 166
122 166
123 166
124 166
124 167
125 167
125 168
126 168
127 168
128 168
129 168
130 168
131 168
131 169
132 169
133 169
134 169
135 169
135 170
136 170
136 171
137 171
138 171
139 171
140 171
141 171
142 171
143 171
143 172
144 172
145 172
145 173
146 173
147 173
148 173
148 174
149 174
150 174
151 174
152 174
153 174
153 175
154 175
155 175
156 175
157 175
157 176
158 176
159 176
159 177
160 177
161 177
162 177
163 177
164 177
165 177
166 177
167 177
167 178
168 178
-2 -2
