198 137
198 138
198 139
198 140
197 140
197 141
196 141
195 141
194 141
194 142
193 142
192 142
191 142
190 142
189 142
188 142
187 142
186 142
186 143
185 143
184 143
183 143
182 143
181 143
180 143
180 142
179 142
178 142
177 142
176 142
175 142
174 142
173 142
172 142
171 142
170 142
170 141
169 141
168 141
167 141
167 140
166 140
165 140
164 140
163 140
162 140
161 140
160 140
159 140
158 140
157 140
156 140
155 140
154 140
153 140
152 140
151 140
150 140
149 140
148 140
147 140
146 140
146 141
145 141
144 141
143 141
142 141
141 141
140 141
139 141
138 141
137 141
137 142
136 142
135 142
135 143
134 143
133 143
132 143
131 143
131 144
130 144
129 144
128 144
127 144
127 145
126 145
125 145
124 145
124 146
123 146
123 147
122 147
122 146
121 146
121 147
120 147
119 147
118 147
117 147
116 147
116 148
115 148
115 149
114 149
113 149
113 150
112 150
111 150
110 150
109 150
108 150
108 151
107 151
106 151
106 152
105 152
105 153
104 153
104 154
103 154
103 155
102 155
101 155
101 156
100 156
99 156
99 157
98 157
97 157
96 157
96 158
95 158
94 158
94 159
94 160
93 160
93 161
93 162
92 162
92 163
92 164
91 164
91 165
90 165
90 166
89 166
88 166
88 167
87 167
87 168
86 168
85 168
85 169
85 170
85 171
85 172
84 172
84 173
84 174
84 175
84 176
83 176
83 177
83 178
82 178
81 178
81 179
81 180
80 180
79 180
79 181
79 182
79 183
79 184
79 185
79 186
79 187
79 188
79 189
78 189
77 189
77 190
77 191
77 192
76 192
76 193
77 193
77 194
77 195
76 195
76 196
76 197
76 198
76 199
75 199
75 200
75 201
75 202
76 202
76 203
76 204
76 205
76 206
76 207
76 208
75 208
75 209
75 210
75 211
76 211
76 212
77 212
77 213
77 214
77 215
77 216
76 216
76 217
77 217
77 218
77 219
77 220
77 221
77 222
77 223
77 224
78 224
78 225
78 226
78 227
78 228
78 229
79 229
79 230
79 231
79 232
79 233
79 234
80 234
80 235
80 236
81 236
81 237
81 238
81 239
82 239
82 240
82 241
83 241
83 242
83 243
84 243
84 244
84 245
85 245
85 246
85 247
85 248
85 249
86 249
86 250
86 251
87 251
87 252
87 253
87 254
88 254
88 255
89 255
89 256
89 257
90 257
90 258
90 259
90 260
91 260
91 261
92 261
92 262
92 263
93 263
93 264
93 265
94 265
95 265
95 266
95 267
96 267
97 267
97 268
97 269
97 270
98 270
99 270
99 271
100 271
100 272
101 272
101 273
102 273
102 274
102 275
103 275
103 276
103 277
104 277
105 277
106 277
107 277
107 278
107 279
107 280
107 281
108 281
109 281
109 282
109 283
110 283
111 283
112 283
112 284
113 284
113 285
114 285
114 286
115 286
116 286
116 287
116 288
117 288
117 289
118 289
118 290
118 291
119 291
119 292
120 292
121 292
121 293
122 293
122 294
123 294
123 295
124 295
125 295
125 296
126 296
126 297
127 297
127 298
128 298
128 299
129 299
129 300
130 300
130 301
130 302
131 302
132 302
132 303
133 303
133 304
134 304
134 305
134 306
134 307
135 307
135 308
136 308
136 309
136 310
136 311
136 312
136 313
137 313
137 314
137 315
138 315
138 316
138 317
138 318
139 318
139 319
139 320
139 321
139 322
139 323
139 324
140 324
140 325
140 326
141 326
141 327
141 328
141 329
142 329
142 330
142 331
142 332
143 332
143 333
143 334
143 335
143 336
143 337
143 338
143 339
142 339
142 340
142 341
142 342
143 342
143 343
143 344
142 344
142 345
141 345
141 346
141 347
140 347
140 348
140 349
139 349
138 349
138 350
137 350
137 351
136 351
135 351
135 352
134 352
134 353
133 353
133 354
133 355
133 356
132 356
132 357
131 357
130 357
130 358
129 358
129 359
128 359
128 0
127 0
126 0
126 1
125 1
124 1
124 2
123 2
123 3
122 3
122 4
121 4
120 4
119 4
119 5
118 5
117 5
117 6
116 6
115 6
115 7
114 7
113 7
113 8
112 8
112 9
111 9
110 9
109 9
108 9
108 10
107 10
106 10
105 10
105 11
104 11
104 12
103 12
102 12
101 12
101 13
100 13
99 13
98 13
97 13
97 14
96 14
95 14
94 14
94 15
93 15
92 15
92 16
91 16
90 16
90 17
89 17
88 17
88 18
87 18
86 18
85 18
84 18
84 19
83 19
82 19
81 19
80 19
79 19
79 20
78 20
77 20
76 20
75 20
74 20
73 20
73 21
72 21
71 21
71 20
70 20
69 20
68 20
67 20
66 20
65 20
64 20
63 20
62 20
61 20
60 20
59 20
59 19
58 19
57 19
57 18
56 18
55 18
55 17
54 17
53 17
53 16
52 16
51 16
51 15
51 14
50 14
50 13
49 13
48 13
48 12
47 12
47 11
46 11
46 10
46 9
45 9
45 8
45 7
45 6
45 5
44 5
44 4
43 4
43 3
42 3
42 2
42 1
41 1
41 0
41 359
41 358
41 357
41 356
41 355
41 354
41 353
41 352
40 352
40 351
40 350
40 349
40 348
40 347
41 347
41 346
40 346
40 345
40 344
40 343
40 342
41 342
41 341
41 340
41 339
41 338
42 338
42 337
42 336
42 335
43 335
43 334
43 333
43 332
44 332
44 331
45 331
45 330
46 330
46 329
46 328
47 328
47 327
48 327
49 327
49 326
49 325
50 325
50 324
51 324
51 323
51 322
52 322
53 322
53 321
54 321
55 321
56 321
56 320
57 320
58 320
59 320
60 320
60 319
61 319
62 319
62 320
63 320
64 320
65 320
66 320
66 319
67 319
68 319
69 319
70 319
70 320
71 320
72 320
73 320
73 321
74 321
75 321
76 321
76 322
77 322
78 322
79 322
79 323
80 323
81 323
81 324
82 324
83 324
83 325
84 325
85 325
85 326
86 326
86 327
87 327
88 327
88 328
89 328
89 329
90 329
90 330
90 331
91 331
91 332
91 333
92 333
92 334
92 335
92 336
92 337
92 338
92 339
93 339
93 340
93 341
93 342
94 342
94 343
94 344
94 345
94 346
94 347
94 348
95 348
96 348
97 348
98 348
98 347
99 347
99 346
100 346
100 345
101 345
101 344
102 344
103 344
103 343
104 343
104 342
105 342
106 342
106 341
106 340
107 340
107 339
108 339
108 338
109 338
109 337
109 336
110 336
110 335
111 335
111 334
112 334
112 333
113 333
113 332
114 332
114 331
113 331
113 330
113 329
112 329
112 328
111 328
111 327
110 327
109 327
109 326
108 326
108 325
107 325
106 325
106 324
105 324
104 324
103 324
103 323
102 323
102 322
101 322
100 322
100 321
99 321
98 321
98 320
97 320
96 320
96 319
95 319
94 319
94 318
93 318
92 318
92 317
91 317
91 316
90 316
89 316
89 315
88 315
87 315
86 315
86 314
85 314
85 313
84 313
83 313
83 312
82 312
82 311
81 311
81 310
80 310
80 309
79 309
78 309
78 308
77 308
77 307
76 307
76 306
75 306
75 305
74 305
73 305
73 304
72 304
72 303
72 302
71 302
71 301
70 301
70 300
69 300
68 300
68 299
67 299
66 299
66 298
65 298
65 297
64 297
63 297
63 296
62 296
62 295
62 294
62 293
61 293
61 292
60 292
60 291
59 291
58 291
58 290
58 289
57 289
56 289
55 289
55 288
55 287
54 287
54 286
53 286
53 285
53 284
53 283
52 283
52 282
51 282
51 281
50 281
50 280
49 280
49 279
49 278
48 278
48 277
48 276
47 276
47 275
47 274
46 274
46 273
45 273
45 272
45 271
44 271
44 270
43 270
43 269
43 268
43 267
43 266
43 265
43 264
43 263
43 262
43 261
43 260
43 259
43 258
43 257
43 256
42 256
42 255
42 254
42 253
41 253
41 252
41 251
41 250
41 249
41 248
41 247
41 246
41 245
42 245
42 244
42 243
42 242
42 241
41 241
41 240
41 239
40 239
40 238
40 237
40 236
41 236
41 235
41 234
40 234
40 233
40 232
40 231
40 230
40 229
40 228
40 227
40 226
40 225
40 224
40 223
40 222
40 221
39 221
39 220
39 219
40 219
40 218
40 217
40 216
40 215
40 214
39 214
39 213
39 212
39 211
39 210
39 209
38 209
38 208
38 207
38 206
38 205
38 204
38 203
39 203
39 202
39 201
39 200
40 200
40 199
40 198
39 198
39 197
39 196
39 195
40 195
40 194
40 193
39 193
39 192
39 191
39 190
40 190
40 189
40 188
40 187
40 186
40 185
41 185
42 185
42 184
43 184
43 183
43 182
43 181
43 180
44 180
44 179
44 178
44 177
44 176
44 175
44 174
44 173
44 172
44 171
45 171
46 171
46 170
47 170
47 169
47 168
48 168
49 168
49 167
49 166
49 165
49 164
50 164
51 164
51 163
51 162
52 162
52 161
53 161
54 161
55 161
55 160
56 160
56 159
56 158
57 158
57 157
57 156
58 156
58 155
59 155
59 154
60 154
61 154
61 153
62 153
62 152
63 152
64 152
64 151
65 151
65 150
65 149
64 149
64 150
63 150
62 150
61 150
61 151
60 151
59 151
58 151
58 152
57 152
56 152
56 153
55 153
54 153
53 153
52 153
51 153
50 153
49 153
48 153
48 154
47 154
46 154
45 154
45 155
44 155
43 155
42 155
41 155
41 156
40 156
39 156
39 157
38 157
37 157
36 157
35 157
34 157
33 157
32 157
31 157
30 157
30 158
29 158
28 158
27 158
26 158
25 158
25 157
24 157
24 156
23 156
23 155
22 155
22 154
21 154
20 154
19 154
19 153
19 152
18 152
18 151
17 151
17 150
17 149
16 149
16 148
16 147
16 146
15 146
15 145
15 144
14 144
14 143
14 142
13 142
12 142
12 141
12 140
11 140
11 139
11 138
11 137
11 136
10 136
10 135
10 134
11 134
11 133
10 133
10 132
10 131
10 130
10 129
9 129
9 128
9 127
9 126
10 126
10 125
9 125
8 125
8 124
8 123
8 122
9 122
9 121
9 120
9 119
10 119
10 118
9 118
9 117
9 116
9 115
10 115
10 114
10 113
9 113
8 113
8 112
8 111
8 110
9 110
9 109
9 108
8 108
8 107
8 106
8 105
9 105
9 104
10 104
10 103
9 103
8 103
8 102
8 101
8 100
9 100
9 99
9 98
10 98
10 97
9 97
8 97
8 96
8 95
8 94
9 94
9 93
9 92
9 91
8 91
8 90
8 89
9 89
9 88
9 87
9 86
8 86
8 85
8 84
8 83
9 83
10 83
10 82
10 81
9 81
9 80
9 79
9 78
10 78
11 78
11 77
10 77
10 76
9 76
9 75
9 74
9 73
10 73
10 72
9 72
9 71
9 70
9 69
10 69
11 69
11 68
11 67
10 67
10 66
10 65
10 64
11 64
11 63
10 63
10 62
10 61
10 60
11 60
11 59
11 58
12 58
12 57
12 56
12 55
13 55
13 54
14 54
15 54
15 53
16 53
16 52
17 52
17 51
17 50
18 50
18 49
19 49
20 49
20 48
20 47
21 47
22 47
23 47
24 47
25 47
25 46
25 45
26 45
27 45
27 44
28 44
29 44
30 44
31 44
32 44
33 44
34 44
35 44
36 44
36 45
37 45
37 46
38 46
39 46
39 47
39 48
40 48
40 49
41 49
42 49
42 50
42 51
43 51
43 52
43 53
44 53
44 54
44 55
44 56
45 56
45 57
45 58
45 59
45 60
45 61
45 62
45 63
44 63
44 64
44 65
44 66
44 67
44 68
43 68
43 69
42 69
42 70
42 71
42 72
42 73
41 73
41 74
41 75
41 76
41 77
41 78
40 78
40 79
40 80
40 81
40 82
40 83
40 84
40 85
40 86
41 86
41 87
41 88
41 89
41 90
42 90
42 91
43 91
43 92
44 92
44 93
44 94
45 94
45 95
45 96
46 96
46 97
47 97
47 98
48 98
48 99
49 99
49 100
50 100
50 101
51 101
51 102
52 102
52 103
53 103
54 103
55 103
55 104
55 105
56 105
57 105
58 105
59 105
59 106
60 106
61 106
61 107
62 107
63 107
64 107
65 107
65 108
66 108
67 108
68 108
68 109
69 109
70 109
71 109
71 110
72 110
72 109
73 109
73 110
74 110
75 110
76 110
77 110
78 110
78 111
79 111
80 111
81 111
82 111
83 111
84 111
85 111
85 112
86 112
87 112
88 112
89 112
90 112
91 112
92 112
92 113
93 113
94 113
95 113
96 113
96 114
97 114
98 114
99 114
100 114
101 114
101 115
102 115
103 115
104 115
105 115
105 116
106 116
107 116
108 116
109 116
110 116
111 116
112 116
113 116
114 116
114 117
115 117
116 117
117 117
118 117
119 117
120 117
120 118
121 118
122 118
123 118
124 118
125 118
125 119
126 119
127 119
128 119
129 119
130 119
131 119
132 119
132 120
133 120
134 120
135 120
136 120
137 120
138 120
139 120
139 121
140 121
140 120
141 120
141 121
142 121
143 121
144 121
145 121
146 121
146 122
147 122
148 122
149 122
150 122
150 123
151 123
152 123
153 123
154 123
155 123
155 124
156 124
157 124
158 124
158 125
159 125
159 124
160 124
161 124
161 125
162 125
163 125
164 125
164 126
165 126
166 126
167 126
168 126
169 126
169 127
170 127
171 127
172 127
173 127
174 127
175 127
175 128
176 128
177 128
177 129
178 129
179 129
180 129
180 130
181 130
182 130
182 131
183 131
184 131
185 131
185 132
186 132
187 132
188 132
188 133
189 133
190 133
191 133
191 134
192 134
193 134
194 134
195 134
195 135
196 135
197 135
197 136
197 137
198 137
-2 -2
