200 40
200 41
200 42
199 42
199 43
199 44
198 44
198 45
197 45
196 45
196 46
195 46
194 46
193 46
193 47
192 47
191 47
190 47
190 48
189 48
188 48
187 48
187 49
186 49
185 49
184 49
184 50
183 50
182 50
181 50
181 51
180 51
179 51
178 51
178 52
177 52
176 52
175 52
175 53
174 53
173 53
172 53
171 53
170 53
169 53
169 54
168 54
167 54
166 54
165 54
165 55
164 55
163 55
163 56
162 56
162 55
161 55
160 55
159 55
159 56
158 56
157 56
156 56
155 56
155 57
154 57
153 57
152 57
151 57
150 57
150 58
149 58
148 58
147 58
146 58
146 59
145 59
144 59
143 59
142 59
141 59
141 60
140 60
140 59
139 59
139 60
138 60
137 60
136 60
135 60
134 60
133 60
132 60
132 61
131 61
130 61
129 61
128 61
127 61
126 61
125 61
125 62
124 62
123 62
122 62
121 62
121 63
120 63
119 63
118 63
117 63
116 63
115 63
114 63
114 64
113 64
112 64
111 64
110 64
109 64
108 64
107 64
106 64
105 64
105 65
104 65
103 65
102 65
101 65
101 66
100 66
99 66
98 66
97 66
96 66
96 67
95 67
94 67
93 67
92 67
92 68
91 68
91 67
90 67
90 68
89 68
88 68
88 67
87 67
87 68
86 68
85 68
85 69
84 69
84 68
83 68
83 69
82 69
81 69
81 68
80 68
80 69
79 69
78 69
78 70
77 70
76 70
75 70
74 70
73 70
72 70
71 70
71 71
70 71
69 71
68 71
67 71
66 71
65 71
65 72
64 72
63 72
63 73
62 73
61 73
60 73
60 74
59 74
58 74
57 74
57 75
56 75
56 76
55 76
55 77
54 77
53 77
52 77
52 78
51 78
51 79
50 79
50 80
49 80
49 81
48 81
47 81
47 82
47 83
46 83
46 84
46 85
45 85
45 86
44 86
44 87
44 88
43 88
43 89
43 90
42 90
42 91
42 92
42 93
41 93
41 94
41 95
41 96
41 97
41 98
41 99
41 100
41 101
41 102
41 103
42 103
42 104
42 105
42 106
42 107
43 107
43 108
43 109
43 110
43 111
44 111
44 112
44 113
44 114
45 114
45 115
45 116
46 116
46 117
46 118
46 119
45 119
45 120
45 121
45 122
45 123
45 124
44 124
44 125
44 126
44 127
43 127
43 128
43 129
42 129
42 130
41 130
40 130
40 131
39 131
39 132
38 132
37 132
37 133
36 133
36 134
35 134
34 134
33 134
32 134
31 134
30 134
29 134
28 134
27 134
27 133
27 132
26 132
25 132
25 131
25 130
24 130
23 130
23 129
22 129
21 129
20 129
20 128
20 127
19 127
18 127
18 126
18 125
18 124
17 124
16 124
16 123
16 122
15 122
15 121
14 121
14 120
13 120
12 120
12 119
12 118
12 117
13 117
13 116
12 116
12 115
12 114
11 114
11 113
11 112
11 111
11 110
10 110
10 109
10 108
10 107
11 107
11 106
10 106
10 105
10 104
10 103
11 103
11 102
11 101
10 101
10 100
10 99
10 98
11 98
11 97
12 97
12 96
11 96
10 96
10 95
10 94
10 93
11 93
11 92
11 91
10 91
9 91
9 90
9 89
10 89
10 88
10 87
10 86
9 86
9 85
9 84
9 83
10 83
10 82
10 81
9 81
9 80
9 79
9 78
10 78
11 78
11 77
10 77
10 76
9 76
9 75
9 74
9 73
10 73
10 72
9 72
9 71
9 70
9 69
10 69
11 69
11 68
11 67
10 67
10 66
10 65
10 64
11 64
11 63
10 63
10 62
10 61
10 60
11 60
11 59
11 58
11 57
10 57
10 56
10 55
10 54
11 54
11 53
10 53
10 52
10 51
10 50
11 50
11 49
11 48
11 47
12 47
12 46
12 45
12 44
12 43
12 42
12 41
13 41
14 41
15 41
15 40
15 39
15 38
15 37
16 37
16 36
16 35
17 35
17 34
17 33
18 33
18 32
18 31
19 31
19 30
19 29
20 29
20 28
20 27
21 27
22 27
23 27
23 26
24 26
24 25
25 25
25 24
26 24
26 23
27 23
28 23
29 23
30 23
31 23
31 24
32 24
33 24
34 24
35 24
36 24
37 24
38 24
39 24
40 24
41 24
41 25
42 25
43 25
43 26
44 26
45 26
46 26
47 26
48 26
48 27
49 27
50 27
51 27
52 27
53 27
54 27
55 27
56 27
56 28
57 28
58 28
58 29
59 29
60 29
61 29
61 30
62 30
63 30
64 30
64 31
65 31
66 31
67 31
67 30
66 30
66 29
65 29
65 28
64 28
63 28
62 28
62 27
61 27
61 26
60 26
59 26
59 25
59 24
58 24
58 23
58 22
57 22
57 21
56 21
56 20
56 19
55 19
54 19
54 18
53 18
52 18
52 17
51 17
51 16
50 16
50 15
50 14
50 13
49 13
49 12
48 12
48 11
47 11
47 10
46 10
45 10
45 9
45 8
45 7
45 6
45 5
45 4
45 3
45 2
45 1
44 1
44 0
44 359
44 358
43 358
43 357
43 356
42 356
42 355
41 355
41 354
41 353
41 352
41 351
40 351
40 350
40 349
40 348
40 347
41 347
41 346
41 345
40 345
40 344
40 343
40 342
41 342
41 341
40 341
40 340
40 339
40 338
40 337
39 337
39 336
39 335
39 334
39 333
39 332
39 331
40 331
40 330
40 329
40 328
40 327
40 326
40 325
40 324
40 323
40 322
40 321
40 320
40 319
40 318
40 317
41 317
41 316
40 316
40 315
40 314
40 313
40 312
40 311
40 310
41 310
41 309
41 308
41 307
41 306
40 306
40 305
40 304
40 303
41 303
41 302
41 301
41 300
41 299
42 299
42 298
41 298
41 297
41 296
40 296
40 295
40 294
40 293
40 292
41 292
41 291
41 290
41 289
42 289
42 288
42 287
42 286
42 285
42 284
42 283
42 282
42 281
42 280
42 279
42 278
42 277
42 276
42 275
42 274
42 273
42 272
43 272
43 271
43 270
44 270
45 270
45 269
46 269
46 268
46 267
46 266
46 265
47 265
47 264
47 263
48 263
48 262
49 262
49 261
49 260
50 260
50 259
50 258
51 258
52 258
52 257
52 256
52 255
52 254
53 254
54 254
54 253
54 252
55 252
55 251
56 251
57 251
57 250
58 250
58 249
58 248
59 248
60 248
60 247
60 246
61 246
61 245
61 244
62 244
63 244
63 243
64 243
64 242
65 242
65 241
66 241
67 241
67 240
68 240
69 240
69 239
70 239
70 238
70 237
71 237
71 236
72 236
73 236
73 235
74 235
74 234
75 234
75 233
76 233
76 232
77 232
77 231
78 231
78 230
79 230
79 229
80 229
81 229
81 228
82 228
82 227
83 227
83 226
84 226
85 226
85 225
86 225
86 224
87 224
88 224
89 224
89 223
90 223
91 223
91 222
92 222
93 222
93 221
94 221
95 221
95 220
96 220
97 220
97 219
98 219
99 219
99 218
100 218
101 218
101 217
102 217
102 216
103 216
104 216
104 215
105 215
106 215
107 215
107 214
108 214
108 213
109 213
110 213
110 212
110 211
111 211
111 210
112 210
112 209
112 208
112 207
111 207
111 206
110 206
110 205
109 205
109 204
108 204
108 203
107 203
107 202
107 201
106 201
106 200
105 200
105 199
105 198
104 198
104 197
103 197
103 196
102 196
101 196
101 195
100 195
100 194
99 194
99 195
98 195
98 194
98 193
98 192
97 192
96 192
96 191
95 191
94 191
94 192
93 192
93 193
93 194
93 195
93 196
93 197
93 198
92 198
92 199
92 200
91 200
91 201
91 202
91 203
91 204
90 204
90 205
90 206
90 207
90 208
90 209
90 210
89 210
88 210
88 211
87 211
87 212
86 212
86 213
85 213
84 213
84 214
84 215
83 215
82 215
81 215
81 216
80 216
79 216
79 217
78 217
78 218
77 218
76 218
76 219
75 219
75 218
74 218
74 219
73 219
72 219
71 219
71 220
70 220
69 220
68 220
68 221
67 221
66 221
66 220
65 220
64 220
63 220
62 220
61 220
60 220
59 220
58 220
57 220
56 220
56 219
55 219
54 219
53 219
52 219
52 218
51 218
50 218
50 217
49 217
49 216
49 215
48 215
48 214
47 214
47 213
46 213
46 212
45 212
45 211
45 210
44 210
44 209
44 208
43 208
42 208
42 207
42 206
42 205
41 205
41 204
41 203
41 202
40 202
40 201
40 200
40 199
40 198
39 198
39 197
39 196
39 195
39 194
39 193
39 192
39 191
39 190
39 189
39 188
39 187
40 187
40 186
40 185
40 184
40 183
40 182
40 181
40 180
40 179
40 178
40 177
41 177
41 176
42 176
42 175
43 175
43 174
43 173
43 172
44 172
44 171
44 170
44 169
45 169
45 168
46 168
46 167
46 166
47 166
48 166
48 165
49 165
49 164
50 164
51 164
51 163
52 163
52 162
52 161
53 161
54 161
55 161
56 161
56 160
57 160
58 160
58 159
59 159
60 159
61 159
62 159
63 159
64 159
65 159
66 159
67 159
68 159
69 159
70 159
71 159
72 159
73 159
73 158
74 158
75 158
75 159
76 159
77 159
78 159
78 160
79 160
80 160
81 160
82 160
82 161
83 161
84 161
85 161
86 161
87 161
87 162
88 162
88 163
89 163
90 163
90 164
91 164
92 164
92 165
93 165
94 165
95 165
95 166
96 166
97 166
97 167
98 167
99 167
100 167
101 167
102 167
103 167
103 168
104 168
104 169
105 169
106 169
106 170
107 170
108 170
109 170
109 171
110 171
111 171
112 171
112 172
113 172
113 173
114 173
115 173
115 174
116 174
117 174
117 175
118 175
119 175
119 176
120 176
121 176
122 176
122 177
122 178
123 178
124 178
124 179
125 179
125 180
126 180
127 180
127 181
128 181
128 182
129 182
130 182
130 183
131 183
131 184
132 184
132 185
132 186
132 187
133 187
133 188
134 188
134 189
135 189
136 189
136 190
137 190
137 191
138 191
139 191
139 192
139 193
140 193
140 194
140 195
141 195
141 196
141 197
141 198
141 199
141 200
141 201
142 201
142 202
142 203
142 204
142 205
141 205
141 206
141 207
141 208
141 209
140 209
140 210
140 211
140 212
139 212
139 213
139 214
139 215
138 215
138 216
138 217
138 218
138 219
138 220
137 220
137 221
137 222
137 223
136 223
136 224
136 225
136 226
136 227
136 228
135 228
135 229
134 229
134 230
134 231
134 232
134 233
133 233
133 234
132 234
132 235
132 236
132 237
131 237
131 238
130 238
129 238
129 239
128 239
128 240
128 241
127 241
126 241
126 242
126 243
125 243
125 244
124 244
124 245
123 245
123 246
122 246
121 246
121 247
120 247
120 248
119 248
118 248
118 249
117 249
117 250
117 251
116 251
116 252
115 252
115 253
115 254
114 254
114 255
113 255
112 255
112 256
111 256
111 257
110 257
109 257
109 258
108 258
108 259
107 259
107 260
106 260
106 261
106 262
105 262
105 263
104 263
103 263
103 264
102 264
102 265
101 265
101 266
101 267
100 267
100 268
100 269
99 269
98 269
98 270
97 270
97 271
97 272
96 272
96 273
95 273
95 274
94 274
94 275
93 275
93 276
92 276
92 277
92 278
91 278
91 279
91 280
90 280
90 281
89 281
89 282
89 283
89 284
88 284
88 285
88 286
87 286
87 287
87 288
87 289
86 289
86 290
86 291
85 291
85 292
85 293
84 293
84 294
84 295
84 296
84 297
83 297
83 298
83 299
82 299
82 300
82 301
81 301
81 302
81 303
81 304
80 304
80 305
80 306
80 307
80 308
79 308
79 309
79 310
79 311
78 311
78 312
78 313
78 314
78 315
78 316
78 317
77 317
77 318
77 319
77 320
77 321
77 322
77 323
76 323
76 324
77 324
77 325
77 326
77 327
77 328
77 329
76 329
76 330
76 331
75 331
75 332
76 332
76 333
76 334
77 334
77 335
77 336
77 337
77 338
76 338
76 339
76 340
76 341
76 342
77 342
77 343
77 344
77 345
77 346
77 347
77 348
77 349
78 349
78 350
78 351
79 351
79 352
80 352
80 353
80 354
80 355
80 356
80 357
80 358
80 359
80 0
81 0
81 1
82 1
82 2
83 2
84 2
84 3
84 4
85 4
85 5
85 6
85 7
85 8
86 8
86 9
86 10
86 11
86 12
87 12
88 12
88 13
88 14
89 14
90 14
91 14
92 14
92 15
92 16
93 16
93 17
93 18
94 18
94 19
94 20
95 20
95 21
95 22
96 22
97 22
97 23
98 23
99 23
100 23
100 24
101 24
102 24
102 25
103 25
104 25
104 26
105 26
105 27
106 27
106 28
107 28
107 29
108 29
109 29
109 30
110 30
111 30
112 30
113 30
114 30
114 31
115 31
116 31
116 32
117 32
118 32
118 33
119 33
120 33
121 33
122 33
123 33
123 34
124 34
125 34
125 35
126 35
127 35
128 35
128 36
129 36
130 36
131 36
131 37
132 37
133 37
134 37
135 37
136 37
137 37
137 38
138 38
138 39
139 39
140 39
141 39
142 39
143 39
144 39
145 39
146 39
147 39
147 40
148 40
149 40
150 40
151 40
152 40
153 40
154 40
155 40
156 40
156 41
157 41
157 40
158 40
159 40
160 40
161 40
162 40
163 40
164 40
165 40
166 40
167 40
168 40
168 39
169 39
170 39
171 39
172 39
172 38
173 38
174 38
175 38
176 38
177 38
178 38
179 38
180 38
181 38
182 38
182 37
183 37
184 37
185 37
186 37
187 37
187 38
188 38
189 38
190 38
191 38
192 38
193 38
194 38
195 38
195 39
196 39
197 39
198 39
198 40
199 40
200 40
-2 -2
