41 70
41 71
41 72
41 73
40 73
40 74
41 74
41 75
41 76
41 77
41 78
40 78
40 79
40 80
40 81
40 82
40 83
40 84
40 85
40 86
40 87
40 88
40 89
40 90
40 91
40 92
40 93
40 94
40 95
40 96
40 97
40 98
40 99
40 100
40 101
40 102
41 102
41 103
41 104
41 105
41 106
40 106
40 107
40 108
40 109
40 110
40 111
39 111
39 112
39 113
39 114
39 115
39 116
39 117
39 118
39 119
39 120
39 121
39 122
39 123
39 124
39 125
39 126
39 127
38 127
38 128
38 129
38 130
38 131
37 131
37 132
37 133
37 134
37 135
37 136
37 137
37 138
37 139
37 140
37 141
37 142
37 143
37 144
37 145
37 146
37 147
37 148
38 148
38 149
38 150
38 151
38 152
38 153
38 154
37 154
37 155
38 155
38 156
38 157
38 158
38 159
39 159
39 160
39 161
39 162
38 162
38 163
39 163
39 164
39 165
39 166
39 167
38 167
38 168
38 169
38 170
38 171
39 171
39 172
39 173
39 174
39 175
39 176
39 177
39 178
39 179
39 180
40 180
40 181
40 182
40 183
39 183
39 184
39 185
39 186
39 187
39 188
39 189
39 190
39 191
39 192
38 192
38 193
39 193
39 194
39 195
39 196
39 197
39 198
40 198
40 199
40 200
40 201
39 201
39 202
39 203
39 204
39 205
39 206
39 207
39 208
39 209
39 210
39 211
39 212
39 213
39 214
39 215
39 216
39 217
38 217
38 218
38 219
38 220
38 221
38 222
38 223
38 224
38 225
38 226
38 227
38 228
38 229
38 230
38 231
38 232
38 233
39 233
39 234
39 235
39 236
39 237
39 238
38 238
38 239
39 239
39 240
39 241
39 242
39 243
39 244
39 245
39 246
39 247
39 248
39 249
39 250
39 251
39 252
38 252
38 253
39 253
39 254
39 255
39 256
39 257
38 257
38 258
38 259
38 260
38 261
38 262
38 263
38 264
38 265
38 266
38 267
38 268
38 269
38 270
38 271
38 272
38 273
38 274
38 275
38 276
38 277
38 278
38 279
38 280
38 281
38 282
38 283
39 283
39 284
39 285
39 286
39 287
38 287
38 288
39 288
39 289
39 290
39 291
39 292
40 292
40 293
40 294
40 295
39 295
39 296
40 296
40 297
40 298
40 299
39 299
39 300
39 301
39 302
39 303
39 304
39 305
39 306
39 307
39 308
39 309
39 310
39 311
39 312
39 313
39 314
39 315
39 316
39 317
39 318
39 319
39 320
39 321
39 322
39 323
39 324
39 325
39 326
40 326
40 327
40 328
40 329
39 329
39 330
39 331
39 332
39 333
40 333
40 334
40 335
41 335
41 336
41 337
41 338
40 338
40 339
40 340
41 340
41 341
41 342
41 343
40 343
40 344
40 345
40 346
40 347
40 348
40 349
40 350
40 351
40 352
40 353
40 354
40 355
40 356
40 357
40 358
40 359
40 0
40 1
40 2
40 3
40 4
40 5
40 6
40 7
40 8
40 9
39 9
39 10
39 11
39 12
40 12
40 13
40 14
40 15
40 16
40 17
40 18
40 19
40 20
40 21
40 22
39 22
39 23
39 24
39 25
38 25
38 26
39 26
39 27
39 28
38 28
38 29
39 29
39 30
39 31
38 31
38 32
38 33
38 34
38 35
38 36
38 37
38 38
38 39
38 40
38 41
39 41
39 42
39 43
39 44
39 45
39 46
39 47
39 48
39 49
39 50
39 51
39 52
39 53
40 53
40 54
40 55
40 56
40 57
40 58
40 59
40 60
40 61
40 62
40 63
40 64
39 64
39 65
40 65
40 66
40 67
40 68
40 69
40 70
41 70
-2 -2
