202 86
202 87
202 88
202 89
201 89
200 89
199 89
199 90
198 90
197 90
196 90
195 90
195 91
194 91
193 91
193 92
192 92
191 92
190 92
190 93
189 93
188 93
187 93
187 94
186 94
185 94
184 94
184 95
183 95
182 95
181 95
181 96
180 96
179 96
178 96
178 97
177 97
176 97
175 97
174 97
174 98
173 98
172 98
171 98
170 98
170 99
169 99
168 99
167 99
166 99
165 99
164 99
164 100
163 100
162 100
161 100
161 101
160 101
159 101
158 101
157 101
156 101
155 101
154 101
153 101
152 101
152 102
151 102
150 102
149 102
149 103
148 103
147 103
146 103
145 103
145 104
144 104
143 104
142 104
141 104
140 104
139 104
138 104
137 104
136 104
136 105
135 105
134 105
133 105
132 105
131 105
130 105
129 105
128 105
127 105
127 106
126 106
125 106
124 106
123 106
122 106
121 106
120 106
119 106
119 107
118 107
117 107
116 107
115 107
114 107
113 107
112 107
112 108
111 108
110 108
109 108
108 108
107 108
106 108
106 109
105 109
104 109
103 109
102 109
101 109
101 110
100 110
99 110
98 110
97 110
96 110
96 111
95 111
94 111
93 111
92 111
92 112
91 112
90 112
89 112
88 112
88 113
87 113
86 113
85 113
84 113
83 113
82 113
81 113
80 113
79 113
79 114
78 114
78 113
77 113
76 113
76 114
75 114
75 113
74 113
74 114
73 114
72 114
71 114
70 114
69 114
68 114
68 115
67 115
66 115
66 116
65 116
64 116
63 116
63 117
62 117
61 117
61 118
60 118
59 118
59 119
58 119
57 119
57 120
56 120
55 120
55 121
54 121
54 122
53 122
52 122
52 123
51 123
51 124
50 124
50 125
49 125
48 125
48 126
47 126
47 127
46 127
46 128
45 128
45 129
44 129
44 130
43 130
43 131
43 132
43 133
42 133
42 134
42 135
42 136
41 136
41 137
41 138
41 139
41 140
41 141
41 142
41 143
41 144
41 145
41 146
41 147
41 148
42 148
42 149
42 150
43 150
43 151
43 152
43 153
44 153
45 153
45 154
45 155
45 156
45 157
45 158
45 159
44 159
44 160
45 160
45 161
45 162
45 163
44 163
44 164
44 165
44 166
44 167
44 168
43 168
42 168
42 169
42 170
42 171
42 172
42 173
41 173
41 174
40 174
40 175
40 176
39 176
38 176
38 177
37 177
36 177
36 178
35 178
34 178
33 178
32 178
31 178
30 178
29 178
28 178
27 178
27 177
26 177
26 176
26 175
25 175
24 175
24 174
24 173
24 172
23 172
22 172
21 172
21 171
21 170
21 169
20 169
20 168
19 168
19 167
18 167
17 167
17 166
16 166
16 165
15 165
15 164
14 164
14 163
13 163
13 162
13 161
13 160
14 160
14 159
14 158
13 158
13 157
12 157
12 156
12 155
11 155
11 154
11 153
10 153
10 152
10 151
10 150
11 150
11 149
11 148
11 147
10 147
10 146
10 145
10 144
11 144
11 143
10 143
10 142
10 141
10 140
10 139
10 138
10 137
10 136
9 136
9 135
9 134
10 134
10 133
10 132
10 131
10 130
10 129
9 129
9 128
9 127
9 126
10 126
10 125
10 124
10 123
11 123
11 122
10 122
9 122
9 121
9 120
9 119
10 119
10 118
9 118
9 117
9 116
9 115
10 115
10 114
10 113
11 113
11 112
11 111
10 111
9 111
9 110
9 109
9 108
10 108
10 107
9 107
9 106
9 105
9 104
10 104
10 103
11 103
11 102
11 101
10 101
10 100
10 99
10 98
11 98
11 97
12 97
12 96
11 96
11 95
11 94
11 93
12 93
13 93
13 92
13 91
12 91
12 90
12 89
13 89
14 89
14 88
13 88
13 87
13 86
13 85
14 85
15 85
15 84
14 84
14 83
14 82
14 81
15 81
15 80
15 79
15 78
16 78
17 78
17 77
18 77
18 76
18 75
18 74
19 74
19 73
20 73
21 73
22 73
22 72
23 72
23 71
23 70
24 70
24 69
25 69
25 68
25 67
26 67
27 67
28 67
28 68
29 68
29 69
30 69
31 69
32 69
33 69
34 69
34 68
35 68
36 68
36 67
37 67
38 67
39 67
39 68
40 68
41 68
41 69
42 69
43 69
44 69
45 69
46 69
46 70
47 70
48 70
49 70
49 71
50 71
51 71
51 72
52 72
53 72
54 72
54 73
55 73
56 73
57 73
58 73
58 74
59 74
60 74
61 74
61 75
62 75
63 75
64 75
65 75
66 75
66 74
65 74
64 74
64 73
63 73
63 72
63 71
62 71
62 70
62 69
61 69
60 69
60 68
59 68
58 68
57 68
57 67
57 66
56 66
55 66
55 65
55 64
55 63
54 63
54 62
53 62
53 61
53 60
52 60
51 60
51 59
51 58
50 58
50 57
49 57
49 56
48 56
47 56
47 55
47 54
47 53
47 52
47 51
47 50
46 50
46 49
46 48
46 47
45 47
45 46
44 46
44 45
43 45
43 44
43 43
43 42
42 42
42 41
42 40
42 39
42 38
42 37
42 36
42 35
42 34
42 33
42 32
42 31
41 31
41 30
41 29
40 29
40 28
40 27
40 26
40 25
40 24
40 23
40 22
40 21
40 20
40 19
41 19
41 18
41 17
41 16
41 15
41 14
41 13
41 12
41 11
41 10
41 9
41 8
41 7
41 6
41 5
41 4
41 3
41 2
41 1
41 0
41 359
41 358
41 357
41 356
41 355
41 354
41 353
41 352
41 351
41 350
41 349
41 348
41 347
42 347
42 346
42 345
42 344
42 343
42 342
43 342
43 341
43 340
43 339
43 338
42 338
42 337
42 336
42 335
42 334
41 334
41 333
41 332
42 332
42 331
42 330
42 329
42 328
42 327
43 327
43 326
43 325
43 324
43 323
42 323
42 322
42 321
42 320
42 319
42 318
42 317
42 316
43 316
43 315
44 315
44 314
45 314
45 313
46 313
46 312
46 311
47 311
47 310
47 309
48 309
48 308
49 308
49 307
49 306
50 306
50 305
50 304
50 303
51 303
51 302
51 301
52 301
53 301
53 300
54 300
55 300
55 299
55 298
56 298
56 297
57 297
57 296
58 296
58 295
58 294
59 294
59 293
60 293
60 292
60 291
61 291
62 291
62 290
63 290
63 289
63 288
64 288
64 287
65 287
66 287
66 286
67 286
67 285
68 285
68 284
69 284
69 283
70 283
70 282
71 282
71 281
72 281
72 280
73 280
73 279
74 279
75 279
75 278
75 277
76 277
77 277
77 276
78 276
79 276
79 275
80 275
80 274
81 274
82 274
82 273
83 273
83 272
84 272
85 272
85 271
86 271
86 270
87 270
88 270
89 270
89 269
90 269
90 268
91 268
92 268
92 267
93 267
93 266
94 266
95 266
95 265
96 265
97 265
97 264
98 264
99 264
99 263
100 263
100 262
101 262
102 262
103 262
103 261
104 261
105 261
105 260
105 259
106 259
106 258
107 258
108 258
108 257
109 257
109 256
110 256
111 256
111 255
112 255
112 254
112 253
111 253
111 252
110 252
110 251
110 250
109 250
109 249
108 249
108 248
107 248
107 247
107 246
106 246
105 246
105 245
104 245
104 244
104 243
103 243
103 242
102 242
101 242
100 242
100 241
99 241
99 240
98 240
98 239
97 239
97 238
97 237
96 237
95 237
95 236
94 236
93 236
93 237
93 238
93 239
92 239
92 240
92 241
91 241
91 242
91 243
91 244
91 245
91 246
90 246
90 247
90 248
90 249
89 249
89 250
89 251
89 252
89 253
88 253
88 254
88 255
87 255
87 256
87 257
86 257
86 258
85 258
85 259
84 259
84 260
83 260
83 261
82 261
81 261
80 261
80 262
79 262
79 263
78 263
77 263
76 263
76 264
75 264
74 264
73 264
73 265
72 265
71 265
70 265
69 265
69 266
68 266
67 266
67 265
66 265
65 265
64 265
63 265
62 265
61 265
61 266
60 266
59 266
58 266
57 266
57 265
56 265
56 264
55 264
54 264
53 264
52 264
51 264
51 263
50 263
49 263
49 262
48 262
47 262
47 261
46 261
45 261
45 260
45 259
45 258
44 258
44 257
44 256
43 256
43 255
42 255
42 254
41 254
41 253
41 252
40 252
40 251
40 250
39 250
39 249
39 248
39 247
38 247
38 246
38 245
38 244
38 243
38 242
38 241
38 240
37 240
37 239
37 238
37 237
38 237
38 236
38 235
38 234
38 233
38 232
38 231
38 230
38 229
39 229
39 228
39 227
39 226
39 225
39 224
39 223
39 222
39 221
40 221
40 220
41 220
41 219
41 218
41 217
42 217
42 216
43 216
43 215
44 215
44 214
45 214
45 213
45 212
46 212
46 211
47 211
47 210
48 210
49 210
49 209
50 209
50 208
51 208
52 208
52 207
53 207
54 207
54 206
55 206
56 206
56 205
57 205
58 205
58 204
59 204
60 204
61 204
62 204
62 203
63 203
64 203
65 203
66 203
67 203
68 203
69 203
70 203
70 204
71 204
72 204
73 204
74 204
75 204
76 204
77 204
77 205
78 205
79 205
80 205
80 206
81 206
81 205
82 205
82 206
83 206
84 206
84 207
85 207
86 207
87 207
88 207
89 207
89 208
90 208
91 208
91 209
92 209
93 209
94 209
94 210
95 210
96 210
97 210
97 211
98 211
99 211
99 212
100 212
101 212
101 213
102 213
103 213
103 214
104 214
105 214
106 214
107 214
107 215
108 215
108 216
109 216
109 215
110 215
110 216
111 216
111 217
112 217
112 218
113 218
114 218
114 219
115 219
116 219
116 220
117 220
117 221
118 221
119 221
119 222
120 222
121 222
121 223
122 223
123 223
123 224
124 224
125 224
125 225
126 225
126 226
127 226
127 227
128 227
128 228
129 228
129 229
130 229
130 230
131 230
131 231
132 231
132 232
133 232
133 233
134 233
134 234
135 234
135 235
135 236
136 236
136 237
137 237
137 238
137 239
138 239
138 240
139 240
139 241
139 242
140 242
140 243
140 244
140 245
140 246
141 246
141 247
141 248
141 249
140 249
140 250
140 251
141 251
141 252
141 253
141 254
140 254
140 255
139 255
139 256
139 257
138 257
138 258
138 259
138 260
138 261
137 261
137 262
137 263
137 264
136 264
136 265
136 266
136 267
136 268
136 269
136 270
135 270
135 271
135 272
135 273
135 274
135 275
134 275
134 276
133 276
133 277
133 278
132 278
132 279
132 280
132 281
131 281
131 282
130 282
130 283
130 284
129 284
129 285
128 285
128 286
127 286
126 286
126 287
126 288
125 288
125 289
124 289
124 290
123 290
123 291
122 291
121 291
121 292
120 292
120 293
120 294
119 294
118 294
118 295
117 295
117 296
116 296
116 297
116 298
115 298
115 299
114 299
113 299
113 300
113 301
112 301
111 301
110 301
110 302
109 302
109 303
108 303
108 304
108 305
107 305
107 306
106 306
106 307
105 307
105 308
104 308
104 309
104 310
103 310
103 311
102 311
102 312
101 312
100 312
100 313
99 313
99 314
98 314
98 315
97 315
97 316
97 317
97 318
96 318
95 318
95 319
95 320
94 320
93 320
93 321
92 321
92 322
92 323
92 324
92 325
91 325
91 326
91 327
90 327
90 328
89 328
89 329
89 330
88 330
88 331
88 332
87 332
87 333
87 334
86 334
86 335
86 336
86 337
86 338
86 339
86 340
86 341
85 341
85 342
85 343
84 343
84 344
84 345
83 345
83 346
83 347
83 348
82 348
82 349
82 350
82 351
82 352
81 352
81 353
81 354
81 355
81 356
81 357
81 358
80 358
80 359
80 0
79 0
79 1
79 2
79 3
79 4
78 4
78 5
78 6
78 7
78 8
77 8
77 9
78 9
78 10
78 11
78 12
78 13
78 14
78 15
78 16
77 16
77 17
77 18
76 18
76 19
76 20
77 20
77 21
77 22
78 22
78 23
78 24
78 25
78 26
78 27
77 27
77 28
77 29
78 29
78 30
78 31
79 31
79 32
79 33
80 33
80 34
81 34
81 35
81 36
81 37
80 37
79 37
79 38
80 38
80 39
80 40
81 40
82 40
82 41
83 41
83 42
83 43
83 44
83 45
83 46
83 47
83 48
83 49
84 49
84 50
84 51
85 51
86 51
86 52
86 53
87 53
87 54
87 55
87 56
88 56
88 57
89 57
90 57
90 58
91 58
92 58
92 59
92 60
92 61
93 61
93 62
94 62
94 63
95 63
95 64
95 65
96 65
97 65
98 65
98 66
99 66
99 67
100 67
101 67
101 68
101 69
102 69
102 70
103 70
104 70
104 71
105 71
106 71
107 71
108 71
108 72
108 73
109 73
109 74
110 74
111 74
112 74
112 75
113 75
114 75
115 75
115 76
115 77
116 77
117 77
118 77
119 77
120 77
120 78
121 78
122 78
123 78
124 78
125 78
125 79
126 79
127 79
127 80
128 80
129 80
130 80
130 81
131 81
132 81
133 81
134 81
134 82
135 82
136 82
136 83
137 83
138 83
139 83
140 83
141 83
142 83
143 83
143 84
144 84
145 84
146 84
146 85
147 85
148 85
149 85
150 85
151 85
152 85
153 85
154 85
155 85
156 85
157 85
157 86
158 86
159 86
160 86
161 86
161 85
162 85
163 85
164 85
165 85
165 84
166 84
167 84
168 84
169 84
170 84
171 84
172 84
173 84
174 84
174 83
175 83
176 83
177 83
178 83
179 83
180 83
181 83
182 83
183 83
183 82
184 82
185 82
186 82
187 82
188 82
189 82
189 83
190 83
191 83
192 83
193 83
194 83
195 83
196 83
197 83
197 84
198 84
199 84
199 85
200 85
201 85
201 86
202 86
-2 -2
