42 17
42 18
42 19
42 20
41 20
41 21
41 22
41 23
41 24
41 25
41 26
41 27
41 28
41 29
41 30
41 31
41 32
41 33
41 34
41 35
41 36
40 36
40 37
40 38
40 39
40 40
40 41
40 42
41 42
41 43
41 44
41 45
40 45
40 46
40 47
40 48
40 49
40 50
40 51
40 52
40 53
40 54
40 55
40 56
40 57
40 58
40 59
39 59
39 60
39 61
39 62
39 63
39 64
39 65
40 65
40 66
40 67
40 68
40 69
40 70
40 71
40 72
39 72
39 73
39 74
39 75
39 76
39 77
38 77
38 78
38 79
38 80
38 81
38 82
38 83
38 84
38 85
38 86
38 87
38 88
38 89
38 90
39 90
39 91
39 92
39 93
39 94
39 95
39 96
39 97
39 98
39 99
39 100
39 101
39 102
40 102
40 103
40 104
40 105
39 105
39 106
39 107
39 108
40 108
40 109
40 110
40 111
40 112
40 113
40 114
40 115
39 115
39 116
39 117
39 118
39 119
39 120
39 121
39 122
39 123
39 124
39 125
39 126
39 127
38 127
38 128
38 129
38 130
37 130
37 131
37 132
38 132
38 133
38 134
38 135
37 135
37 136
37 137
37 138
37 139
37 140
38 140
38 141
38 142
38 143
39 143
39 144
39 145
39 146
39 147
39 148
38 148
38 149
39 149
39 150
39 151
39 152
39 153
39 154
39 155
40 155
40 156
40 157
40 158
39 158
39 159
39 160
39 161
39 162
38 162
38 163
39 163
39 164
39 165
39 166
39 167
38 167
38 168
38 169
38 170
38 171
38 172
38 173
38 174
38 175
37 175
37 176
37 177
37 178
37 179
37 180
37 181
37 182
37 183
37 184
37 185
37 186
37 187
37 188
37 189
37 190
37 191
37 192
37 193
38 193
38 194
38 195
38 196
38 197
38 198
38 199
38 200
38 201
38 202
39 202
39 203
39 204
39 205
38 205
38 206
38 207
38 208
38 209
38 210
38 211
38 212
38 213
38 214
39 214
39 215
39 216
39 217
39 218
39 219
39 220
39 221
39 222
39 223
39 224
39 225
39 226
39 227
39 228
39 229
39 230
39 231
39 232
39 233
39 234
39 235
39 236
40 236
40 237
40 238
40 239
39 239
39 240
39 241
39 242
39 243
39 244
39 245
39 246
39 247
39 248
39 249
40 249
40 250
40 251
40 252
40 253
40 254
40 255
40 256
40 257
40 258
39 258
39 259
39 260
39 261
39 262
39 263
39 264
39 265
39 266
39 267
39 268
39 269
39 270
39 271
39 272
39 273
39 274
39 275
39 276
39 277
39 278
39 279
39 280
39 281
39 282
40 282
40 283
40 284
40 285
40 286
40 287
40 288
40 289
40 290
40 291
40 292
39 292
39 293
39 294
39 295
39 296
39 297
39 298
39 299
39 300
39 301
39 302
39 303
39 304
39 305
39 306
39 307
38 307
38 308
38 309
38 310
38 311
38 312
38 313
38 314
38 315
38 316
38 317
38 318
38 319
38 320
38 321
38 322
38 323
39 323
39 324
39 325
39 326
39 327
39 328
39 329
39 330
39 331
39 332
39 333
39 334
39 335
39 336
39 337
39 338
39 339
40 339
40 340
41 340
41 341
41 342
41 343
41 344
41 345
41 346
41 347
41 348
40 348
40 349
40 350
40 351
40 352
40 353
40 354
40 355
40 356
40 357
40 358
40 359
40 0
40 1
40 2
40 3
40 4
40 5
40 6
40 7
40 8
40 9
40 10
40 11
40 12
41 12
41 13
41 14
41 15
41 16
41 17
42 17
-2 -2
