37 55
37 56
37 57
37 58
37 59
37 60
37 61
37 62
37 63
37 64
37 65
37 66
37 67
36 67
36 68
36 69
37 69
37 70
37 71
37 72
36 72
36 73
36 74
36 75
36 76
36 77
36 78
36 79
36 80
36 81
36 82
36 83
36 84
36 85
36 86
36 87
36 88
36 89
36 90
35 90
35 91
35 92
35 93
35 94
35 95
35 96
35 97
35 98
34 98
34 99
34 100
34 101
34 102
34 103
34 104
35 104
35 105
35 106
35 107
34 107
33 107
33 108
33 109
33 110
33 111
33 112
33 113
32 113
32 114
32 115
32 116
32 117
32 118
32 119
32 120
32 121
32 122
32 123
32 124
32 125
31 125
31 126
31 127
31 128
32 128
32 129
32 130
32 131
32 132
32 133
32 134
32 135
32 136
32 137
32 138
32 139
32 140
32 141
32 142
32 143
32 144
32 145
32 146
32 147
32 148
32 149
32 150
32 151
31 151
31 152
32 152
32 153
32 154
32 155
31 155
31 156
32 156
32 157
32 158
32 159
32 160
32 161
32 162
32 163
32 164
33 164
33 165
33 166
32 166
32 167
32 168
32 169
32 170
32 171
32 172
32 173
32 174
32 175
32 176
32 177
32 178
32 179
32 180
32 181
32 182
32 183
32 184
32 185
32 186
32 187
32 188
32 189
32 190
32 191
32 192
32 193
32 194
32 195
32 196
32 197
32 198
31 198
31 199
31 200
32 200
32 201
32 202
31 202
31 203
31 204
31 205
32 205
32 206
32 207
32 208
31 208
31 209
32 209
32 210
32 211
32 212
32 213
32 214
32 215
31 215
31 216
31 217
31 218
31 219
31 220
31 221
31 222
31 223
31 224
31 225
31 226
31 227
31 228
31 229
31 230
30 230
30 231
30 232
30 233
30 234
31 234
31 235
32 235
32 236
32 237
32 238
31 238
31 239
31 240
31 241
31 242
32 242
32 243
32 244
32 245
31 245
31 246
32 246
32 247
32 248
32 249
32 250
32 251
32 252
33 252
33 253
33 254
33 255
33 256
33 257
33 258
33 259
33 260
33 261
33 262
34 262
34 263
34 264
34 265
34 266
34 267
34 268
34 269
34 270
35 270
35 271
35 272
35 273
35 274
35 275
35 276
35 277
35 278
35 279
35 280
35 281
35 282
35 283
35 284
35 285
35 286
35 287
35 288
35 289
36 289
36 290
36 291
35 291
35 292
35 293
35 294
36 294
36 295
36 296
36 297
36 298
36 299
36 300
35 300
35 301
35 302
35 303
35 304
35 305
35 306
35 307
35 308
35 309
35 310
35 311
35 312
35 313
35 314
35 315
34 315
34 316
34 317
34 318
34 319
34 320
34 321
34 322
34 323
34 324
34 325
34 326
34 327
34 328
34 329
34 330
34 331
34 332
33 332
33 333
33 334
33 335
33 336
32 336
32 337
33 337
33 338
33 339
33 340
32 340
32 341
32 342
32 343
32 344
32 345
32 346
31 346
31 347
31 348
31 349
31 350
31 351
31 352
31 353
31 354
31 355
31 356
31 357
31 358
31 359
31 0
31 1
31 2
31 3
31 4
31 5
31 6
31 7
31 8
31 9
31 10
31 11
31 12
31 13
31 14
32 14
32 15
32 16
32 17
32 18
32 19
32 20
33 20
33 21
33 22
33 23
33 24
33 25
33 26
33 27
33 28
34 28
34 29
34 30
34 31
35 31
35 32
35 33
34 33
34 34
35 34
35 35
35 36
35 37
35 38
35 39
35 40
35 41
35 42
35 43
35 44
35 45
35 46
36 46
36 47
36 48
36 49
36 50
36 51
36 52
36 53
36 54
36 55
37 55
-2 -2
