37 331
37 332
37 333
37 334
37 335
37 336
37 337
36 337
36 338
36 339
36 340
36 341
36 342
36 343
36 344
36 345
36 346
36 347
36 348
36 349
36 350
36 351
36 352
36 353
36 354
36 355
36 356
36 357
36 358
36 359
36 0
35 0
35 1
35 2
35 3
35 4
35 5
35 6
35 7
35 8
35 9
35 10
34 10
34 11
34 12
34 13
34 14
35 14
35 15
35 16
35 17
35 18
34 18
34 19
34 20
34 21
34 22
34 23
33 23
33 24
33 25
33 26
33 27
33 28
33 29
33 30
33 31
33 32
33 33
33 34
33 35
33 36
33 37
33 38
33 39
33 40
32 40
32 41
32 42
32 43
32 44
33 44
33 45
33 46
32 46
32 47
32 48
32 49
32 50
33 50
33 51
33 52
33 53
34 53
34 54
34 55
34 56
33 56
33 57
33 58
33 59
33 60
33 61
33 62
32 62
32 63
33 63
33 64
33 65
33 66
32 66
32 67
33 67
33 68
33 69
33 70
32 70
32 71
33 71
33 72
33 73
33 74
33 75
33 76
33 77
33 78
33 79
33 80
33 81
33 82
33 83
33 84
33 85
33 86
33 87
33 88
33 89
33 90
33 91
33 92
33 93
33 94
33 95
33 96
33 97
33 98
33 99
33 100
33 101
33 102
32 102
32 103
32 104
33 104
33 105
33 106
33 107
33 108
32 108
32 109
32 110
32 111
32 112
32 113
32 114
32 115
32 116
32 117
32 118
33 118
33 119
33 120
33 121
32 121
32 122
32 123
32 124
32 125
32 126
32 127
32 128
32 129
32 130
32 131
32 132
32 133
32 134
32 135
32 136
32 137
32 138
32 139
31 139
31 140
31 141
31 142
31 143
31 144
32 144
32 145
32 146
32 147
32 148
32 149
32 150
32 151
32 152
32 153
32 154
32 155
32 156
32 157
33 157
33 158
33 159
33 160
33 161
33 162
33 163
34 163
34 164
34 165
34 166
33 166
33 167
33 168
33 169
33 170
34 170
34 171
34 172
34 173
34 174
34 175
34 176
34 177
34 178
34 179
34 180
35 180
35 181
35 182
35 183
35 184
35 185
35 186
35 187
35 188
35 189
35 190
35 191
35 192
35 193
34 193
34 194
35 194
35 195
35 196
35 197
35 198
35 199
36 199
36 200
36 201
35 201
35 202
35 203
35 204
36 204
36 205
36 206
36 207
36 208
36 209
36 210
35 210
35 211
35 212
35 213
34 213
34 214
35 214
35 215
35 216
35 217
35 218
35 219
35 220
35 221
35 222
34 222
34 223
34 224
34 225
34 226
34 227
34 228
33 228
33 229
33 230
33 231
33 232
33 233
34 233
34 234
34 235
34 236
33 236
33 237
33 238
33 239
33 240
33 241
33 242
32 242
32 243
32 244
32 245
31 245
31 246
32 246
32 247
32 248
32 249
32 250
31 250
31 251
31 252
31 253
31 254
31 255
31 256
30 256
30 257
30 258
30 259
30 260
30 261
30 262
30 263
30 264
30 265
30 266
30 267
30 268
30 269
30 270
30 271
30 272
30 273
30 274
30 275
30 276
30 277
30 278
30 279
30 280
30 281
30 282
30 283
30 284
31 284
31 285
31 286
31 287
31 288
31 289
31 290
32 290
32 291
32 292
32 293
32 294
32 295
32 296
32 297
32 298
33 298
33 299
33 300
33 301
34 301
34 302
34 303
34 304
34 305
34 306
34 307
34 308
34 309
34 310
34 311
34 312
34 313
34 314
34 315
34 316
34 317
35 317
35 318
35 319
35 320
35 321
35 322
35 323
35 324
36 324
36 325
36 326
36 327
35 327
35 328
35 329
35 330
36 330
36 331
37 331
-2 -2
