167 224
167 225
167 226
166 226
165 226
165 227
164 227
163 227
162 227
162 228
161 228
160 228
160 229
159 229
158 229
157 229
157 230
156 230
155 230
155 231
154 231
153 231
152 231
151 231
150 231
149 231
149 232
148 232
148 231
147 231
147 232
146 232
145 232
145 233
144 233
143 233
143 234
142 234
142 235
141 235
140 235
140 236
139 236
138 236
138 237
137 237
137 238
136 238
135 238
134 238
134 239
133 239
132 239
132 240
131 240
131 241
130 241
129 241
129 242
128 242
127 242
127 243
126 243
126 244
125 244
125 245
124 245
124 246
123 246
123 247
122 247
122 248
121 248
121 249
121 250
120 250
120 251
119 251
119 252
118 252
118 253
118 254
118 255
118 256
117 256
117 257
116 257
116 258
115 258
115 259
115 260
114 260
114 261
113 261
113 262
113 263
112 263
112 264
111 264
111 265
111 266
110 266
110 267
110 268
110 269
110 270
109 270
109 271
109 272
108 272
108 273
107 273
107 274
106 274
106 275
106 276
105 276
105 277
106 277
106 278
106 279
106 280
105 280
105 281
105 282
105 283
105 284
105 285
105 286
105 287
106 287
106 288
106 289
107 289
107 290
107 291
107 292
108 292
108 293
108 294
108 295
108 296
108 297
108 298
108 299
108 300
108 301
108 302
108 303
108 304
108 305
108 306
107 306
107 307
107 308
107 309
106 309
106 310
105 310
105 311
105 312
104 312
104 313
104 314
103 314
103 315
103 316
102 316
102 317
101 317
101 318
100 318
99 318
99 319
98 319
98 320
97 320
96 320
96 321
95 321
95 322
94 322
93 322
93 323
92 323
92 324
91 324
91 325
90 325
90 326
89 326
89 327
88 327
88 328
87 328
86 328
86 329
85 329
84 329
83 329
83 330
82 330
81 330
80 330
80 331
79 331
78 331
78 332
78 333
77 333
76 333
76 334
75 334
74 334
73 334
72 334
72 335
71 335
71 336
71 337
71 338
72 338
72 339
73 339
73 340
73 341
74 341
74 342
75 342
75 343
75 344
76 344
76 345
77 345
77 346
77 347
78 347
79 347
79 348
79 349
80 349
80 350
81 350
81 351
82 351
82 352
83 352
83 353
84 353
84 354
85 354
85 355
86 355
86 356
87 356
87 357
87 358
88 358
88 359
88 0
88 1
88 2
88 3
88 4
88 5
88 6
88 7
88 8
88 9
88 10
88 11
87 11
87 12
86 12
86 13
86 14
85 14
85 15
85 16
85 17
84 17
84 18
83 18
83 19
83 20
84 20
84 21
85 21
86 21
86 22
87 22
88 22
89 22
89 21
90 21
90 22
91 22
92 22
93 22
94 22
95 22
95 23
96 23
97 23
98 23
99 23
100 23
100 24
101 24
102 24
102 25
103 25
104 25
105 25
106 25
106 26
107 26
108 26
108 27
109 27
109 28
110 28
110 29
111 29
112 29
113 29
114 29
114 30
115 30
116 30
117 30
118 30
118 31
119 31
120 31
120 32
121 32
121 33
122 33
122 32
123 32
124 32
125 32
126 32
126 33
127 33
127 34
128 34
129 34
129 35
130 35
131 35
131 36
132 36
133 36
133 37
134 37
135 37
135 36
136 36
136 37
137 37
138 37
139 37
140 37
140 38
141 38
142 38
142 39
143 39
144 39
144 40
145 40
146 40
147 40
148 40
148 41
149 41
150 41
151 41
152 41
153 41
154 41
155 41
156 41
156 42
157 42
158 42
158 43
159 43
160 43
161 43
161 44
162 44
162 45
162 46
161 46
161 47
160 47
159 47
158 47
158 48
157 48
156 48
156 49
155 49
154 49
153 49
152 49
151 49
150 49
149 49
149 50
148 50
147 50
146 50
145 50
144 50
144 51
143 51
142 51
142 52
141 52
140 52
140 53
139 53
138 53
137 53
136 53
136 54
135 54
135 53
134 53
133 53
133 54
132 54
131 54
131 55
130 55
129 55
129 56
128 56
127 56
127 57
126 57
126 58
125 58
124 58
123 58
123 57
122 57
121 57
121 58
120 58
120 59
119 59
118 59
118 60
117 60
116 60
115 60
114 60
114 61
113 61
112 61
112 62
111 62
110 62
109 62
109 63
108 63
108 64
107 64
106 64
106 65
105 65
104 65
103 65
102 65
102 66
101 66
100 66
100 67
99 67
98 67
97 67
96 67
95 67
95 68
94 68
93 68
92 68
91 68
90 68
90 69
89 69
89 68
88 68
87 68
86 68
86 69
85 69
84 69
84 70
84 71
83 71
83 72
84 72
84 73
84 74
85 74
85 75
85 76
86 76
86 77
86 78
87 78
87 79
88 79
88 80
88 81
88 82
88 83
88 84
88 85
88 86
88 87
88 88
88 89
88 90
88 91
88 92
87 92
87 93
87 94
86 94
86 95
85 95
85 96
84 96
84 97
83 97
83 98
82 98
82 99
81 99
81 100
80 100
80 101
79 101
79 102
79 103
78 103
77 103
77 104
77 105
76 105
76 106
76 107
75 107
75 108
74 108
74 109
73 109
73 110
73 111
72 111
72 112
71 112
71 113
71 114
71 115
72 115
72 116
73 116
74 116
75 116
75 117
76 117
77 117
78 117
78 118
78 119
79 119
80 119
80 120
81 120
82 120
82 121
83 121
84 121
85 121
86 121
86 122
87 122
88 122
88 123
89 123
89 124
90 124
90 125
91 125
91 126
92 126
92 127
93 127
93 128
94 128
95 128
95 129
96 129
96 130
97 130
98 130
98 131
99 131
99 132
100 132
101 132
101 133
102 133
102 134
103 134
103 135
103 136
104 136
104 137
104 138
105 138
105 139
105 140
106 140
106 141
107 141
107 142
107 143
107 144
108 144
108 145
108 146
108 147
108 148
108 149
108 150
108 151
108 152
108 153
108 154
108 155
108 156
108 157
108 158
108 159
108 160
107 160
107 161
106 161
106 162
106 163
105 163
105 164
105 165
105 166
105 167
105 168
105 169
105 170
106 170
106 171
106 172
106 173
105 173
105 174
106 174
106 175
106 176
107 176
107 177
108 177
108 178
109 178
109 179
109 180
110 180
110 181
110 182
110 183
110 184
111 184
111 185
111 186
112 186
112 187
113 187
113 188
114 188
114 189
114 190
115 190
115 191
116 191
116 192
116 193
117 193
117 194
118 194
118 195
118 196
119 196
119 197
119 198
119 199
120 199
120 200
121 200
121 201
121 202
122 202
122 203
123 203
123 204
124 204
124 205
125 205
125 206
126 206
126 207
127 207
127 208
128 208
129 208
129 209
130 209
131 209
131 210
132 210
132 211
133 211
134 211
135 211
135 212
136 212
137 212
137 213
138 213
138 214
139 214
140 214
140 215
141 215
142 215
142 216
143 216
143 217
144 217
145 217
145 218
146 218
147 218
147 219
148 219
148 218
149 218
149 219
150 219
151 219
152 219
153 219
154 219
155 219
155 220
156 220
157 220
157 221
158 221
159 221
160 221
160 222
161 222
162 222
162 223
163 223
164 223
165 223
165 224
166 224
167 224
-2 -2
