114 74
114 75
114 76
114 77
114 78
114 79
114 80
114 81
114 82
114 83
113 83
112 83
112 84
111 84
111 85
110 85
110 86
110 87
109 87
109 88
108 88
107 88
106 88
106 89
105 89
105 90
105 91
106 91
107 91
107 92
108 92
109 92
109 93
110 93
110 94
111 94
111 95
111 96
112 96
112 97
113 97
114 97
114 98
114 99
114 100
114 101
114 102
113 102
113 103
114 103
114 104
113 104
113 105
113 106
113 107
112 107
112 108
111 108
111 109
111 110
110 110
109 110
109 111
108 111
108 112
107 112
107 113
107 114
106 114
105 114
104 114
104 115
103 115
102 115
101 115
101 116
100 116
99 116
98 116
98 117
97 117
96 117
95 117
94 117
94 118
93 118
93 117
92 117
92 118
91 118
90 118
89 118
88 118
87 118
86 118
85 118
84 118
84 117
83 117
83 118
82 118
82 117
81 117
80 117
79 117
78 117
77 117
77 116
76 116
75 116
74 116
73 116
72 116
71 116
71 115
70 115
69 115
69 114
68 114
68 115
67 115
66 115
66 114
65 114
64 114
64 113
63 113
62 113
61 113
61 112
60 112
59 112
58 112
58 111
58 110
57 110
56 110
56 109
55 109
54 109
54 108
53 108
53 107
52 107
52 106
51 106
51 107
51 108
51 109
51 110
51 111
51 112
51 113
51 114
51 115
51 116
51 117
51 118
51 119
51 120
52 120
52 121
53 121
53 122
53 123
54 123
54 124
54 125
54 126
55 126
55 127
55 128
56 128
56 129
57 129
57 130
58 130
58 131
59 131
59 132
59 133
59 134
59 135
60 135
60 136
61 136
61 137
61 138
62 138
62 139
63 139
63 140
63 141
64 141
64 142
65 142
66 142
66 143
67 143
67 144
67 145
68 145
69 145
69 146
69 147
69 148
70 148
70 149
71 149
71 150
72 150
72 151
73 151
74 151
74 152
74 153
75 153
75 154
76 154
76 155
76 156
77 156
78 156
78 157
79 157
79 158
80 158
80 159
80 160
81 160
81 161
82 161
82 162
83 162
83 163
83 164
84 164
85 164
85 165
86 165
86 166
87 166
87 167
87 168
88 168
89 168
89 169
90 169
90 170
90 171
91 171
91 172
92 172
93 172
93 173
94 173
94 174
94 175
95 175
96 175
97 175
97 176
97 177
98 177
98 178
99 178
100 178
100 179
100 180
101 180
102 180
102 181
103 181
103 182
103 183
104 183
104 184
105 184
105 185
106 185
106 186
107 186
107 187
108 187
108 188
108 189
108 190
109 190
109 191
109 192
109 193
110 193
110 194
110 195
111 195
111 196
111 197
110 197
110 198
110 199
110 200
110 201
111 201
111 202
111 203
111 204
110 204
110 205
110 206
110 207
110 208
109 208
109 209
109 210
109 211
110 211
110 212
109 212
109 213
109 214
109 215
108 215
108 216
109 216
109 217
108 217
108 218
108 219
108 220
107 220
107 221
107 222
107 223
107 224
106 224
106 225
105 225
105 226
104 226
104 227
103 227
103 228
103 229
103 230
102 230
101 230
101 231
101 232
100 232
100 233
99 233
98 233
98 234
97 234
97 235
96 235
96 236
95 236
95 237
94 237
94 238
93 238
93 239
92 239
92 240
91 240
90 240
90 241
89 241
89 242
88 242
87 242
87 243
86 243
85 243
84 243
84 244
83 244
82 244
82 245
81 245
80 245
80 246
79 246
78 246
77 246
76 246
76 247
75 247
74 247
73 247
72 247
71 247
70 247
70 248
69 248
68 248
67 248
66 248
65 248
64 248
63 248
62 248
61 248
60 248
60 247
59 247
58 247
57 247
56 247
55 247
54 247
53 247
53 246
52 246
51 246
51 245
50 245
50 244
49 244
49 243
48 243
48 242
48 241
47 241
47 240
46 240
46 239
46 238
45 238
44 238
44 237
44 236
43 236
43 235
43 234
42 234
42 233
41 233
41 232
40 232
40 231
40 230
40 229
39 229
39 228
39 227
39 226
39 225
39 224
39 223
39 222
39 221
39 220
39 219
39 218
39 217
39 216
39 215
39 214
39 213
39 212
40 212
40 211
41 211
41 210
41 209
42 209
42 208
43 208
43 207
44 207
44 206
44 205
45 205
46 205
46 204
46 203
47 203
47 202
48 202
48 201
49 201
49 200
50 200
51 200
51 199
51 198
52 198
53 198
54 198
54 197
55 197
56 197
57 197
58 197
59 197
59 198
60 198
60 197
61 197
62 197
63 197
64 197
65 197
65 198
66 198
67 198
68 198
68 199
69 199
70 199
70 200
71 200
72 200
73 200
73 201
74 201
75 201
75 202
76 202
77 202
77 203
77 204
78 204
78 205
78 206
79 206
79 207
80 207
80 208
81 208
81 209
81 210
82 210
83 210
83 209
83 208
83 207
84 207
84 206
84 205
84 204
84 203
84 202
84 201
85 201
85 200
84 200
84 199
84 198
83 198
83 197
83 196
82 196
82 195
82 194
81 194
81 193
80 193
79 193
79 192
78 192
78 191
78 190
77 190
77 189
77 188
76 188
76 187
75 187
74 187
74 186
74 185
73 185
73 184
72 184
72 183
72 182
71 182
71 181
70 181
70 180
69 180
68 180
68 179
67 179
67 178
67 177
66 177
65 177
64 177
63 177
63 178
62 178
62 179
61 179
61 180
60 180
59 180
58 180
57 180
57 181
57 182
57 183
56 183
56 184
55 184
55 185
54 185
53 185
53 186
52 186
52 187
51 187
51 188
50 188
50 189
50 190
49 190
48 190
48 191
47 191
47 192
47 193
46 193
46 194
45 194
45 195
45 196
44 196
44 197
43 197
43 198
42 198
42 199
42 200
41 200
40 200
40 201
39 201
38 201
38 202
37 202
37 203
37 204
36 204
35 204
35 205
35 206
34 206
34 207
33 207
32 207
32 208
31 208
31 209
30 209
30 210
29 210
29 211
28 211
28 212
27 212
26 212
25 212
25 213
24 213
24 214
24 215
24 216
23 216
22 216
21 216
21 217
20 217
20 218
19 218
18 218
17 218
16 218
16 217
15 217
15 216
14 216
13 216
12 216
11 216
10 216
10 215
10 214
10 213
11 213
11 212
10 212
9 212
9 211
8 211
8 210
8 209
8 208
7 208
6 208
6 207
6 206
6 205
5 205
5 204
5 203
4 203
3 203
3 202
3 201
3 200
4 200
4 199
4 198
4 197
4 196
5 196
5 195
5 194
5 193
4 193
3 193
3 192
3 191
3 190
4 190
4 189
4 188
4 187
4 186
4 185
4 184
4 183
4 182
4 181
3 181
2 181
2 180
2 179
3 179
3 178
3 177
3 176
3 175
3 174
3 173
3 172
3 171
3 170
3 169
3 168
3 167
2 167
2 166
2 165
2 164
2 163
1 163
1 162
1 161
1 160
2 160
2 159
2 158
2 157
2 156
2 155
2 154
2 153
2 152
2 151
2 150
1 150
1 149
1 148
1 147
1 146
1 145
1 144
1 143
1 142
1 141
1 140
1 139
1 138
1 137
1 136
0 136
0 135
0 134
1 134
1 133
1 132
1 131
1 130
1 129
1 128
1 127
1 126
1 125
1 124
1 123
1 122
1 121
1 120
1 119
1 118
0 118
0 117
0 116
0 115
1 115
1 114
1 113
1 112
1 111
1 110
1 109
1 108
1 107
1 106
1 105
1 104
1 103
1 102
1 101
1 100
1 99
1 98
1 97
1 96
1 95
1 94
1 93
1 92
1 91
0 91
0 90
0 89
1 89
1 88
1 87
1 86
1 85
1 84
1 83
1 82
1 81
1 80
1 79
1 78
1 77
1 76
1 75
1 74
1 73
1 72
1 71
1 70
1 69
1 68
1 67
1 66
1 65
0 65
0 64
0 63
0 62
1 62
1 61
1 60
1 59
1 58
1 57
1 56
1 55
1 54
1 53
1 52
1 51
1 50
1 49
1 48
1 47
1 46
0 46
0 45
0 44
1 44
1 43
1 42
1 41
2 41
2 40
2 39
2 38
2 37
2 36
2 35
1 35
1 34
1 33
1 32
2 32
2 31
2 30
2 29
2 28
2 27
2 26
2 25
2 24
2 23
2 22
2 21
2 20
3 20
4 20
4 19
4 18
4 17
3 17
3 16
2 16
2 15
2 14
2 13
3 13
3 12
3 11
3 10
4 10
4 9
4 8
4 7
4 6
4 5
4 4
4 3
4 2
4 1
3 1
3 0
4 0
5 0
5 359
5 358
5 357
5 356
5 355
5 354
5 353
5 352
4 352
4 351
4 350
4 349
5 349
6 349
6 348
6 347
5 347
5 346
5 345
5 344
5 343
4 343
4 342
4 341
4 340
5 340
6 340
6 339
6 338
5 338
5 337
5 336
5 335
6 335
7 335
8 335
9 335
9 334
9 333
9 332
10 332
10 331
9 331
9 330
9 329
9 328
10 328
11 328
11 327
11 326
12 326
13 326
14 326
15 326
16 326
16 325
17 325
17 324
18 324
18 323
19 323
20 323
21 323
21 324
21 325
22 325
23 325
24 325
24 326
24 327
25 327
25 328
26 328
26 329
27 329
27 330
28 330
29 330
30 330
30 331
31 331
31 332
32 332
32 333
33 333
34 333
34 334
35 334
35 335
35 336
36 336
37 336
37 337
38 337
38 338
38 339
39 339
40 339
40 340
41 340
42 340
43 340
43 341
43 342
43 343
44 343
45 343
45 344
46 344
46 345
46 346
47 346
48 346
48 347
48 348
48 349
49 349
49 350
50 350
50 351
51 351
51 352
52 352
52 353
53 353
53 354
54 354
54 355
55 355
55 356
56 356
57 356
57 357
57 358
58 358
58 359
58 0
59 0
60 0
61 0
62 0
62 1
63 1
63 2
64 2
64 3
65 3
66 3
67 3
68 3
68 2
68 1
69 1
69 0
70 0
71 0
72 0
72 359
72 358
72 357
73 357
73 356
74 356
74 355
75 355
75 354
76 354
76 353
77 353
77 352
77 351
78 351
78 350
79 350
79 349
80 349
80 348
80 347
81 347
82 347
82 346
83 346
83 345
83 344
84 344
84 343
84 342
85 342
85 341
85 340
86 340
86 339
86 338
85 338
85 337
85 336
85 335
85 334
84 334
84 333
84 332
83 332
83 331
83 330
82 330
82 331
82 332
81 332
81 333
80 333
80 334
80 335
79 335
79 336
78 336
78 337
78 338
77 338
77 339
76 339
76 340
75 340
74 340
73 340
73 341
72 341
71 341
70 341
70 342
69 342
69 343
68 343
67 343
66 343
65 343
64 343
63 343
62 343
61 343
60 343
59 343
58 343
57 343
56 343
55 343
54 343
54 342
53 342
53 341
52 341
51 341
51 340
50 340
49 340
49 339
49 338
48 338
47 338
47 337
47 336
46 336
46 335
45 335
44 335
44 334
44 333
43 333
43 332
42 332
42 331
41 331
41 330
41 329
41 328
41 327
40 327
40 326
40 325
40 324
40 323
40 322
40 321
39 321
39 320
39 319
40 319
40 318
40 317
40 316
40 315
40 314
41 314
41 313
41 312
41 311
41 310
42 310
42 309
42 308
42 307
43 307
43 306
44 306
44 305
44 304
45 304
45 303
46 303
47 303
47 302
47 301
47 300
48 300
49 300
49 299
50 299
50 298
50 297
51 297
52 297
52 296
52 295
53 295
54 295
55 295
55 294
56 294
57 294
58 294
59 294
60 294
60 293
61 293
62 293
63 293
64 293
65 293
66 293
67 293
68 293
69 293
70 293
71 293
72 293
73 293
74 293
74 294
75 294
76 294
77 294
78 294
78 295
79 295
80 295
81 295
82 295
82 296
83 296
84 296
84 297
85 297
86 297
86 298
87 298
88 298
89 298
89 299
90 299
90 300
91 300
92 300
92 301
93 301
93 302
94 302
94 303
95 303
95 304
96 304
96 305
97 305
97 306
98 306
98 307
99 307
100 307
100 308
101 308
101 309
102 309
103 309
103 310
103 311
104 311
104 312
105 312
105 313
105 314
106 314
106 315
106 316
107 316
107 317
107 318
108 318
108 319
108 320
109 320
109 321
109 322
109 323
109 324
109 325
109 326
110 326
110 327
110 328
110 329
110 330
110 331
110 332
111 332
111 333
111 334
111 335
111 336
112 336
112 337
112 338
112 339
111 339
111 340
111 341
111 342
112 342
112 343
112 344
112 345
111 345
111 346
111 347
110 347
110 348
110 349
110 350
109 350
109 351
109 352
109 353
108 353
108 354
107 354
107 355
106 355
106 356
105 356
105 357
104 357
104 358
104 359
103 359
103 0
102 0
101 0
101 1
101 2
100 2
100 3
99 3
99 4
98 4
98 5
97 5
96 5
96 6
95 6
95 7
94 7
94 8
93 8
92 8
92 9
92 10
91 10
91 11
90 11
89 11
89 12
88 12
88 13
88 14
87 14
86 14
86 15
85 15
85 16
84 16
84 17
84 18
83 18
83 19
82 19
82 20
81 20
81 21
80 21
80 22
80 23
79 23
79 24
78 24
78 25
77 25
77 26
76 26
76 27
76 28
75 28
74 28
74 29
73 29
73 30
72 30
71 30
71 31
71 32
70 32
70 33
70 34
69 34
69 35
68 35
68 36
68 37
67 37
66 37
66 38
65 38
64 38
64 39
64 40
63 40
63 41
62 41
62 42
61 42
61 43
61 44
60 44
60 45
60 46
59 46
59 47
59 48
59 49
58 49
58 50
57 50
57 51
56 51
56 52
55 52
55 53
55 54
55 55
54 55
54 56
54 57
53 57
53 58
53 59
52 59
52 60
52 61
52 62
51 62
51 63
51 64
51 65
51 66
52 66
52 67
52 68
51 68
51 69
51 70
51 71
51 72
52 72
53 72
53 71
54 71
55 71
55 70
56 70
56 69
57 69
58 69
58 68
59 68
60 68
60 67
61 67
62 67
62 66
63 66
63 67
64 67
64 66
64 65
65 65
66 65
67 65
68 65
69 65
69 64
70 64
71 64
72 64
73 64
73 63
74 63
75 63
76 63
77 63
78 63
79 63
79 62
80 62
81 62
82 62
83 62
84 62
85 62
86 62
87 62
88 62
88 61
89 61
90 61
91 61
91 62
92 62
93 62
94 62
95 62
96 62
96 63
97 63
98 63
99 63
100 63
100 64
101 64
102 64
103 64
104 64
104 65
105 65
106 65
106 66
107 66
107 67
108 67
108 68
109 68
109 69
110 69
111 69
111 70
111 71
112 71
112 72
112 73
113 73
113 74
114 74
-2 -2
