37 18
37 19
37 20
37 21
36 21
36 22
36 23
35 23
35 24
35 25
35 26
35 27
36 27
36 28
36 29
36 30
35 30
35 31
36 31
36 32
36 33
37 33
37 34
37 35
37 36
37 37
37 38
37 39
36 39
36 40
36 41
36 42
36 43
36 44
36 45
37 45
37 46
37 47
36 47
36 48
36 49
36 50
36 51
35 51
35 52
35 53
35 54
36 54
36 55
36 56
36 57
35 57
35 58
35 59
35 60
36 60
36 61
36 62
36 63
35 63
35 64
35 65
35 66
35 67
35 68
35 69
35 70
35 71
34 71
34 72
34 73
34 74
34 75
34 76
33 76
33 77
33 78
33 79
33 80
33 81
33 82
33 83
33 84
33 85
33 86
33 87
34 87
34 88
34 89
34 90
34 91
34 92
34 93
34 94
34 95
34 96
34 97
34 98
34 99
34 100
34 101
34 102
34 103
34 104
34 105
34 106
34 107
34 108
34 109
35 109
35 110
35 111
35 112
34 112
34 113
35 113
35 114
35 115
35 116
35 117
34 117
34 118
34 119
34 120
34 121
34 122
34 123
34 124
34 125
34 126
34 127
34 128
34 129
34 130
33 130
33 131
33 132
33 133
33 134
33 135
33 136
33 137
34 137
34 138
34 139
34 140
33 140
33 141
33 142
33 143
34 143
34 144
34 145
34 146
34 147
34 148
34 149
34 150
34 151
34 152
34 153
34 154
34 155
34 156
34 157
34 158
34 159
34 160
33 160
33 161
33 162
33 163
33 164
33 165
33 166
33 167
33 168
33 169
33 170
33 171
33 172
33 173
33 174
33 175
33 176
33 177
33 178
33 179
33 180
32 180
32 181
32 182
32 183
32 184
32 185
32 186
32 187
32 188
32 189
32 190
32 191
32 192
32 193
32 194
33 194
33 195
33 196
33 197
33 198
33 199
33 200
34 200
34 201
34 202
34 203
33 203
33 204
34 204
34 205
34 206
34 207
34 208
34 209
34 210
34 211
34 212
34 213
34 214
34 215
34 216
34 217
34 218
34 219
35 219
35 220
35 221
35 222
34 222
34 223
34 224
34 225
34 226
34 227
34 228
35 228
35 229
35 230
35 231
35 232
35 233
35 234
35 235
35 236
35 237
35 238
35 239
35 240
35 241
35 242
34 242
34 243
34 244
34 245
34 246
34 247
34 248
34 249
34 250
34 251
34 252
35 252
35 253
35 254
35 255
35 256
34 256
34 257
34 258
34 259
34 260
34 261
34 262
34 263
34 264
34 265
34 266
34 267
34 268
33 268
33 269
33 270
32 270
32 271
32 272
32 273
32 274
32 275
32 276
32 277
31 277
31 278
31 279
31 280
31 281
31 282
31 283
31 284
31 285
31 286
31 287
31 288
31 289
31 290
31 291
31 292
31 293
30 293
30 294
30 295
30 296
30 297
30 298
29 298
29 299
30 299
30 300
30 301
30 302
29 302
29 303
29 304
29 305
29 306
29 307
29 308
28 308
28 309
28 310
28 311
29 311
29 312
29 313
29 314
29 315
29 316
29 317
29 318
29 319
28 319
28 320
28 321
28 322
28 323
28 324
29 324
29 325
29 326
29 327
29 328
30 328
30 329
30 330
30 331
30 332
30 333
30 334
30 335
30 336
30 337
31 337
31 338
31 339
31 340
31 341
31 342
32 342
32 343
32 344
32 345
32 346
31 346
31 347
31 348
31 349
32 349
32 350
32 351
32 352
32 353
32 354
32 355
33 355
33 356
33 357
33 358
33 359
33 0
34 0
34 1
34 2
35 2
35 3
35 4
35 5
35 6
35 7
35 8
35 9
35 10
35 11
35 12
35 13
36 13
36 14
36 15
36 16
36 17
36 18
37 18
-2 -2
