36 131
36 132
36 133
36 134
35 134
35 135
35 136
35 137
35 138
35 139
35 140
36 140
36 141
36 142
36 143
36 144
36 145
36 146
36 147
35 147
35 148
35 149
35 150
35 151
35 152
34 152
34 153
34 154
35 154
35 155
35 156
35 157
34 157
34 158
35 158
35 159
35 160
35 161
35 162
35 163
35 164
35 165
35 166
34 166
34 167
34 168
34 169
34 170
34 171
34 172
34 173
34 174
34 175
34 176
33 176
33 177
33 178
33 179
33 180
32 180
32 181
32 182
32 183
32 184
32 185
31 185
31 186
31 187
31 188
31 189
31 190
31 191
30 191
30 192
30 193
30 194
31 194
31 195
31 196
31 197
31 198
31 199
30 199
30 200
30 201
30 202
30 203
30 204
29 204
29 205
29 206
29 207
29 208
29 209
29 210
29 211
29 212
29 213
29 214
29 215
29 216
28 216
28 217
28 218
28 219
28 220
28 221
28 222
28 223
28 224
28 225
28 226
28 227
28 228
28 229
28 230
28 231
28 232
28 233
28 234
29 234
29 235
29 236
29 237
29 238
29 239
29 240
29 241
29 242
29 243
29 244
29 245
29 246
30 246
30 247
30 248
30 249
30 250
30 251
31 251
31 252
31 253
31 254
31 255
31 256
30 256
30 257
30 258
30 259
31 259
31 260
31 261
31 262
31 263
31 264
31 265
32 265
32 266
32 267
32 268
32 269
32 270
33 270
33 271
33 272
33 273
33 274
34 274
34 275
34 276
34 277
34 278
34 279
34 280
34 281
34 282
34 283
34 284
35 284
35 285
35 286
35 287
35 288
35 289
35 290
35 291
35 292
34 292
34 293
35 293
35 294
35 295
35 296
34 296
34 297
34 298
35 298
35 299
35 300
35 301
35 302
35 303
36 303
36 304
36 305
36 306
35 306
35 307
35 308
35 309
35 310
35 311
35 312
35 313
35 314
35 315
35 316
35 317
35 318
35 319
35 320
35 321
35 322
35 323
35 324
35 325
35 326
35 327
35 328
35 329
35 330
35 331
35 332
35 333
35 334
35 335
35 336
35 337
35 338
35 339
35 340
35 341
34 341
34 342
34 343
34 344
34 345
34 346
33 346
33 347
33 348
33 349
33 350
33 351
33 352
33 353
33 354
33 355
33 356
33 357
33 358
33 359
33 0
34 0
34 1
34 2
34 3
34 4
34 5
34 6
34 7
34 8
34 9
34 10
34 11
34 12
34 13
34 14
35 14
35 15
35 16
35 17
34 17
34 18
34 19
35 19
35 20
35 21
35 22
35 23
35 24
35 25
35 26
35 27
35 28
35 29
35 30
35 31
35 32
35 33
34 33
34 34
34 35
34 36
35 36
35 37
35 38
35 39
35 40
35 41
35 42
34 42
34 43
34 44
34 45
34 46
34 47
34 48
35 48
35 49
35 50
35 51
35 52
35 53
35 54
34 54
34 55
34 56
34 57
35 57
35 58
35 59
35 60
35 61
35 62
35 63
35 64
35 65
35 66
35 67
35 68
35 69
35 70
35 71
34 71
34 72
34 73
35 73
35 74
35 75
35 76
34 76
34 77
34 78
34 79
34 80
34 81
34 82
34 83
34 84
34 85
34 86
34 87
34 88
34 89
34 90
34 91
34 92
34 93
33 93
33 94
33 95
33 96
33 97
33 98
33 99
33 100
33 101
33 102
33 103
33 104
34 104
34 105
34 106
34 107
34 108
34 109
35 109
35 110
35 111
35 112
35 113
35 114
35 115
35 116
35 117
35 118
35 119
35 120
35 121
35 122
35 123
34 123
34 124
35 124
35 125
35 126
35 127
35 128
35 129
35 130
35 131
36 131
-2 -2
