41 22
41 23
41 24
41 25
41 26
41 27
41 28
40 28
40 29
40 30
40 31
40 32
40 33
40 34
40 35
40 36
40 37
40 38
40 39
40 40
40 41
39 41
39 42
39 43
39 44
39 45
39 46
39 47
39 48
39 49
40 49
40 50
40 51
40 52
40 53
40 54
40 55
40 56
40 57
40 58
40 59
40 60
40 61
40 62
41 62
41 63
41 64
41 65
41 66
41 67
41 68
41 69
41 70
41 71
41 72
41 73
40 73
40 74
40 75
40 76
40 77
40 78
40 79
40 80
40 81
40 82
40 83
41 83
41 84
41 85
41 86
41 87
41 88
41 89
41 90
40 90
40 91
40 92
40 93
40 94
40 95
40 96
40 97
39 97
39 98
39 99
39 100
39 101
39 102
40 102
40 103
40 104
40 105
39 105
39 106
39 107
39 108
39 109
39 110
39 111
38 111
38 112
38 113
38 114
38 115
38 116
38 117
38 118
38 119
38 120
38 121
38 122
37 122
37 123
37 124
37 125
37 126
37 127
38 127
38 128
38 129
38 130
37 130
37 131
37 132
37 133
37 134
37 135
37 136
37 137
38 137
38 138
38 139
38 140
38 141
38 142
38 143
39 143
39 144
39 145
39 146
39 147
39 148
39 149
39 150
39 151
39 152
39 153
39 154
39 155
39 156
39 157
39 158
39 159
39 160
39 161
39 162
39 163
39 164
40 164
40 165
40 166
40 167
40 168
39 168
39 169
39 170
39 171
39 172
39 173
39 174
39 175
39 176
39 177
39 178
39 179
39 180
39 181
39 182
39 183
39 184
39 185
39 186
39 187
39 188
39 189
39 190
39 191
39 192
39 193
39 194
39 195
39 196
39 197
39 198
39 199
39 200
39 201
38 201
38 202
39 202
39 203
39 204
39 205
38 205
38 206
39 206
39 207
39 208
38 208
38 209
39 209
39 210
39 211
38 211
38 212
38 213
38 214
38 215
38 216
38 217
38 218
38 219
38 220
37 220
37 221
37 222
37 223
37 224
37 225
37 226
37 227
37 228
37 229
37 230
37 231
37 232
36 232
36 233
36 234
36 235
37 235
37 236
37 237
37 238
37 239
37 240
37 241
37 242
37 243
37 244
37 245
37 246
37 247
37 248
38 248
38 249
38 250
38 251
38 252
38 253
38 254
38 255
39 255
39 256
39 257
38 257
38 258
38 259
38 260
38 261
38 262
39 262
39 263
39 264
39 265
39 266
39 267
39 268
39 269
39 270
40 270
40 271
40 272
40 273
40 274
39 274
39 275
39 276
39 277
39 278
39 279
39 280
39 281
39 282
39 283
39 284
39 285
39 286
39 287
39 288
40 288
40 289
40 290
40 291
40 292
40 293
40 294
40 295
40 296
40 297
40 298
40 299
39 299
39 300
39 301
39 302
39 303
39 304
39 305
39 306
39 307
39 308
39 309
39 310
39 311
39 312
39 313
39 314
39 315
39 316
39 317
39 318
39 319
39 320
39 321
39 322
39 323
39 324
39 325
39 326
39 327
39 328
39 329
39 330
39 331
40 331
40 332
40 333
40 334
40 335
41 335
41 336
41 337
41 338
40 338
40 339
40 340
40 341
40 342
39 342
39 343
39 344
39 345
39 346
39 347
39 348
39 349
39 350
39 351
39 352
39 353
39 354
39 355
39 356
39 357
39 358
39 359
39 0
39 1
39 2
39 3
39 4
39 5
39 6
39 7
39 8
39 9
39 10
39 11
39 12
40 12
40 13
40 14
40 15
40 16
40 17
40 18
40 19
40 20
40 21
40 22
41 22
-2 -2
