201 266
201 267
201 268
201 269
200 269
199 269
198 269
198 270
197 270
196 270
195 270
195 271
194 271
193 271
193 272
192 272
191 272
190 272
190 273
189 273
188 273
187 273
187 274
186 274
185 274
184 274
184 275
183 275
182 275
182 276
181 276
180 276
179 276
178 276
178 277
177 277
176 277
175 277
174 277
174 278
173 278
172 278
172 279
171 279
170 279
169 279
168 279
167 279
166 279
165 279
165 280
164 280
163 280
162 280
161 280
161 281
160 281
159 281
158 281
157 281
156 281
155 281
154 281
154 282
153 282
152 282
151 282
150 282
150 283
149 283
148 283
147 283
146 283
146 284
145 284
144 284
143 284
142 284
141 284
140 284
140 285
139 285
138 285
137 285
136 285
135 285
134 285
133 285
132 285
131 285
131 286
130 286
129 286
128 286
127 286
126 286
125 286
124 286
123 286
123 287
122 287
121 287
120 287
119 287
119 288
118 288
117 288
116 288
115 288
114 288
113 288
113 289
112 289
112 288
111 288
110 288
110 289
109 289
108 289
107 289
106 289
105 289
104 289
104 290
103 290
102 290
101 290
100 290
99 290
99 291
98 291
97 291
96 291
95 291
94 291
94 292
93 292
92 292
91 292
90 292
90 293
89 293
88 293
87 293
87 294
86 294
85 294
84 294
83 294
82 294
81 294
81 295
80 295
80 294
79 294
78 294
78 295
77 295
77 294
76 294
76 295
75 295
74 295
74 294
73 294
73 295
72 295
71 295
70 295
69 295
68 295
68 296
67 296
66 296
66 297
65 297
64 297
63 297
63 298
62 298
61 298
61 299
60 299
59 299
59 300
58 300
57 300
57 301
56 301
56 302
55 302
54 302
54 303
53 303
53 304
52 304
51 304
51 305
50 305
50 306
49 306
49 307
48 307
48 308
47 308
47 309
46 309
45 309
45 310
45 311
44 311
44 312
43 312
43 313
43 314
43 315
42 315
42 316
42 317
42 318
41 318
41 319
41 320
41 321
41 322
41 323
41 324
41 325
42 325
42 326
42 327
41 327
41 328
42 328
42 329
42 330
43 330
43 331
43 332
43 333
43 334
44 334
44 335
45 335
45 336
46 336
46 337
46 338
46 339
45 339
45 340
45 341
45 342
45 343
45 344
45 345
45 346
45 347
45 348
44 348
44 349
44 350
44 351
44 352
43 352
43 353
43 354
43 355
42 355
42 356
41 356
40 356
40 357
39 357
39 358
38 358
37 358
37 359
37 0
36 0
35 0
34 0
34 1
33 1
32 1
31 1
31 0
30 0
29 0
28 0
27 0
27 359
27 358
27 357
26 357
25 357
25 356
25 355
24 355
23 355
23 354
22 354
22 353
22 352
21 352
21 351
20 351
19 351
19 350
18 350
17 350
17 349
16 349
16 348
16 347
16 346
16 345
15 345
15 344
14 344
14 343
13 343
13 342
12 342
12 341
12 340
11 340
11 339
11 338
11 337
11 336
12 336
12 335
11 335
11 334
11 333
10 333
10 332
10 331
10 330
11 330
11 329
11 328
11 327
10 327
10 326
10 325
10 324
11 324
11 323
10 323
10 322
10 321
10 320
10 319
10 318
10 317
10 316
9 316
9 315
9 314
10 314
10 313
10 312
10 311
10 310
10 309
9 309
9 308
9 307
9 306
10 306
10 305
9 305
8 305
8 304
8 303
8 302
9 302
9 301
9 300
9 299
10 299
10 298
9 298
9 297
9 296
9 295
10 295
10 294
10 293
9 293
8 293
8 292
8 291
8 290
9 290
9 289
9 288
10 288
10 287
9 287
9 286
9 285
9 284
10 284
10 283
11 283
11 282
11 281
10 281
10 280
10 279
10 278
11 278
11 277
12 277
12 276
11 276
11 275
11 274
11 273
12 273
13 273
13 272
13 271
12 271
12 270
12 269
13 269
14 269
14 268
14 267
14 266
14 265
15 265
15 264
15 263
15 262
16 262
16 261
16 260
16 259
17 259
17 258
17 257
18 257
18 256
18 255
18 254
19 254
20 254
20 253
21 253
22 253
22 252
23 252
23 251
23 250
24 250
24 249
25 249
26 249
27 249
28 249
29 249
30 249
31 249
31 250
32 250
33 250
34 250
34 249
35 249
35 248
36 248
37 248
38 248
38 249
39 249
40 249
40 250
41 250
42 250
43 250
44 250
45 250
46 250
46 251
47 251
48 251
48 252
49 252
50 252
50 253
51 253
52 253
53 253
54 253
54 254
55 254
56 254
57 254
57 255
58 255
59 255
60 255
61 255
62 255
62 256
63 256
63 257
64 257
65 257
66 257
67 257
67 256
66 256
65 256
64 256
64 255
64 254
63 254
62 254
62 253
62 252
61 252
61 251
60 251
60 250
60 249
59 249
58 249
57 249
57 248
56 248
55 248
55 247
54 247
54 246
53 246
53 245
53 244
53 243
52 243
52 242
52 241
51 241
51 240
50 240
50 239
50 238
49 238
48 238
48 237
47 237
47 236
46 236
46 235
45 235
45 234
45 233
45 232
45 231
45 230
44 230
44 229
44 228
44 227
43 227
43 226
42 226
42 225
42 224
41 224
41 223
41 222
41 221
40 221
40 220
40 219
40 218
40 217
40 216
40 215
40 214
40 213
40 212
40 211
40 210
40 209
39 209
39 208
39 207
39 206
39 205
39 204
39 203
38 203
38 202
38 201
38 200
39 200
39 199
39 198
40 198
40 197
40 196
40 195
40 194
40 193
40 192
40 191
40 190
40 189
40 188
40 187
40 186
40 185
40 184
40 183
40 182
40 181
40 180
40 179
40 178
40 177
40 176
40 175
40 174
40 173
40 172
40 171
40 170
40 169
40 168
40 167
41 167
41 166
41 165
41 164
41 163
41 162
42 162
42 161
42 160
42 159
42 158
42 157
42 156
42 155
42 154
41 154
41 153
41 152
41 151
41 150
41 149
42 149
42 148
42 147
42 146
42 145
42 144
43 144
43 143
42 143
42 142
42 141
42 140
42 139
42 138
42 137
42 136
42 135
42 134
43 134
43 133
44 133
44 132
45 132
45 131
46 131
46 130
47 130
47 129
47 128
47 127
48 127
48 126
49 126
49 125
49 124
50 124
50 123
50 122
51 122
51 121
51 120
52 120
53 120
53 119
54 119
54 118
55 118
55 117
56 117
56 116
57 116
57 115
58 115
58 114
59 114
59 113
59 112
60 112
60 111
61 111
61 110
62 110
62 109
63 109
63 108
64 108
64 107
65 107
66 107
66 106
66 105
67 105
68 105
68 104
69 104
69 103
70 103
70 102
71 102
71 101
72 101
72 100
73 100
73 99
74 99
74 98
75 98
76 98
76 97
77 97
77 96
78 96
78 95
79 95
80 95
80 94
81 94
82 94
82 93
83 93
83 92
84 92
84 91
85 91
86 91
87 91
87 90
88 90
88 89
89 89
90 89
90 88
91 88
92 88
92 87
93 87
93 86
94 86
95 86
95 85
96 85
97 85
97 84
98 84
99 84
99 83
100 83
101 83
101 82
102 82
103 82
103 81
104 81
105 81
105 80
106 80
106 79
107 79
108 79
108 78
109 78
109 77
110 77
110 76
111 76
112 76
112 75
112 74
113 74
113 73
112 73
112 72
112 71
111 71
111 70
110 70
110 69
110 68
109 68
109 67
108 67
108 66
107 66
107 65
106 65
106 64
105 64
105 63
104 63
104 62
103 62
103 61
102 61
101 61
101 60
100 60
99 60
99 59
99 58
98 58
98 57
97 57
97 56
96 56
95 56
94 56
94 57
94 58
94 59
93 59
93 60
93 61
92 61
92 62
92 63
92 64
92 65
92 66
92 67
92 68
91 68
91 69
91 70
91 71
90 71
90 72
90 73
89 73
89 74
89 75
89 76
88 76
87 76
87 77
87 78
86 78
86 79
85 79
84 79
84 80
83 80
82 80
82 81
81 81
80 81
80 82
79 82
79 83
78 83
77 83
76 83
76 84
75 84
74 84
73 84
72 84
71 84
70 84
70 85
69 85
68 85
67 85
66 85
65 85
65 84
64 84
63 84
63 85
62 85
61 85
60 85
59 85
58 85
58 84
57 84
56 84
56 83
55 83
54 83
53 83
53 82
52 82
51 82
50 82
50 81
49 81
49 80
48 80
47 80
47 79
47 78
46 78
46 77
45 77
45 76
45 75
44 75
44 74
44 73
43 73
43 72
42 72
42 71
42 70
41 70
41 69
41 68
40 68
40 67
40 66
40 65
40 64
39 64
39 63
39 62
39 61
39 60
39 59
39 58
39 57
39 56
39 55
39 54
39 53
39 52
39 51
39 50
39 49
40 49
40 48
40 47
40 46
40 45
41 45
41 44
41 43
41 42
41 41
41 40
42 40
42 39
42 38
42 37
43 37
43 36
44 36
45 36
45 35
46 35
46 34
47 34
47 33
47 32
48 32
48 31
49 31
49 30
50 30
51 30
51 29
52 29
52 28
53 28
54 28
54 27
55 27
56 27
56 26
57 26
58 26
58 25
59 25
60 25
61 25
62 25
62 24
63 24
64 24
65 24
65 23
66 23
67 23
68 23
69 23
70 23
70 24
71 24
72 24
73 24
74 24
75 24
76 24
76 25
77 25
77 24
78 24
78 25
79 25
80 25
80 26
81 26
82 26
83 26
84 26
85 26
85 27
86 27
87 27
88 27
89 27
89 28
90 28
91 28
92 28
92 29
93 29
94 29
94 30
95 30
96 30
97 30
97 31
98 31
98 30
99 30
99 31
100 31
100 32
101 32
102 32
102 33
103 33
104 33
104 34
105 34
106 34
107 34
108 34
108 35
109 35
110 35
110 36
111 36
112 36
112 37
113 37
114 37
114 38
115 38
115 39
116 39
117 39
117 40
118 40
119 40
119 41
120 41
121 41
121 42
122 42
123 42
123 43
124 43
125 43
125 44
126 44
126 45
127 45
128 45
128 46
129 46
129 47
129 48
130 48
131 48
131 49
132 49
132 50
133 50
133 51
133 52
134 52
134 53
135 53
136 53
136 54
136 55
137 55
137 56
138 56
138 57
138 58
139 58
139 59
139 60
140 60
140 61
140 62
141 62
141 63
141 64
141 65
142 65
142 66
142 67
142 68
142 69
142 70
142 71
142 72
142 73
142 74
141 74
141 75
140 75
140 76
140 77
139 77
139 78
139 79
139 80
139 81
138 81
138 82
138 83
138 84
137 84
137 85
137 86
137 87
137 88
137 89
137 90
136 90
136 91
136 92
136 93
136 94
136 95
135 95
134 95
134 96
133 96
133 97
133 98
133 99
133 100
133 101
132 101
131 101
131 102
130 102
130 103
130 104
129 104
129 105
128 105
128 106
127 106
127 107
126 107
126 108
125 108
124 108
124 109
124 110
123 110
122 110
122 111
121 111
121 112
120 112
120 113
120 114
119 114
118 114
118 115
117 115
117 116
116 116
116 117
115 117
115 118
114 118
114 119
113 119
113 120
112 120
112 121
111 121
110 121
110 122
109 122
109 123
108 123
108 124
107 124
107 125
106 125
106 126
105 126
105 127
104 127
104 128
103 128
103 129
103 130
102 130
102 131
101 131
100 131
100 132
100 133
99 133
98 133
98 134
97 134
97 135
97 136
97 137
96 137
95 137
95 138
94 138
94 139
94 140
93 140
92 140
92 141
92 142
91 142
91 143
91 144
91 145
90 145
90 146
90 147
89 147
89 148
88 148
88 149
88 150
87 150
87 151
86 151
86 152
86 153
86 154
86 155
86 156
85 156
85 157
85 158
85 159
85 160
85 161
84 161
84 162
84 163
83 163
83 164
83 165
82 165
82 166
82 167
82 168
81 168
81 169
81 170
81 171
80 171
80 172
80 173
80 174
80 175
79 175
79 176
79 177
79 178
79 179
78 179
78 180
78 181
78 182
78 183
77 183
77 184
77 185
77 186
76 186
76 187
76 188
76 189
76 190
76 191
76 192
76 193
77 193
77 194
77 195
76 195
76 196
76 197
75 197
75 198
75 199
75 200
76 200
76 201
76 202
76 203
76 204
77 204
77 205
77 206
76 206
76 207
76 208
76 209
76 210
76 211
77 211
77 212
78 212
78 213
79 213
79 214
79 215
79 216
79 217
78 217
78 218
78 219
79 219
79 220
80 220
80 221
81 221
82 221
82 222
82 223
82 224
81 224
81 225
82 225
82 226
82 227
82 228
82 229
82 230
83 230
83 231
84 231
84 232
85 232
85 233
86 233
86 234
86 235
85 235
85 236
86 236
86 237
87 237
88 237
88 238
89 238
89 239
90 239
90 240
90 241
91 241
91 242
92 242
92 243
93 243
93 244
94 244
94 245
95 245
95 246
96 246
97 246
97 247
98 247
98 248
99 248
99 249
100 249
100 250
101 250
102 250
102 251
103 251
104 251
105 251
105 252
106 252
106 253
107 253
108 253
108 254
109 254
110 254
111 254
111 255
112 255
112 256
113 256
114 256
114 257
115 257
115 258
116 258
117 258
118 258
119 258
120 258
121 258
122 258
123 258
124 258
124 259
125 259
125 260
126 260
127 260
127 261
128 261
129 261
130 261
131 261
132 261
132 262
133 262
133 263
134 263
135 263
136 263
137 263
138 263
139 263
140 263
140 264
141 264
142 264
143 264
144 264
144 265
145 265
146 265
147 265
147 266
148 266
149 266
150 266
151 266
152 266
153 266
154 266
155 266
156 266
157 266
158 266
159 266
160 266
161 266
162 266
162 265
163 265
164 265
165 265
166 265
167 265
168 265
168 264
169 264
170 264
171 264
172 264
173 264
174 264
174 263
175 263
176 263
177 263
178 263
179 263
180 263
181 263
182 263
183 263
184 263
185 263
185 262
186 262
187 262
188 262
188 263
189 263
190 263
191 263
192 263
193 263
194 263
194 264
195 264
196 264
197 264
197 265
198 265
199 265
200 265
200 266
201 266
-2 -2
