202 1
202 2
202 3
202 4
201 4
201 5
200 5
199 5
199 6
198 6
197 6
197 7
196 7
195 7
194 7
193 7
192 7
191 7
190 7
190 8
189 8
188 8
187 8
186 8
185 8
184 8
183 8
183 7
182 7
181 7
180 7
179 7
178 7
177 7
176 7
175 7
174 7
173 7
173 6
172 6
171 6
170 6
169 6
168 6
167 6
166 6
165 6
165 5
164 5
163 5
162 5
161 5
161 4
160 4
159 4
158 4
157 4
157 5
156 5
155 5
154 5
153 5
152 5
151 5
150 5
149 5
148 5
147 5
146 5
146 6
145 6
144 6
143 6
143 7
142 7
141 7
140 7
139 7
138 7
137 7
136 7
136 8
135 8
134 8
134 9
133 9
132 9
131 9
131 10
130 10
129 10
128 10
127 10
127 11
126 11
125 11
125 12
124 12
123 12
122 12
121 12
120 12
120 13
119 13
118 13
117 13
116 13
115 13
115 14
115 15
114 15
113 15
112 15
112 16
111 16
110 16
109 16
108 16
108 17
108 18
107 18
107 19
106 19
105 19
104 19
104 20
103 20
102 20
102 21
101 21
101 22
101 23
100 23
99 23
99 24
98 24
98 25
97 25
96 25
95 25
95 26
95 27
94 27
94 28
93 28
93 29
92 29
92 30
91 30
91 31
91 32
90 32
90 33
89 33
88 33
88 34
87 34
87 35
87 36
87 37
86 37
86 38
86 39
85 39
84 39
84 40
84 41
83 41
83 42
83 43
83 44
83 45
83 46
83 47
83 48
83 49
82 49
82 50
82 51
81 51
80 51
80 52
79 52
79 53
80 53
80 54
80 55
80 56
80 57
79 57
79 58
79 59
78 59
78 60
78 61
77 61
77 62
77 63
77 64
78 64
78 65
78 66
77 66
77 67
77 68
77 69
77 70
76 70
76 71
76 72
77 72
77 73
77 74
78 74
78 75
78 76
78 77
78 78
78 79
78 80
78 81
77 81
77 82
77 83
78 83
78 84
78 85
78 86
78 87
79 87
79 88
79 89
79 90
80 90
80 91
80 92
80 93
81 93
81 94
81 95
81 96
81 97
81 98
82 98
82 99
82 100
82 101
82 102
83 102
83 103
83 104
83 105
84 105
84 106
84 107
85 107
85 108
85 109
86 109
86 110
86 111
86 112
86 113
86 114
86 115
86 116
87 116
87 117
87 118
88 118
88 119
88 120
89 120
89 121
89 122
90 122
90 123
91 123
91 124
91 125
92 125
92 126
92 127
92 128
92 129
93 129
93 130
94 130
95 130
95 131
95 132
96 132
97 132
97 133
97 134
97 135
98 135
98 136
99 136
99 137
100 137
100 138
101 138
102 138
102 139
103 139
103 140
104 140
104 141
104 142
105 142
105 143
106 143
106 144
107 144
107 145
108 145
108 146
108 147
109 147
109 148
110 148
110 149
111 149
112 149
113 149
113 150
113 151
114 151
115 151
115 152
116 152
116 153
116 154
117 154
117 155
118 155
118 156
119 156
120 156
120 157
120 158
121 158
121 159
122 159
123 159
123 160
124 160
124 161
125 161
125 162
126 162
126 163
126 164
127 164
128 164
128 165
129 165
129 166
130 166
130 167
130 168
131 168
131 169
132 169
132 170
132 171
132 172
133 172
133 173
133 174
134 174
134 175
135 175
135 176
135 177
135 178
135 179
135 180
136 180
136 181
136 182
136 183
136 184
136 185
136 186
137 186
137 187
137 188
137 189
137 190
137 191
138 191
138 192
138 193
139 193
139 194
139 195
140 195
140 196
141 196
141 197
141 198
141 199
140 199
140 200
141 200
141 201
141 202
141 203
141 204
140 204
140 205
140 206
140 207
140 208
139 208
139 209
139 210
138 210
138 211
137 211
137 212
137 213
136 213
136 214
135 214
135 215
135 216
134 216
134 217
133 217
132 217
132 218
132 219
131 219
131 220
130 220
130 221
129 221
129 222
128 222
128 223
127 223
127 224
126 224
126 225
125 225
125 226
124 226
123 226
123 227
122 227
121 227
121 228
120 228
119 228
119 229
118 229
117 229
117 230
116 230
116 231
115 231
114 231
114 232
113 232
112 232
112 233
111 233
111 234
110 234
110 235
109 235
108 235
107 235
107 236
106 236
105 236
104 236
103 236
103 237
102 237
101 237
101 238
100 238
99 238
99 239
98 239
97 239
97 240
96 240
95 240
94 240
94 241
93 241
92 241
91 241
91 242
90 242
89 242
89 243
88 243
87 243
86 243
85 243
84 243
84 244
83 244
82 244
82 245
81 245
81 244
80 244
80 245
79 245
78 245
77 245
76 245
76 246
75 246
74 246
73 246
72 246
71 246
70 246
70 247
69 247
68 247
67 247
66 247
65 247
64 247
63 247
62 247
62 246
61 246
60 246
59 246
58 246
58 245
57 245
56 245
56 244
55 244
54 244
54 243
53 243
52 243
52 242
51 242
50 242
50 241
49 241
49 240
48 240
47 240
47 239
46 239
46 238
46 237
45 237
45 236
44 236
44 235
43 235
43 234
42 234
42 233
41 233
41 232
40 232
40 231
40 230
40 229
39 229
39 228
39 227
39 226
39 225
39 224
39 223
39 222
39 221
38 221
38 220
38 219
38 218
38 217
38 216
38 215
37 215
37 214
37 213
37 212
37 211
37 210
38 210
38 209
38 208
38 207
38 206
38 205
38 204
38 203
39 203
39 202
39 201
39 200
40 200
40 199
40 198
41 198
41 197
41 196
42 196
42 195
43 195
43 194
44 194
44 193
44 192
45 192
45 191
45 190
45 189
46 189
47 189
48 189
48 188
49 188
49 187
50 187
51 187
52 187
52 186
53 186
54 186
55 186
56 186
56 185
57 185
58 185
59 185
60 185
61 185
62 185
63 185
64 185
65 185
66 185
67 185
67 184
68 184
69 184
69 185
70 185
71 185
72 185
72 186
73 186
74 186
75 186
76 186
77 186
77 187
78 187
79 187
79 188
80 188
80 189
81 189
82 189
83 189
83 190
84 190
84 191
85 191
85 192
86 192
86 193
86 194
87 194
87 195
88 195
88 196
88 197
89 197
89 198
89 199
89 200
89 201
90 201
90 202
91 202
91 203
91 204
91 205
91 206
91 207
91 208
91 209
92 209
92 210
92 211
93 211
93 212
93 213
93 214
94 214
95 214
95 213
96 213
97 213
97 212
98 212
98 211
98 210
99 210
99 209
100 209
101 209
101 208
102 208
103 208
103 207
104 207
104 206
104 205
105 205
105 204
106 204
107 204
107 203
107 202
108 202
108 201
109 201
109 200
110 200
110 199
110 198
111 198
111 197
112 197
112 196
112 195
111 195
111 194
110 194
109 194
109 193
108 193
108 192
107 192
106 192
106 191
105 191
105 190
105 189
104 189
103 189
103 188
102 188
101 188
100 188
100 187
99 187
99 186
98 186
97 186
97 185
96 185
95 185
95 184
94 184
93 184
93 183
92 183
92 182
91 182
90 182
90 181
89 181
89 180
88 180
87 180
86 180
86 179
85 179
84 179
84 178
83 178
83 177
82 177
82 176
81 176
80 176
80 175
79 175
79 174
78 174
77 174
77 173
76 173
76 172
75 172
75 171
74 171
73 171
73 170
72 170
72 169
71 169
71 168
70 168
70 167
69 167
69 166
68 166
68 165
67 165
67 164
66 164
66 163
65 163
64 163
64 162
63 162
63 161
63 160
62 160
62 159
61 159
60 159
60 158
60 157
59 157
59 156
58 156
58 155
58 154
57 154
57 153
56 153
56 152
55 152
54 152
54 151
54 150
53 150
53 149
52 149
51 149
51 148
51 147
50 147
50 146
50 145
50 144
49 144
49 143
49 142
48 142
48 141
47 141
47 140
47 139
46 139
46 138
46 137
45 137
45 136
44 136
44 135
43 135
43 134
42 134
42 133
42 132
42 131
42 130
42 129
42 128
42 127
43 127
43 126
43 125
43 124
43 123
42 123
42 122
42 121
41 121
41 120
41 119
42 119
42 118
41 118
41 117
41 116
42 116
42 115
42 114
42 113
42 112
42 111
42 110
42 109
43 109
43 108
42 108
42 107
42 106
42 105
42 104
42 103
41 103
41 102
41 101
41 100
41 99
41 98
41 97
41 96
41 95
41 94
41 93
41 92
41 91
41 90
41 89
41 88
41 87
41 86
41 85
41 84
41 83
41 82
41 81
41 80
41 79
41 78
41 77
41 76
41 75
41 74
41 73
41 72
42 72
42 71
41 71
41 70
41 69
41 68
40 68
40 67
40 66
40 65
40 64
40 63
40 62
40 61
41 61
41 60
41 59
42 59
42 58
42 57
42 56
42 55
42 54
42 53
42 52
42 51
42 50
42 49
42 48
42 47
42 46
43 46
43 45
44 45
44 44
45 44
45 43
46 43
46 42
46 41
46 40
47 40
47 39
47 38
47 37
47 36
47 35
47 34
48 34
49 34
49 33
50 33
50 32
51 32
51 31
51 30
52 30
53 30
53 29
53 28
54 28
54 27
55 27
55 26
55 25
55 24
56 24
56 23
57 23
57 22
58 22
59 22
60 22
60 21
61 21
62 21
62 20
62 19
63 19
63 18
63 17
64 17
64 16
65 16
65 15
64 15
63 15
62 15
61 15
61 16
60 16
59 16
58 16
58 17
57 17
56 17
55 17
54 17
54 18
53 18
52 18
51 18
51 19
50 19
49 19
49 20
48 20
47 20
46 20
46 21
45 21
44 21
44 22
43 22
42 22
41 22
40 22
39 22
39 23
38 23
37 23
36 23
36 22
35 22
35 21
34 21
33 21
32 21
32 22
31 22
30 22
30 21
29 21
29 22
28 22
28 23
27 23
26 23
25 23
25 22
25 21
24 21
24 20
23 20
23 19
23 18
22 18
22 17
21 17
20 17
20 16
19 16
18 16
18 15
18 14
18 13
17 13
17 12
17 11
16 11
16 10
16 9
16 8
15 8
15 7
15 6
15 5
14 5
13 5
13 4
13 3
13 2
14 2
14 1
13 1
12 1
12 0
13 0
13 359
13 358
13 357
12 357
11 357
11 356
11 355
11 354
12 354
12 353
11 353
11 352
10 352
10 351
10 350
10 349
11 349
11 348
11 347
10 347
10 346
9 346
9 345
9 344
9 343
10 343
10 342
9 342
9 341
9 340
8 340
8 339
8 338
8 337
9 337
10 337
10 336
10 335
9 335
9 334
9 333
9 332
10 332
10 331
9 331
9 330
9 329
9 328
10 328
11 328
11 327
10 327
10 326
10 325
10 324
9 324
9 323
9 322
9 321
10 321
10 320
10 319
10 318
10 317
10 316
9 316
9 315
9 314
10 314
10 313
10 312
10 311
10 310
10 309
10 308
10 307
11 307
11 306
10 306
10 305
10 304
10 303
11 303
11 302
11 301
11 300
10 300
10 299
10 298
10 297
11 297
11 296
11 295
12 295
12 294
12 293
13 293
13 292
14 292
14 291
14 290
15 290
15 289
16 289
16 288
15 288
15 287
15 286
15 285
16 285
16 284
17 284
17 283
18 283
19 283
19 282
20 282
20 281
21 281
21 280
21 279
21 278
22 278
23 278
24 278
24 277
24 276
24 275
25 275
26 275
26 274
26 273
27 273
27 272
28 272
29 272
30 272
31 272
32 272
33 272
34 272
35 272
36 272
36 273
37 273
38 273
38 274
39 274
40 274
40 275
40 276
41 276
41 277
42 277
42 278
42 279
43 279
43 280
43 281
43 282
44 282
44 283
44 284
44 285
44 286
44 287
45 287
45 288
45 289
45 290
44 290
44 291
45 291
45 292
45 293
45 294
44 294
44 295
44 296
44 297
43 297
43 298
43 299
43 300
42 300
42 301
42 302
41 302
41 303
41 304
41 305
41 306
41 307
41 308
41 309
41 310
41 311
41 312
41 313
41 314
42 314
42 315
42 316
42 317
43 317
43 318
44 318
44 319
44 320
44 321
45 321
45 322
46 322
46 323
47 323
47 324
48 324
48 325
49 325
50 325
50 326
51 326
51 327
52 327
52 328
53 328
54 328
54 329
55 329
55 330
56 330
57 330
57 331
58 331
59 331
59 332
60 332
61 332
61 333
62 333
63 333
63 334
64 334
65 334
66 334
66 335
67 335
68 335
68 336
69 336
70 336
71 336
72 336
73 336
74 336
74 337
75 337
75 336
76 336
76 337
77 337
78 337
78 336
79 336
79 337
80 337
81 337
82 337
83 337
84 337
85 337
86 337
87 337
88 337
88 338
89 338
90 338
91 338
92 338
92 339
93 339
94 339
95 339
96 339
96 340
97 340
98 340
99 340
100 340
101 340
101 341
102 341
103 341
104 341
105 341
106 341
106 342
107 342
108 342
109 342
110 342
111 342
112 342
112 343
113 343
114 343
115 343
115 342
116 342
116 343
117 343
118 343
119 343
120 343
121 343
121 344
122 344
123 344
124 344
125 344
126 344
127 344
127 345
128 345
129 345
130 345
131 345
132 345
133 345
134 345
135 345
136 345
136 346
137 346
138 346
139 346
140 346
141 346
142 346
143 346
144 346
145 346
146 346
146 347
147 347
148 347
149 347
149 348
150 348
151 348
152 348
152 349
153 349
154 349
155 349
156 349
157 349
158 349
159 349
160 349
161 349
161 350
162 350
163 350
163 351
164 351
165 351
166 351
167 351
168 351
169 351
170 351
170 352
171 352
172 352
173 352
174 352
174 353
175 353
176 353
177 353
178 353
178 354
179 354
180 354
181 354
181 355
182 355
183 355
184 355
184 356
185 356
186 356
187 356
187 357
188 357
189 357
190 357
190 358
191 358
192 358
193 358
193 359
194 359
195 359
195 0
196 0
197 0
198 0
199 0
199 1
200 1
201 1
202 1
-2 -2
