113 66
113 67
112 67
112 68
112 69
112 70
112 71
112 72
112 73
112 74
112 75
111 75
111 76
111 77
110 77
110 78
110 79
110 80
109 80
109 81
109 82
109 83
108 83
107 83
107 84
106 84
106 85
105 85
105 86
104 86
104 87
104 88
103 88
103 89
102 89
101 89
101 90
100 90
99 90
99 91
99 92
98 92
98 93
97 93
96 93
96 94
96 95
95 95
94 95
94 96
94 97
93 97
92 97
91 97
91 98
90 98
90 99
90 100
89 100
88 100
88 101
87 101
87 102
86 102
86 103
86 104
85 104
84 104
84 105
83 105
83 106
83 107
82 107
82 108
81 108
81 109
80 109
80 110
79 110
79 111
78 111
78 112
77 112
77 113
76 113
76 114
76 115
75 115
75 116
74 116
74 117
73 117
72 117
72 118
72 119
71 119
70 119
70 120
69 120
69 121
69 122
68 122
68 123
67 123
67 124
67 125
66 125
66 126
65 126
64 126
64 127
63 127
63 128
62 128
62 129
61 129
61 130
60 130
60 131
60 132
59 132
59 133
58 133
58 134
58 135
58 136
58 137
57 137
57 138
56 138
56 139
55 139
55 140
54 140
54 141
54 142
53 142
53 143
53 144
53 145
52 145
52 146
51 146
51 147
51 148
50 148
50 149
50 150
50 151
50 152
50 153
50 154
50 155
50 156
50 157
49 157
49 158
49 159
49 160
49 161
49 162
50 162
51 162
51 161
51 160
52 160
53 160
53 159
54 159
55 159
55 158
56 158
57 158
58 158
58 157
58 156
59 156
60 156
61 156
62 156
62 155
63 155
64 155
64 154
65 154
66 154
67 154
68 154
69 154
69 153
70 153
71 153
72 153
73 153
73 152
74 152
74 153
75 153
75 152
76 152
77 152
77 151
78 151
78 152
79 152
79 151
80 151
81 151
82 151
83 151
84 151
85 151
86 151
87 151
88 151
89 151
90 151
91 151
92 151
93 151
93 152
94 152
95 152
96 152
96 153
97 153
98 153
99 153
100 153
100 154
101 154
102 154
103 154
103 155
104 155
105 155
105 156
106 156
106 157
106 158
107 158
107 159
108 159
109 159
109 160
109 161
110 161
110 162
111 162
111 163
112 163
112 164
112 165
112 166
112 167
112 168
112 169
112 170
112 171
112 172
112 173
111 173
110 173
110 174
109 174
109 175
108 175
108 176
108 177
107 177
107 178
106 178
105 178
104 178
104 179
103 179
103 180
103 181
104 181
105 181
105 182
106 182
107 182
107 183
108 183
108 184
109 184
109 185
110 185
110 186
110 187
111 187
112 187
112 188
112 189
112 190
112 191
112 192
111 192
111 193
112 193
112 194
111 194
111 195
111 196
111 197
110 197
110 198
110 199
109 199
109 200
108 200
108 201
107 201
107 202
106 202
106 203
105 203
105 204
104 204
103 204
103 205
102 205
101 205
101 206
100 206
99 206
98 206
98 207
97 207
96 207
95 207
94 207
94 208
93 208
92 208
91 208
91 209
90 209
90 208
89 208
89 209
88 209
87 209
86 209
86 208
85 208
85 209
84 209
83 209
83 208
82 208
81 208
80 208
79 208
78 208
77 208
77 207
76 207
75 207
74 207
73 207
72 207
71 207
71 206
70 206
69 206
68 206
68 205
67 205
66 205
65 205
64 205
63 205
63 204
62 204
62 203
61 203
60 203
59 203
58 203
58 202
57 202
57 201
56 201
55 201
55 200
54 200
53 200
52 200
52 199
52 198
51 198
51 197
50 197
50 198
49 198
49 199
49 200
49 201
49 202
49 203
49 204
49 205
49 206
49 207
49 208
50 208
50 209
50 210
50 211
50 212
51 212
51 213
51 214
52 214
52 215
53 215
53 216
53 217
53 218
54 218
54 219
54 220
55 220
55 221
56 221
56 222
56 223
56 224
57 224
57 225
58 225
58 226
58 227
59 227
59 228
59 229
60 229
60 230
61 230
61 231
62 231
63 231
63 232
63 233
64 233
64 234
65 234
65 235
66 235
66 236
67 236
67 237
67 238
68 238
68 239
69 239
69 240
70 240
70 241
71 241
71 242
72 242
72 243
73 243
73 244
74 244
74 245
75 245
76 245
76 246
76 247
77 247
77 248
78 248
78 249
78 250
79 250
79 251
80 251
80 252
81 252
82 252
82 253
83 253
83 254
83 255
84 255
84 256
85 256
85 257
86 257
86 258
87 258
87 259
87 260
88 260
89 260
89 261
90 261
90 262
90 263
91 263
92 263
93 263
93 264
93 265
94 265
95 265
95 266
96 266
96 267
97 267
98 267
98 268
99 268
99 269
99 270
100 270
100 271
101 271
102 271
102 272
103 272
103 273
103 274
104 274
104 275
105 275
105 276
106 276
106 277
107 277
108 277
108 278
108 279
108 280
109 280
109 281
109 282
109 283
110 283
110 284
110 285
111 285
111 286
111 287
111 288
111 289
111 290
111 291
111 292
111 293
112 293
112 294
111 294
111 295
111 296
111 297
111 298
111 299
110 299
110 300
110 301
110 302
110 303
110 304
110 305
110 306
110 307
110 308
109 308
109 309
109 310
109 311
108 311
108 312
107 312
107 313
107 314
107 315
107 316
107 317
106 317
105 317
105 318
105 319
105 320
104 320
104 321
104 322
103 322
102 322
102 323
101 323
101 324
100 324
100 325
99 325
98 325
98 326
97 326
97 327
96 327
96 328
95 328
95 329
94 329
94 330
93 330
93 331
92 331
92 332
91 332
90 332
90 333
89 333
88 333
87 333
87 334
86 334
85 334
85 335
84 335
83 335
83 336
82 336
81 336
81 337
80 337
80 336
79 336
79 337
78 337
77 337
77 338
76 338
75 338
74 338
73 338
73 339
72 339
71 339
71 338
70 338
70 339
69 339
68 339
68 338
67 338
66 338
65 338
64 338
63 338
62 338
61 338
60 338
59 338
58 338
57 338
57 337
56 337
55 337
54 337
53 337
53 336
53 335
52 335
51 335
51 334
50 334
50 333
50 332
49 332
48 332
48 331
47 331
47 330
47 329
46 329
46 328
45 328
45 327
45 326
44 326
44 325
43 325
43 324
43 323
42 323
42 322
42 321
42 320
41 320
41 319
41 318
41 317
41 316
41 315
41 314
41 313
40 313
40 312
40 311
40 310
40 309
40 308
40 307
40 306
41 306
41 305
41 304
41 303
42 303
42 302
42 301
43 301
43 300
44 300
44 299
44 298
45 298
45 297
46 297
47 297
47 296
47 295
48 295
48 294
49 294
49 293
50 293
50 292
51 292
52 292
52 291
52 290
53 290
54 290
54 289
55 289
56 289
57 289
58 289
59 289
60 289
61 289
62 289
63 289
64 289
65 289
65 290
66 290
66 289
67 289
68 289
68 290
69 290
70 290
70 291
71 291
72 291
73 291
73 292
74 292
75 292
76 292
76 293
77 293
77 294
78 294
78 295
78 296
79 296
79 297
80 297
80 298
81 298
81 299
81 300
82 300
82 301
83 301
83 300
83 299
84 299
84 298
85 298
85 297
85 296
85 295
85 294
85 293
85 292
85 291
85 290
84 290
84 289
84 288
83 288
83 287
83 286
82 286
81 286
81 285
81 284
80 284
79 284
79 283
78 283
78 282
78 281
78 280
77 280
77 279
76 279
75 279
75 278
74 278
74 277
73 277
73 276
72 276
72 275
72 274
71 274
71 273
70 273
70 272
69 272
69 271
68 271
68 270
67 270
67 269
66 269
66 268
65 268
65 269
64 269
63 269
63 270
62 270
61 270
60 270
60 271
59 271
59 272
58 272
57 272
57 273
57 274
57 275
56 275
55 275
55 276
54 276
54 277
53 277
53 278
52 278
52 279
51 279
51 280
51 281
50 281
50 282
49 282
49 283
48 283
48 284
48 285
47 285
47 286
46 286
46 287
45 287
45 288
45 289
45 290
44 290
43 290
43 291
42 291
42 292
42 293
41 293
40 293
40 294
39 294
39 295
38 295
38 296
38 297
37 297
36 297
36 298
35 298
35 299
34 299
34 300
33 300
33 301
32 301
32 302
31 302
31 303
30 303
30 304
29 304
28 304
28 305
27 305
27 306
26 306
26 307
25 307
25 308
25 309
25 310
24 310
23 310
23 311
22 311
22 312
22 313
21 313
20 313
19 313
19 312
18 312
17 312
16 312
15 312
15 313
15 314
14 314
13 314
12 314
12 313
11 313
10 313
10 312
10 311
10 310
10 309
9 309
9 308
8 308
8 309
8 310
8 311
7 311
7 312
6 312
5 312
5 311
5 310
4 310
4 309
4 308
3 308
3 307
3 306
3 305
4 305
4 304
4 303
4 302
3 302
3 301
3 300
3 299
3 298
2 298
2 297
2 296
2 295
3 295
3 294
3 293
3 292
3 291
3 290
2 290
1 290
1 289
1 288
1 287
1 286
1 285
1 284
1 283
1 282
1 281
1 280
1 279
1 278
1 277
1 276
1 275
1 274
1 273
1 272
1 271
0 271
0 272
0 273
0 274
0 275
0 276
0 277
0 278
0 279
0 280
0 281
0 282
0 283
0 284
0 285
0 286
0 287
0 288
0 289
0 290
0 291
0 292
0 293
0 294
0 295
0 296
0 297
0 298
0 299
0 300
0 301
0 302
0 303
0 304
0 305
0 306
0 307
0 308
0 309
0 310
0 311
0 312
0 313
0 314
0 315
0 316
0 317
0 318
0 319
0 320
0 321
0 322
0 323
0 324
0 325
0 326
0 327
0 328
0 329
0 330
0 331
0 332
0 333
0 334
0 335
0 336
0 337
0 338
0 339
0 340
0 341
0 342
0 343
0 344
0 345
0 346
0 347
0 348
0 349
0 350
0 351
0 352
0 353
0 354
0 355
0 356
0 357
0 358
0 359
0 0
0 1
0 2
0 3
0 4
0 5
0 6
0 7
0 8
0 9
0 10
0 11
0 12
0 13
0 14
0 15
0 16
0 17
0 18
0 19
0 20
0 21
0 22
0 23
0 24
0 25
0 26
0 27
0 28
0 29
0 30
0 31
0 32
0 33
0 34
0 35
0 36
0 37
0 38
0 39
0 40
0 41
0 42
0 43
0 44
0 45
0 46
0 47
0 48
0 49
0 50
0 51
0 52
0 53
0 54
0 55
0 56
0 57
0 58
0 59
0 60
0 61
0 62
0 63
0 64
0 65
0 66
0 67
0 68
0 69
0 70
0 71
0 72
0 73
0 74
0 75
0 76
0 77
0 78
0 79
0 80
0 81
0 82
0 83
0 84
0 85
0 86
0 87
0 88
0 89
1 89
2 89
3 89
3 88
3 87
3 86
3 85
3 84
3 83
3 82
3 81
3 80
3 79
3 78
3 77
4 77
5 77
5 76
5 75
5 74
4 74
4 73
4 72
4 71
4 70
3 70
3 69
3 68
3 67
4 67
4 66
5 66
5 65
4 65
4 64
4 63
4 62
5 62
5 61
6 61
6 60
6 59
7 59
7 58
6 58
5 58
5 57
5 56
5 55
6 55
7 55
8 55
9 55
10 55
10 54
11 54
11 53
11 52
12 52
12 51
12 50
12 49
13 49
14 49
15 49
15 50
16 50
17 50
18 50
18 49
19 49
20 49
21 49
22 49
23 49
23 50
23 51
23 52
24 52
24 53
25 53
26 53
26 54
27 54
27 55
28 55
28 56
29 56
29 57
30 57
31 57
31 58
32 58
32 59
33 59
33 60
34 60
34 61
35 61
35 62
36 62
36 63
37 63
38 63
38 64
39 64
39 65
40 65
40 66
40 67
41 67
42 67
42 68
43 68
43 69
43 70
44 70
45 70
46 70
46 71
46 72
46 73
46 74
47 74
48 74
48 75
49 75
49 76
49 77
50 77
51 77
51 78
51 79
51 80
52 80
52 81
53 81
53 82
54 82
54 83
55 83
56 83
56 84
57 84
57 85
57 86
58 86
58 87
59 87
59 88
60 88
60 89
61 89
61 90
62 90
63 90
64 90
64 91
65 91
66 91
67 91
68 91
68 90
69 90
69 89
70 89
70 88
71 88
71 87
72 87
72 86
73 86
73 85
73 84
74 84
74 83
75 83
75 82
76 82
76 81
77 81
77 80
78 80
79 80
79 79
79 78
79 77
80 77
81 77
81 76
82 76
82 75
83 75
83 74
84 74
84 73
84 72
85 72
85 71
85 70
86 70
86 69
86 68
86 67
86 66
86 65
86 64
86 63
86 62
85 62
85 61
84 61
84 60
84 59
83 59
83 60
83 61
82 61
82 62
81 62
81 63
80 63
80 64
80 65
79 65
79 66
78 66
78 67
77 67
77 68
76 68
75 68
75 69
74 69
73 69
72 69
71 69
71 70
70 70
69 70
69 71
68 71
67 71
66 71
65 71
64 71
63 71
62 71
62 72
61 72
60 72
60 71
59 71
59 72
58 72
57 72
57 71
56 71
55 71
54 71
54 70
53 70
53 69
52 69
52 68
51 68
50 68
50 67
50 66
49 66
48 66
48 65
48 64
47 64
47 63
46 63
45 63
45 62
45 61
45 60
44 60
43 60
43 59
42 59
42 58
42 57
42 56
42 55
41 55
41 54
41 53
41 52
41 51
41 50
41 49
41 48
41 47
41 46
41 45
41 44
41 43
41 42
41 41
41 40
42 40
42 39
43 39
43 38
43 37
43 36
44 36
45 36
45 35
46 35
46 34
46 33
47 33
47 32
48 32
48 31
49 31
49 30
49 29
50 29
50 28
51 28
52 28
52 27
52 26
53 26
53 25
54 25
55 25
55 24
56 24
57 24
58 24
58 23
59 23
60 23
61 23
62 23
62 22
63 22
64 22
65 22
66 22
67 22
67 23
68 23
68 22
69 22
70 22
71 22
72 22
72 23
73 23
73 22
74 22
74 23
75 23
76 23
77 23
78 23
78 24
79 24
80 24
81 24
82 24
82 25
83 25
84 25
84 26
85 26
86 26
86 27
87 27
88 27
89 27
89 28
90 28
91 28
91 29
92 29
93 29
93 30
94 30
94 31
95 31
95 32
96 32
96 33
97 33
97 34
98 34
98 35
99 35
100 35
100 36
101 36
101 37
102 37
102 38
103 38
104 38
104 39
105 39
105 40
106 40
106 41
106 42
106 43
107 43
107 44
107 45
108 45
109 45
109 46
109 47
109 48
109 49
110 49
110 50
110 51
110 52
110 53
111 53
111 54
111 55
111 56
111 57
111 58
111 59
111 60
111 61
111 62
111 63
111 64
112 64
112 65
112 66
113 66
-2 -2
