168 268
168 269
168 270
168 271
168 272
167 272
167 273
166 273
165 273
164 273
163 273
162 273
161 273
160 273
159 273
159 274
158 274
157 274
156 274
156 275
155 275
154 275
153 275
153 276
152 276
151 276
150 276
149 276
148 276
147 276
147 277
146 277
145 277
145 278
144 278
143 278
143 279
142 279
141 279
140 279
139 279
138 279
137 279
136 279
136 280
135 280
135 281
134 281
133 281
132 281
131 281
131 282
130 282
129 282
128 282
127 282
126 282
125 282
125 283
124 283
124 284
123 284
122 284
121 284
121 285
120 285
119 285
118 285
117 285
117 286
116 286
116 287
115 287
115 288
114 288
113 288
112 288
111 288
110 288
110 289
109 289
108 289
107 289
107 290
106 290
105 290
105 291
104 291
103 291
102 291
101 291
100 291
100 292
99 292
98 292
97 292
96 292
95 292
94 292
93 292
92 292
91 292
91 293
91 294
90 294
90 295
89 295
89 296
89 297
90 297
90 298
91 298
91 299
92 299
92 300
93 300
93 301
93 302
93 303
93 304
93 305
93 306
93 307
93 308
93 309
93 310
93 311
93 312
92 312
92 313
92 314
91 314
91 315
91 316
90 316
90 317
90 318
89 318
88 318
88 319
88 320
87 320
87 321
86 321
86 322
85 322
85 323
84 323
83 323
83 324
82 324
82 325
81 325
80 325
80 326
79 326
79 327
78 327
78 328
77 328
77 329
77 330
77 331
76 331
76 332
75 332
75 333
75 334
74 334
74 335
74 336
75 336
76 336
76 337
77 337
77 338
78 338
79 338
80 338
80 339
81 339
81 340
82 340
83 340
84 340
84 341
85 341
85 342
86 342
86 343
87 343
88 343
88 344
89 344
90 344
90 345
91 345
91 346
92 346
93 346
93 347
94 347
94 348
95 348
95 349
96 349
97 349
97 350
98 350
98 351
99 351
99 352
99 353
100 353
101 353
101 354
102 354
103 354
103 355
104 355
104 356
104 357
104 358
105 358
105 359
105 0
106 0
106 1
106 2
106 3
107 3
107 4
107 5
107 6
107 7
107 8
107 9
107 10
107 11
107 12
107 13
107 14
107 15
107 16
107 17
106 17
106 18
106 19
106 20
105 20
105 21
105 22
104 22
104 23
104 24
103 24
103 25
103 26
103 27
102 27
102 28
102 29
103 29
103 30
102 30
102 31
102 32
102 33
102 34
103 34
103 35
102 35
102 36
102 37
102 38
103 38
103 39
104 39
104 40
104 41
104 42
105 42
105 43
105 44
106 44
106 45
107 45
107 46
107 47
107 48
108 48
108 49
108 50
109 50
109 51
109 52
109 53
110 53
110 54
110 55
110 56
111 56
111 57
111 58
111 59
112 59
113 59
113 60
113 61
113 62
114 62
114 63
115 63
115 64
115 65
116 65
116 66
117 66
117 67
117 68
118 68
118 69
119 69
119 70
120 70
120 71
121 71
122 71
122 72
123 72
123 73
123 74
124 74
125 74
126 74
126 75
127 75
127 76
128 76
129 76
129 77
130 77
130 78
131 78
132 78
133 78
133 79
134 79
134 80
135 80
136 80
137 80
137 81
138 81
139 81
140 81
140 82
141 82
142 82
142 83
143 83
143 84
144 84
145 84
146 84
147 84
148 84
149 84
150 84
150 85
151 85
152 85
153 85
153 86
154 86
155 86
155 87
156 87
157 87
158 87
159 87
159 88
160 88
160 89
160 90
160 91
160 92
159 92
158 92
157 92
156 92
156 93
155 93
155 94
154 94
153 94
152 94
151 94
151 95
150 95
149 95
149 96
148 96
147 96
146 96
145 96
144 96
143 96
143 97
142 97
141 97
140 97
140 98
139 98
138 98
137 98
137 99
136 99
135 99
135 100
134 100
134 101
133 101
132 101
131 101
131 102
130 102
129 102
129 103
128 103
128 104
127 104
126 104
126 105
125 105
125 106
124 106
123 106
123 107
122 107
122 108
121 108
120 108
120 109
119 109
119 110
118 110
118 111
117 111
117 112
117 113
116 113
116 114
115 114
115 115
114 115
114 116
114 117
113 117
113 118
112 118
112 119
112 120
111 120
111 121
110 121
110 122
111 122
111 123
110 123
110 124
109 124
109 125
109 126
109 127
108 127
108 128
108 129
108 130
107 130
107 131
106 131
106 132
106 133
105 133
105 134
105 135
105 136
104 136
104 137
103 137
103 138
103 139
103 140
103 141
102 141
102 142
101 142
101 143
102 143
102 144
102 145
101 145
101 146
101 147
101 148
101 149
101 150
102 150
102 151
101 151
101 152
102 152
102 153
102 154
102 155
103 155
103 156
103 157
104 157
104 158
104 159
104 160
104 161
105 161
105 162
105 163
106 163
106 164
106 165
106 166
106 167
106 168
106 169
106 170
106 171
107 171
107 172
107 173
106 173
106 174
106 175
106 176
106 177
105 177
105 178
105 179
104 179
104 180
104 181
104 182
103 182
103 183
103 184
102 184
102 185
102 186
101 186
100 186
100 187
99 187
99 188
98 188
98 189
97 189
97 190
96 190
96 191
95 191
94 191
94 192
93 192
93 193
92 193
92 194
91 194
90 194
90 195
90 196
89 196
88 196
87 196
87 197
86 197
85 197
85 198
84 198
84 199
83 199
83 200
82 200
81 200
81 201
80 201
80 202
79 202
78 202
77 202
77 203
76 203
75 203
75 204
74 204
73 204
73 205
73 206
74 206
74 207
74 208
75 208
75 209
76 209
76 210
76 211
77 211
77 212
78 212
78 213
79 213
79 214
80 214
80 215
81 215
81 216
82 216
82 217
83 217
83 218
84 218
84 219
85 219
86 219
86 220
87 220
87 221
88 221
88 222
88 223
89 223
90 223
90 224
90 225
90 226
90 227
91 227
91 228
92 228
92 229
92 230
92 231
92 232
93 232
93 233
93 234
92 234
92 235
92 236
92 237
92 238
92 239
92 240
92 241
91 241
91 242
90 242
90 243
89 243
89 244
89 245
89 246
89 247
90 247
90 248
91 248
92 248
92 249
93 249
94 249
95 249
96 249
97 249
98 249
99 249
100 249
101 249
102 249
102 250
103 250
104 250
105 250
106 250
106 251
107 251
108 251
109 251
109 252
110 252
111 252
112 252
112 253
113 253
114 253
115 253
116 253
116 254
116 255
117 255
118 255
119 255
119 256
120 256
121 256
122 256
123 256
123 257
124 257
125 257
125 258
126 258
127 258
127 259
128 259
129 259
130 259
131 259
132 259
133 259
133 260
134 260
135 260
136 260
136 261
137 261
138 261
138 262
139 262
140 262
141 262
142 262
143 262
144 262
145 262
145 263
146 263
146 264
147 264
148 264
149 264
150 264
151 264
152 264
152 265
153 265
154 265
155 265
155 266
156 266
157 266
158 266
159 266
159 267
160 267
161 267
162 267
162 268
163 268
164 268
165 268
166 268
167 268
168 268
-2 -2
