38 26
38 27
38 28
38 29
37 29
37 30
37 31
37 32
37 33
37 34
37 35
36 35
36 36
36 37
36 38
36 39
36 40
36 41
36 42
36 43
36 44
35 44
35 45
35 46
35 47
35 48
35 49
35 50
35 51
35 52
35 53
35 54
35 55
35 56
34 56
34 57
35 57
35 58
35 59
34 59
34 60
34 61
34 62
33 62
33 63
33 64
33 65
33 66
33 67
33 68
33 69
33 70
32 70
32 71
32 72
32 73
32 74
32 75
32 76
31 76
31 77
31 78
31 79
31 80
31 81
31 82
31 83
31 84
31 85
31 86
31 87
31 88
31 89
31 90
31 91
31 92
31 93
31 94
31 95
31 96
31 97
31 98
31 99
31 100
31 101
31 102
31 103
31 104
32 104
32 105
32 106
32 107
32 108
32 109
32 110
33 110
33 111
33 112
33 113
32 113
32 114
33 114
33 115
33 116
33 117
33 118
34 118
34 119
34 120
34 121
34 122
34 123
34 124
34 125
34 126
34 127
34 128
34 129
34 130
34 131
34 132
34 133
34 134
34 135
35 135
35 136
35 137
35 138
35 139
35 140
35 141
35 142
35 143
35 144
35 145
35 146
36 146
36 147
36 148
36 149
36 150
36 151
36 152
36 153
36 154
36 155
36 156
35 156
35 157
35 158
35 159
36 159
36 160
36 161
35 161
35 162
35 163
35 164
35 165
35 166
35 167
35 168
35 169
35 170
35 171
35 172
35 173
35 174
35 175
35 176
35 177
35 178
35 179
35 180
34 180
34 181
34 182
34 183
34 184
34 185
34 186
34 187
34 188
34 189
34 190
33 190
33 191
33 192
33 193
33 194
33 195
33 196
33 197
33 198
32 198
32 199
32 200
32 201
32 202
32 203
32 204
31 204
31 205
32 205
32 206
32 207
32 208
31 208
31 209
31 210
31 211
31 212
31 213
31 214
31 215
31 216
30 216
30 217
30 218
30 219
30 220
31 220
31 221
31 222
31 223
31 224
31 225
31 226
31 227
31 228
31 229
31 230
31 231
31 232
31 233
31 234
31 235
32 235
32 236
32 237
32 238
32 239
32 240
32 241
31 241
31 242
32 242
32 243
32 244
32 245
31 245
31 246
31 247
31 248
32 248
32 249
32 250
31 250
31 251
31 252
32 252
32 253
32 254
32 255
32 256
31 256
31 257
31 258
32 258
32 259
32 260
32 261
32 262
32 263
32 264
32 265
32 266
32 267
32 268
32 269
32 270
32 271
32 272
32 273
32 274
32 275
32 276
32 277
32 278
32 279
32 280
32 281
32 282
32 283
32 284
33 284
33 285
33 286
32 286
32 287
32 288
32 289
32 290
32 291
32 292
32 293
32 294
31 294
31 295
32 295
32 296
32 297
32 298
32 299
32 300
32 301
32 302
32 303
32 304
32 305
32 306
32 307
32 308
32 309
32 310
32 311
32 312
32 313
32 314
32 315
32 316
32 317
32 318
32 319
32 320
32 321
32 322
31 322
31 323
31 324
31 325
32 325
32 326
32 327
32 328
32 329
32 330
32 331
32 332
32 333
33 333
33 334
33 335
33 336
32 336
32 337
33 337
33 338
33 339
33 340
33 341
34 341
34 342
34 343
34 344
34 345
34 346
34 347
34 348
34 349
34 350
34 351
34 352
35 352
35 353
35 354
35 355
35 356
35 357
35 358
35 359
35 0
36 0
36 1
36 2
36 3
36 4
36 5
36 6
36 7
36 8
36 9
36 10
36 11
36 12
36 13
36 14
36 15
36 16
36 17
36 18
37 18
37 19
37 20
37 21
36 21
36 22
36 23
37 23
37 24
37 25
37 26
38 26
-2 -2
