46 62
46 63
46 64
46 65
46 66
46 67
46 68
46 69
45 69
45 70
45 71
45 72
45 73
44 73
44 74
44 75
44 76
44 77
44 78
43 78
42 78
42 79
41 79
41 80
40 80
40 81
39 81
39 82
39 83
39 84
38 84
38 85
37 85
37 86
37 87
36 87
36 88
35 88
34 88
34 89
34 90
33 90
33 91
33 92
33 93
33 94
33 95
32 95
32 96
32 97
31 97
30 97
30 98
30 99
29 99
29 100
29 101
29 102
29 103
29 104
28 104
28 105
28 106
27 106
27 107
27 108
27 109
26 109
26 110
26 111
26 112
26 113
26 114
26 115
26 116
26 117
26 118
26 119
26 120
26 121
27 121
27 122
27 123
27 124
26 124
26 125
26 126
26 127
26 128
26 129
26 130
26 131
26 132
26 133
25 133
25 134
26 134
26 135
27 135
27 136
27 137
27 138
27 139
27 140
27 141
27 142
27 143
27 144
27 145
27 146
27 147
27 148
27 149
27 150
28 150
28 151
29 151
29 152
29 153
29 154
29 155
29 156
29 157
29 158
29 159
30 159
30 160
30 161
31 161
31 162
32 162
32 163
32 164
33 164
33 165
33 166
32 166
32 167
32 168
33 168
33 169
33 170
34 170
35 170
35 171
35 172
36 172
36 173
36 174
36 175
36 176
36 177
37 177
37 178
37 179
37 180
38 180
39 180
39 181
40 181
40 182
40 183
40 184
40 185
40 186
41 186
41 187
41 188
41 189
41 190
41 191
41 192
41 193
42 193
42 194
42 195
42 196
42 197
42 198
42 199
42 200
41 200
41 201
41 202
40 202
40 203
40 204
40 205
39 205
39 206
39 207
39 208
39 209
39 210
39 211
38 211
38 212
37 212
37 213
36 213
36 214
36 215
36 216
35 216
35 217
34 217
34 218
33 218
33 219
33 220
32 220
32 221
31 221
31 222
31 223
30 223
29 223
29 224
28 224
28 225
27 225
26 225
26 226
25 226
25 227
25 228
25 229
25 230
24 230
24 231
24 232
23 232
23 233
23 234
23 235
23 236
23 237
23 238
23 239
22 239
22 240
22 241
22 242
22 243
22 244
22 245
22 246
21 246
21 247
21 248
21 249
22 249
22 250
22 251
22 252
21 252
21 253
21 254
21 255
21 256
21 257
21 258
22 258
22 259
22 260
22 261
23 261
23 262
23 263
23 264
24 264
24 265
24 266
24 267
24 268
24 269
23 269
23 270
23 271
24 271
25 271
25 272
25 273
26 273
27 273
27 274
27 275
28 275
29 275
29 276
30 276
31 276
31 277
31 278
32 278
32 279
33 279
34 279
34 280
35 280
35 281
36 281
36 282
36 283
37 283
38 283
38 284
38 285
39 285
39 286
39 287
39 288
40 288
40 289
41 289
41 290
41 291
42 291
42 292
42 293
42 294
43 294
43 295
43 296
43 297
43 298
43 299
43 300
44 300
44 301
44 302
45 302
45 303
45 304
44 304
44 305
44 306
44 307
43 307
43 308
43 309
42 309
42 310
42 311
42 312
42 313
42 314
42 315
42 316
41 316
41 317
41 318
41 319
41 320
40 320
40 321
39 321
39 322
39 323
38 323
38 324
38 325
37 325
37 326
37 327
36 327
36 328
36 329
35 329
35 330
35 331
35 332
34 332
34 333
34 334
34 335
34 336
33 336
33 337
33 338
33 339
33 340
32 340
32 341
32 342
32 343
32 344
32 345
32 346
31 346
31 347
31 348
31 349
31 350
30 350
30 351
30 352
30 353
30 354
30 355
30 356
30 357
30 358
29 358
29 359
28 359
27 359
27 0
28 0
28 1
29 1
29 2
29 3
29 4
29 5
29 6
28 6
28 7
28 8
28 9
28 10
28 11
28 12
27 12
27 13
27 14
27 15
27 16
28 16
28 17
28 18
28 19
28 20
28 21
29 21
29 22
29 23
29 24
29 25
30 25
30 26
30 27
30 28
30 29
31 29
31 30
31 31
31 32
32 32
32 33
32 34
32 35
33 35
33 36
33 37
34 37
34 38
34 39
35 39
35 40
35 41
36 41
36 42
36 43
37 43
37 44
37 45
38 45
38 46
39 46
39 47
39 48
40 48
40 49
41 49
42 49
42 50
42 51
43 51
43 52
43 53
44 53
44 54
44 55
44 56
44 57
44 58
44 59
44 60
45 60
45 61
45 62
46 62
-2 -2
