46 111
46 112
46 113
46 114
45 114
45 115
45 116
45 117
44 117
44 118
44 119
44 120
44 121
44 122
43 122
43 123
43 124
43 125
43 126
42 126
42 127
41 127
41 128
41 129
40 129
40 130
40 131
39 131
39 132
38 132
38 133
37 133
37 134
37 135
36 135
36 136
35 136
35 137
35 138
34 138
34 139
34 140
33 140
33 141
33 142
32 142
32 143
32 144
31 144
31 145
31 146
31 147
30 147
30 148
30 149
30 150
30 151
29 151
29 152
29 153
29 154
28 154
28 155
28 156
28 157
28 158
27 158
27 159
27 160
27 161
27 162
27 163
27 164
26 164
26 165
26 166
26 167
26 168
27 168
27 169
27 170
27 171
27 172
27 173
27 174
27 175
27 176
28 176
28 177
28 178
28 179
27 179
27 180
27 181
28 181
28 182
28 183
28 184
28 185
28 186
28 187
29 187
29 188
29 189
29 190
29 191
29 192
29 193
29 194
30 194
31 194
31 195
31 196
31 197
31 198
31 199
31 200
32 200
32 201
32 202
32 203
32 204
33 204
33 205
33 206
33 207
33 208
34 208
34 209
34 210
34 211
35 211
35 212
35 213
36 213
36 214
36 215
36 216
37 216
37 217
38 217
38 218
38 219
39 219
39 220
39 221
40 221
40 222
40 223
40 224
40 225
41 225
41 226
41 227
41 228
41 229
42 229
42 230
42 231
42 232
43 232
43 233
44 233
44 234
44 235
44 236
44 237
44 238
44 239
44 240
43 240
43 241
43 242
43 243
43 244
43 245
43 246
42 246
42 247
42 248
42 249
41 249
41 250
41 251
40 251
40 252
39 252
39 253
39 254
39 255
39 256
38 256
38 257
37 257
37 258
37 259
36 259
36 260
35 260
35 261
34 261
34 262
34 263
33 263
32 263
32 264
31 264
31 265
31 266
30 266
29 266
29 267
28 267
27 267
26 267
26 268
26 269
25 269
24 269
24 270
24 271
24 272
24 273
24 274
24 275
24 276
23 276
23 277
23 278
23 279
23 280
23 281
23 282
22 282
22 283
22 284
22 285
21 285
21 286
21 287
21 288
22 288
22 289
22 290
22 291
21 291
21 292
21 293
21 294
22 294
22 295
22 296
22 297
22 298
22 299
22 300
22 301
23 301
23 302
23 303
24 303
24 304
24 305
24 306
23 306
23 307
23 308
24 308
24 309
24 310
25 310
25 311
25 312
25 313
25 314
26 314
26 315
27 315
27 316
28 316
29 316
29 317
29 318
30 318
30 319
30 320
31 320
32 320
33 320
33 321
33 322
34 322
34 323
35 323
35 324
36 324
36 325
37 325
37 326
37 327
37 328
38 328
38 329
39 329
39 330
39 331
40 331
40 332
40 333
40 334
40 335
41 335
41 336
41 337
41 338
41 339
42 339
42 340
43 340
43 341
43 342
43 343
43 344
43 345
43 346
43 347
43 348
42 348
42 349
42 350
42 351
42 352
42 353
42 354
42 355
42 356
41 356
41 357
41 358
41 359
40 359
40 0
39 0
38 0
38 1
38 2
38 3
37 3
37 4
37 5
37 6
37 7
37 8
36 8
36 9
36 10
35 10
34 10
34 11
34 12
34 13
33 13
33 14
33 15
33 16
33 17
33 18
32 18
31 18
31 19
31 20
31 21
31 22
31 23
30 23
30 24
30 25
30 26
30 27
30 28
29 28
29 29
29 30
29 31
28 31
28 32
28 33
28 34
28 35
28 36
28 37
28 38
28 39
28 40
27 40
27 41
27 42
27 43
27 44
27 45
27 46
27 47
27 48
27 49
27 50
27 51
27 52
27 53
27 54
27 55
27 56
27 57
27 58
27 59
27 60
27 61
27 62
26 62
26 63
26 64
27 64
27 65
27 66
27 67
26 67
26 68
26 69
27 69
27 70
27 71
28 71
28 72
29 72
29 73
29 74
29 75
29 76
29 77
29 78
29 79
30 79
30 80
30 81
31 81
32 81
32 82
32 83
33 83
33 84
33 85
34 85
34 86
34 87
34 88
34 89
34 90
35 90
36 90
36 91
36 92
37 92
38 92
38 93
38 94
38 95
39 95
39 96
40 96
40 97
40 98
41 98
42 98
42 99
42 100
42 101
43 101
43 102
44 102
44 103
44 104
44 105
44 106
44 107
45 107
45 108
45 109
45 110
45 111
46 111
-2 -2
