169 358
169 359
169 0
169 1
169 2
168 2
168 3
167 3
166 3
165 3
164 3
163 3
162 3
161 3
160 3
160 4
159 4
158 4
157 4
157 5
156 5
155 5
154 5
154 6
153 6
152 6
151 6
150 6
149 6
149 7
148 7
147 7
146 7
146 8
145 8
144 8
143 8
143 9
142 9
141 9
140 9
139 9
138 9
137 9
137 10
136 10
136 11
135 11
134 11
133 11
132 11
131 11
131 12
130 12
129 12
128 12
127 12
126 12
126 13
125 13
125 14
124 14
123 14
122 14
121 14
121 15
120 15
119 15
118 15
118 16
117 16
117 17
116 17
116 18
115 18
114 18
113 18
112 18
111 18
110 18
110 19
109 19
108 19
107 19
107 20
106 20
105 20
105 21
104 21
103 21
102 21
101 21
100 21
100 22
99 22
99 21
98 21
97 21
97 22
96 22
95 22
94 22
93 22
92 22
92 23
91 23
91 24
90 24
90 25
90 26
90 27
91 27
91 28
92 28
92 29
93 29
93 30
94 30
94 31
94 32
94 33
94 34
93 34
93 35
94 35
94 36
95 36
95 37
95 38
94 38
94 39
94 40
93 40
93 41
93 42
93 43
92 43
92 44
92 45
91 45
91 46
91 47
90 47
90 48
90 49
89 49
88 49
88 50
87 50
87 51
86 51
86 52
85 52
85 53
84 53
83 53
83 54
82 54
82 55
81 55
81 56
80 56
80 57
79 57
79 58
79 59
78 59
78 60
77 60
77 61
76 61
76 62
75 62
75 63
75 64
74 64
74 65
75 65
76 65
76 66
76 67
77 67
78 67
79 67
80 67
80 68
81 68
82 68
83 68
83 69
84 69
84 70
85 70
86 70
86 71
87 71
87 72
88 72
88 73
89 73
90 73
90 74
91 74
91 75
92 75
92 76
93 76
93 77
94 77
95 77
95 78
96 78
96 79
97 79
97 80
98 80
99 80
99 81
100 81
100 82
100 83
101 83
102 83
102 84
103 84
103 85
104 85
104 86
104 87
104 88
105 88
105 89
105 90
106 90
106 91
106 92
107 92
107 93
107 94
107 95
107 96
107 97
107 98
107 99
107 100
107 101
107 102
107 103
107 104
107 105
107 106
106 106
106 107
106 108
105 108
105 109
105 110
105 111
104 111
104 112
103 112
103 113
103 114
103 115
103 116
102 116
102 117
102 118
102 119
102 120
101 120
101 121
101 122
101 123
101 124
102 124
102 125
102 126
102 127
102 128
102 129
103 129
103 130
103 131
103 132
104 132
104 133
105 133
105 134
105 135
105 136
105 137
106 137
106 138
107 138
107 139
107 140
107 141
108 141
108 142
109 142
109 143
109 144
109 145
110 145
110 146
110 147
110 148
110 149
111 149
112 149
112 150
112 151
112 152
113 152
114 152
114 153
114 154
114 155
115 155
115 156
116 156
116 157
116 158
117 158
117 159
118 159
118 160
119 160
119 161
120 161
121 161
121 162
122 162
122 163
123 163
123 164
124 164
125 164
125 165
126 165
126 166
127 166
128 166
128 167
129 167
129 168
130 168
131 168
132 168
132 169
133 169
134 169
134 170
135 170
135 171
136 171
137 171
138 171
138 172
139 172
140 172
140 173
141 173
142 173
143 173
143 174
144 174
145 174
146 174
147 174
148 174
149 174
149 175
150 175
151 175
152 175
153 175
153 176
154 176
154 177
155 177
156 177
157 177
158 177
158 178
159 178
159 179
159 180
159 181
159 182
158 182
157 182
156 182
156 183
155 183
154 183
154 184
153 184
152 184
151 184
150 184
150 185
149 185
149 186
148 186
147 186
146 186
145 186
144 186
143 186
142 186
142 187
141 187
140 187
139 187
139 188
138 188
137 188
137 189
136 189
135 189
135 190
134 190
133 190
133 191
132 191
131 191
131 192
130 192
129 192
129 193
128 193
128 194
127 194
126 194
125 194
125 195
124 195
124 196
123 196
122 196
122 197
121 197
121 198
120 198
119 198
119 199
119 200
118 200
118 201
117 201
117 202
116 202
116 203
115 203
115 204
114 204
114 205
113 205
113 206
113 207
112 207
112 208
112 209
112 210
111 210
111 211
110 211
110 212
110 213
110 214
109 214
109 215
108 215
108 216
109 216
109 217
108 217
108 218
107 218
107 219
107 220
106 220
106 221
106 222
106 223
105 223
105 224
104 224
104 225
104 226
104 227
103 227
103 228
103 229
103 230
103 231
102 231
102 232
101 232
101 233
101 234
101 235
101 236
101 237
100 237
100 238
100 239
101 239
101 240
101 241
101 242
101 243
102 243
102 244
102 245
102 246
102 247
102 248
103 248
103 249
104 249
104 250
104 251
104 252
105 252
105 253
105 254
106 254
106 255
106 256
106 257
106 258
106 259
105 259
105 260
106 260
106 261
106 262
106 263
106 264
106 265
106 266
106 267
106 268
105 268
105 269
105 270
104 270
104 271
104 272
104 273
103 273
103 274
103 275
102 275
102 276
101 276
101 277
100 277
99 277
99 278
99 279
98 279
98 280
97 280
97 281
96 281
95 281
95 282
94 282
94 283
93 283
93 284
92 284
91 284
91 285
90 285
90 286
89 286
89 287
88 287
87 287
87 288
86 288
86 289
85 289
84 289
84 290
83 290
83 291
82 291
81 291
81 292
80 292
80 293
79 293
78 293
77 293
76 293
76 294
75 294
75 295
74 295
73 295
73 296
74 296
74 297
74 298
75 298
75 299
76 299
76 300
76 301
77 301
77 302
78 302
78 303
79 303
79 304
80 304
80 305
81 305
81 306
82 306
82 307
83 307
83 308
84 308
84 309
85 309
86 309
86 310
87 310
87 311
88 311
88 312
89 312
89 313
90 313
90 314
90 315
91 315
91 316
91 317
92 317
92 318
92 319
93 319
93 320
93 321
93 322
93 323
94 323
94 324
93 324
93 325
93 326
93 327
93 328
93 329
93 330
93 331
92 331
92 332
91 332
91 333
90 333
90 334
90 335
90 336
90 337
90 338
91 338
92 338
92 339
93 339
94 339
95 339
96 339
97 339
98 339
99 339
100 339
101 339
102 339
102 340
103 340
104 340
105 340
106 340
107 340
107 341
108 341
109 341
110 341
110 342
111 342
112 342
112 343
113 343
114 343
115 343
116 343
117 343
117 344
117 345
118 345
119 345
119 346
120 346
121 346
122 346
123 346
124 346
124 347
125 347
125 348
126 348
127 348
128 348
129 348
129 349
130 349
131 349
132 349
133 349
134 349
134 350
135 350
136 350
137 350
137 351
138 351
139 351
139 352
140 352
141 352
142 352
143 352
144 352
145 352
145 353
146 353
146 354
147 354
148 354
149 354
150 354
151 354
152 354
153 354
153 355
154 355
155 355
156 355
156 356
157 356
158 356
159 356
159 357
160 357
161 357
162 357
162 358
163 358
164 358
165 358
166 358
167 358
168 358
169 358
-2 -2
