198 227
198 228
198 229
198 230
197 230
196 230
196 231
195 231
194 231
194 232
193 232
192 232
191 232
190 232
189 232
188 232
187 232
187 233
186 233
185 233
184 233
183 233
182 233
181 233
180 233
180 232
179 232
178 232
177 232
176 232
175 232
174 232
173 232
172 232
171 232
170 232
170 231
169 231
168 231
167 231
167 230
166 230
165 230
164 230
163 230
162 230
161 230
160 230
159 230
158 230
157 230
157 229
156 229
156 230
155 230
154 230
154 229
153 229
153 230
152 230
151 230
150 230
149 230
148 230
147 230
146 230
146 231
145 231
144 231
143 231
142 231
141 231
140 231
139 231
138 231
137 231
137 232
136 232
135 232
135 233
134 233
133 233
132 233
131 233
131 234
130 234
129 234
128 234
127 234
127 235
126 235
125 235
124 235
124 236
123 236
123 237
122 237
122 236
121 236
121 237
120 237
119 237
118 237
117 237
116 237
116 238
115 238
115 239
114 239
113 239
113 240
112 240
111 240
110 240
109 240
108 240
108 241
107 241
106 241
106 242
105 242
105 243
104 243
104 244
103 244
103 245
102 245
102 246
101 246
100 246
100 247
99 247
98 247
97 247
97 248
96 248
95 248
94 248
94 249
94 250
93 250
93 251
93 252
92 252
92 253
92 254
91 254
91 255
90 255
90 256
89 256
88 256
88 257
87 257
87 258
86 258
85 258
85 259
85 260
85 261
85 262
84 262
84 263
84 264
84 265
84 266
84 267
83 267
83 268
82 268
82 269
81 269
81 270
80 270
79 270
79 271
79 272
79 273
79 274
79 275
79 276
79 277
79 278
79 279
78 279
78 280
78 281
77 281
77 282
76 282
76 283
77 283
77 284
77 285
76 285
76 286
76 287
76 288
76 289
75 289
75 290
75 291
75 292
76 292
76 293
76 294
76 295
76 296
76 297
76 298
75 298
75 299
75 300
75 301
76 301
76 302
77 302
77 303
77 304
77 305
77 306
76 306
76 307
77 307
77 308
77 309
77 310
77 311
77 312
77 313
77 314
78 314
78 315
78 316
78 317
78 318
78 319
79 319
79 320
79 321
79 322
80 322
80 323
80 324
80 325
80 326
81 326
81 327
81 328
81 329
82 329
82 330
82 331
83 331
83 332
83 333
84 333
84 334
84 335
84 336
84 337
85 337
85 338
85 339
86 339
86 340
86 341
87 341
87 342
87 343
87 344
88 344
88 345
89 345
89 346
89 347
90 347
90 348
89 348
89 349
90 349
90 350
91 350
91 351
92 351
92 352
92 353
93 353
93 354
93 355
94 355
95 355
95 356
95 357
96 357
97 357
97 358
97 359
97 0
98 0
99 0
99 1
100 1
100 2
101 2
101 3
102 3
102 4
102 5
103 5
103 6
103 7
104 7
105 7
106 7
107 7
107 8
107 9
107 10
107 11
108 11
109 11
109 12
109 13
110 13
111 13
112 13
112 14
113 14
113 15
114 15
114 16
115 16
116 16
116 17
116 18
117 18
117 19
118 19
118 20
118 21
119 21
119 22
120 22
121 22
121 23
122 23
122 24
123 24
123 25
124 25
125 25
125 26
126 26
126 27
127 27
127 28
128 28
128 29
129 29
129 30
130 30
130 31
130 32
131 32
132 32
132 33
133 33
133 34
134 34
134 35
134 36
134 37
135 37
135 38
136 38
136 39
136 40
136 41
136 42
137 42
137 43
137 44
137 45
138 45
138 46
138 47
138 48
139 48
139 49
139 50
139 51
139 52
139 53
140 53
140 54
140 55
140 56
141 56
141 57
141 58
141 59
142 59
142 60
142 61
142 62
143 62
143 63
143 64
143 65
144 65
144 66
144 67
143 67
143 68
143 69
142 69
142 70
142 71
142 72
143 72
143 73
143 74
142 74
142 75
141 75
141 76
141 77
140 77
140 78
140 79
139 79
138 79
138 80
137 80
137 81
136 81
135 81
135 82
134 82
134 83
133 83
133 84
133 85
133 86
132 86
132 87
131 87
130 87
130 88
129 88
128 88
128 89
128 90
127 90
126 90
125 90
125 91
124 91
124 92
123 92
123 93
122 93
122 94
121 94
120 94
119 94
119 95
118 95
117 95
117 96
116 96
115 96
114 96
114 97
113 97
113 98
112 98
112 99
111 99
110 99
109 99
108 99
108 100
107 100
106 100
105 100
105 101
104 101
104 102
103 102
102 102
101 102
101 103
100 103
99 103
98 103
97 103
97 104
96 104
95 104
94 104
94 105
93 105
92 105
92 106
91 106
90 106
90 107
89 107
88 107
87 107
87 108
86 108
85 108
84 108
84 109
83 109
82 109
81 109
80 109
79 109
79 110
78 110
77 110
76 110
75 110
74 110
73 110
72 110
71 110
70 110
69 110
68 110
67 110
66 110
65 110
64 110
63 110
62 110
61 110
60 110
59 110
59 109
58 109
57 109
57 108
56 108
55 108
55 107
54 107
53 107
53 106
52 106
51 106
51 105
50 105
50 104
49 104
49 103
49 102
48 102
47 102
47 101
46 101
46 100
46 99
45 99
45 98
45 97
45 96
44 96
44 95
44 94
43 94
43 93
42 93
42 92
42 91
42 90
41 90
41 89
41 88
41 87
41 86
41 85
41 84
41 83
41 82
40 82
40 81
40 80
40 79
40 78
40 77
41 77
41 76
40 76
40 75
40 74
40 73
40 72
41 72
41 71
41 70
41 69
41 68
42 68
42 67
42 66
42 65
43 65
43 64
43 63
43 62
44 62
44 61
45 61
45 60
46 60
46 59
46 58
47 58
47 57
48 57
49 57
49 56
49 55
50 55
50 54
51 54
51 53
51 52
52 52
53 52
53 51
54 51
55 51
56 51
56 50
57 50
58 50
59 50
60 50
61 50
62 50
63 50
64 50
65 50
66 50
66 49
67 49
68 49
69 49
70 49
70 50
71 50
72 50
73 50
73 51
74 51
75 51
76 51
77 51
77 52
78 52
79 52
79 53
80 53
81 53
81 54
82 54
83 54
83 55
84 55
85 55
85 56
86 56
86 57
87 57
88 57
88 58
89 58
89 59
90 59
90 60
91 60
91 61
91 62
91 63
92 63
92 64
92 65
92 66
92 67
92 68
92 69
93 69
93 70
93 71
94 71
94 72
94 73
94 74
94 75
94 76
94 77
94 78
95 78
96 78
97 78
98 78
98 77
99 77
99 76
100 76
100 75
101 75
101 74
102 74
103 74
103 73
104 73
104 72
105 72
106 72
106 71
106 70
107 70
107 69
108 69
108 68
109 68
109 67
109 66
110 66
110 65
111 65
111 64
112 64
112 63
113 63
113 62
114 62
114 61
113 61
113 60
113 59
112 59
112 58
111 58
111 57
110 57
109 57
109 56
108 56
107 56
107 55
106 55
106 54
105 54
104 54
104 53
103 53
102 53
102 52
101 52
100 52
100 51
99 51
98 51
98 50
97 50
96 50
96 49
95 49
94 49
94 48
93 48
92 48
92 47
91 47
91 46
90 46
89 46
89 45
88 45
87 45
86 45
86 44
85 44
85 43
84 43
83 43
83 42
82 42
82 41
81 41
81 40
80 40
80 39
79 39
78 39
78 38
77 38
77 37
76 37
76 36
75 36
75 35
74 35
74 34
74 33
73 33
72 33
72 32
71 32
71 31
70 31
70 30
69 30
68 30
68 29
67 29
66 29
65 29
65 28
65 27
64 27
63 27
63 26
62 26
62 25
62 24
62 23
61 23
61 22
60 22
60 21
59 21
59 20
58 20
58 19
57 19
56 19
56 18
55 18
55 17
54 17
54 16
53 16
53 15
53 14
53 13
52 13
52 12
51 12
51 11
50 11
50 10
50 9
49 9
48 9
48 8
48 7
48 6
48 5
47 5
47 4
46 4
46 3
45 3
45 2
45 1
44 1
44 0
44 359
43 359
43 358
43 357
43 356
43 355
43 354
43 353
43 352
43 351
43 350
42 350
42 349
42 348
42 347
43 347
43 346
43 345
42 345
42 344
42 343
42 342
42 341
41 341
41 340
41 339
41 338
41 337
41 336
41 335
42 335
42 334
42 333
42 332
42 331
41 331
41 330
41 329
40 329
40 328
40 327
40 326
41 326
41 325
41 324
41 323
41 322
40 322
40 321
40 320
40 319
40 318
40 317
40 316
40 315
40 314
40 313
40 312
40 311
39 311
39 310
39 309
40 309
40 308
40 307
40 306
40 305
40 304
39 304
39 303
39 302
39 301
39 300
39 299
39 298
39 297
39 296
39 295
39 294
39 293
40 293
40 292
40 291
40 290
40 289
40 288
40 287
40 286
40 285
40 284
40 283
39 283
39 282
39 281
39 280
40 280
40 279
40 278
40 277
41 277
41 276
41 275
42 275
42 274
43 274
43 273
43 272
43 271
43 270
43 269
44 269
44 268
44 267
44 266
44 265
44 264
44 263
44 262
45 262
45 261
46 261
46 260
47 260
47 259
47 258
48 258
49 258
49 257
49 256
49 255
49 254
50 254
51 254
51 253
51 252
52 252
53 252
54 252
54 251
55 251
55 250
55 249
56 249
56 248
57 248
57 247
57 246
58 246
58 245
59 245
59 244
60 244
61 244
61 243
62 243
62 242
63 242
64 242
64 241
65 241
65 240
64 240
63 240
62 240
61 240
61 241
60 241
59 241
58 241
57 241
57 242
56 242
56 243
55 243
54 243
53 243
52 243
51 243
50 243
50 244
49 244
48 244
47 244
46 244
45 244
45 245
44 245
43 245
42 245
41 245
41 246
40 246
39 246
39 247
38 247
37 247
36 247
35 247
34 247
33 247
32 247
31 247
31 248
30 248
29 248
28 248
27 248
26 248
25 248
25 247
24 247
24 246
23 246
23 245
22 245
22 244
21 244
20 244
19 244
19 243
19 242
18 242
18 241
17 241
17 240
17 239
16 239
16 238
16 237
15 237
14 237
13 237
13 236
13 235
13 234
13 233
13 232
12 232
12 231
12 230
11 230
11 229
11 228
11 227
11 226
10 226
10 225
10 224
11 224
11 223
10 223
10 222
10 221
10 220
10 219
9 219
9 218
9 217
9 216
10 216
10 215
9 215
8 215
8 214
8 213
8 212
9 212
9 211
8 211
8 210
8 209
8 208
9 208
9 207
9 206
9 205
10 205
10 204
10 203
9 203
8 203
8 202
8 201
8 200
9 200
9 199
9 198
8 198
8 197
8 196
8 195
9 195
9 194
10 194
10 193
9 193
8 193
8 192
8 191
8 190
9 190
9 189
9 188
10 188
10 187
9 187
8 187
8 186
8 185
8 184
9 184
9 183
9 182
9 181
8 181
8 180
8 179
9 179
9 178
9 177
9 176
8 176
8 175
8 174
8 173
9 173
10 173
10 172
10 171
9 171
9 170
9 169
9 168
10 168
11 168
11 167
10 167
10 166
9 166
9 165
9 164
9 163
10 163
10 162
9 162
9 161
9 160
9 159
10 159
11 159
11 158
11 157
10 157
10 156
10 155
10 154
11 154
11 153
10 153
10 152
10 151
10 150
11 150
11 149
11 148
12 148
12 147
12 146
12 145
13 145
13 144
14 144
15 144
15 143
16 143
16 142
17 142
17 141
17 140
18 140
18 139
19 139
19 138
19 137
20 137
21 137
22 137
23 137
24 137
25 137
25 136
25 135
26 135
27 135
27 134
28 134
29 134
30 134
31 134
32 134
33 134
34 134
35 134
36 134
36 135
37 135
37 136
38 136
39 136
39 137
39 138
40 138
40 139
41 139
42 139
42 140
42 141
43 141
43 142
43 143
44 143
44 144
44 145
44 146
45 146
45 147
45 148
45 149
45 150
45 151
45 152
45 153
44 153
44 154
44 155
44 156
44 157
44 158
44 159
43 159
43 160
42 160
42 161
42 162
42 163
41 163
41 164
41 165
41 166
41 167
41 168
40 168
40 169
40 170
40 171
40 172
40 173
40 174
40 175
40 176
41 176
41 177
41 178
41 179
41 180
42 180
42 181
43 181
43 182
44 182
44 183
44 184
45 184
45 185
45 186
46 186
46 187
47 187
47 188
48 188
48 189
49 189
49 190
49 191
50 191
51 191
51 192
52 192
52 193
53 193
54 193
55 193
55 194
55 195
56 195
57 195
58 195
59 195
59 196
60 196
60 197
61 197
62 197
63 197
63 198
64 198
65 198
66 198
66 199
67 199
68 199
69 199
70 199
71 199
71 200
72 200
72 199
73 199
73 200
74 200
75 200
76 200
77 200
78 200
78 201
79 201
80 201
81 201
82 201
83 201
84 201
85 201
85 202
86 202
87 202
88 202
89 202
90 202
90 203
91 203
91 202
92 202
92 203
93 203
94 203
95 203
96 203
96 204
97 204
98 204
99 204
100 204
100 205
101 205
102 205
103 205
104 205
105 205
105 206
106 206
107 206
108 206
109 206
110 206
111 206
112 206
113 206
113 207
114 207
115 207
116 207
117 207
118 207
118 208
119 208
120 208
121 208
122 208
123 208
124 208
125 208
125 209
126 209
127 209
128 209
129 209
130 209
131 209
132 209
132 210
133 210
134 210
135 210
136 210
137 210
138 210
139 210
139 211
140 211
140 210
141 210
141 211
142 211
143 211
144 211
145 211
145 212
146 212
147 212
148 212
149 212
150 212
150 213
151 213
152 213
153 213
154 213
155 213
155 214
156 214
157 214
158 214
159 214
159 215
160 215
161 215
162 215
163 215
164 215
164 216
165 216
166 216
167 216
168 216
169 216
169 217
170 217
171 217
172 217
173 217
173 218
174 218
174 217
175 217
175 218
176 218
177 218
177 219
178 219
179 219
180 219
180 220
181 220
182 220
182 221
183 221
184 221
185 221
185 222
186 222
187 222
188 222
188 223
189 223
190 223
191 223
191 224
192 224
193 224
194 224
195 224
195 225
196 225
197 225
197 226
197 227
198 227
-2 -2
