202 91
202 92
202 93
202 94
201 94
200 94
200 95
199 95
198 95
198 96
197 96
196 96
195 96
195 97
194 97
193 97
192 97
191 97
190 97
189 97
188 97
188 98
187 98
186 98
186 97
185 97
184 97
183 97
182 97
181 97
180 97
179 97
178 97
177 97
176 97
175 97
175 96
174 96
173 96
172 96
171 96
170 96
169 96
168 96
167 96
167 95
166 95
165 95
164 95
163 95
163 94
162 94
161 94
160 94
159 94
158 94
157 94
156 94
155 94
154 94
153 94
152 94
151 94
150 94
149 94
148 94
147 94
147 95
146 95
145 95
145 96
144 96
143 96
142 96
141 96
140 96
139 96
139 97
138 97
137 97
136 97
135 97
134 97
134 98
133 98
133 99
132 99
131 99
130 99
129 99
128 99
128 100
127 100
126 100
126 101
125 101
125 102
124 102
123 102
122 102
121 102
120 102
119 102
118 102
117 102
116 102
116 103
115 103
115 104
114 104
114 105
113 105
112 105
111 105
110 105
110 106
109 106
108 106
108 107
107 107
107 108
106 108
106 109
105 109
104 109
103 109
102 109
102 110
101 110
100 110
100 111
100 112
100 113
99 113
98 113
97 113
97 114
96 114
95 114
95 115
95 116
95 117
94 117
93 117
93 118
92 118
91 118
91 119
91 120
91 121
90 121
90 122
89 122
88 122
88 123
87 123
86 123
86 124
86 125
86 126
86 127
85 127
85 128
84 128
84 129
83 129
83 130
83 131
83 132
83 133
82 133
82 134
82 135
82 136
82 137
82 138
82 139
81 139
80 139
80 140
79 140
79 141
79 142
79 143
79 144
80 144
80 145
80 146
79 146
79 147
78 147
78 148
77 148
77 149
77 150
77 151
76 151
76 152
77 152
77 153
77 154
77 155
77 156
76 156
76 157
76 158
75 158
75 159
75 160
75 161
75 162
76 162
76 163
76 164
77 164
77 165
77 166
77 167
76 167
76 168
76 169
77 169
77 170
77 171
76 171
76 172
77 172
77 173
77 174
77 175
77 176
78 176
78 177
78 178
78 179
78 180
78 181
79 181
79 182
79 183
79 184
80 184
80 185
80 186
80 187
80 188
80 189
81 189
81 190
81 191
81 192
82 192
82 193
82 194
82 195
83 195
83 196
83 197
84 197
84 198
84 199
84 200
84 201
85 201
85 202
85 203
85 204
85 205
85 206
86 206
86 207
86 208
86 209
87 209
87 210
87 211
88 211
88 212
89 212
89 213
90 213
90 214
90 215
91 215
91 216
91 217
91 218
92 218
92 219
92 220
93 220
94 220
94 221
95 221
95 222
95 223
96 223
96 224
97 224
97 225
97 226
98 226
98 227
99 227
100 227
100 228
100 229
101 229
101 230
102 230
102 231
103 231
103 232
104 232
104 233
105 233
105 234
106 234
106 235
107 235
107 236
108 236
108 237
109 237
109 238
110 238
110 239
111 239
111 240
112 240
112 241
113 241
113 242
114 242
114 243
115 243
116 243
116 244
116 245
117 245
117 246
118 246
119 246
119 247
120 247
120 248
120 249
121 249
122 249
122 250
123 250
123 251
124 251
124 252
125 252
126 252
126 253
126 254
127 254
127 255
128 255
128 256
129 256
129 257
130 257
130 258
131 258
131 259
132 259
132 260
132 261
132 262
132 263
133 263
133 264
133 265
134 265
134 266
135 266
135 267
135 268
135 269
135 270
136 270
136 271
136 272
136 273
136 274
136 275
136 276
137 276
137 277
137 278
137 279
138 279
138 280
138 281
138 282
138 283
139 283
139 284
139 285
140 285
140 286
141 286
141 287
141 288
141 289
141 290
141 291
141 292
141 293
141 294
141 295
141 296
140 296
140 297
140 298
140 299
139 299
139 300
139 301
138 301
138 302
138 303
137 303
137 304
136 304
136 305
135 305
135 306
135 307
134 307
134 308
133 308
132 308
132 309
132 310
132 311
131 311
130 311
130 312
129 312
129 313
128 313
128 314
127 314
127 315
126 315
125 315
125 316
125 317
124 317
123 317
123 318
122 318
121 318
121 319
120 319
119 319
119 320
118 320
117 320
117 321
116 321
115 321
115 322
114 322
114 323
113 323
112 323
112 324
111 324
111 325
110 325
109 325
108 325
108 326
107 326
107 327
106 327
105 327
104 327
103 327
102 327
102 328
101 328
101 329
100 329
99 329
99 330
98 330
97 330
96 330
95 330
95 331
94 331
93 331
92 331
92 332
91 332
91 333
90 333
89 333
88 333
87 333
86 333
86 334
85 334
84 334
84 335
83 335
82 335
81 335
80 335
79 335
78 335
78 336
77 336
76 336
76 337
75 337
75 336
74 336
74 337
73 337
72 337
71 337
70 337
69 337
69 338
68 338
68 337
67 337
67 338
66 338
65 338
65 337
64 337
63 337
62 337
61 337
60 337
60 336
59 336
58 336
58 335
57 335
56 335
56 334
55 334
54 334
54 333
53 333
52 333
52 332
51 332
50 332
50 331
49 331
49 330
48 330
47 330
47 329
46 329
46 328
46 327
45 327
45 326
44 326
44 325
43 325
43 324
42 324
42 323
42 322
42 321
41 321
41 320
40 320
40 319
40 318
40 317
40 316
40 315
39 315
39 314
39 313
39 312
39 311
39 310
39 309
38 309
38 308
38 307
38 306
38 305
39 305
39 304
39 303
39 302
38 302
38 301
38 300
39 300
39 299
39 298
39 297
39 296
39 295
39 294
39 293
40 293
40 292
40 291
40 290
40 289
41 289
42 289
42 288
43 288
43 287
43 286
43 285
44 285
44 284
44 283
45 283
45 282
46 282
46 281
47 281
47 280
47 279
48 279
49 279
50 279
50 278
51 278
52 278
52 277
53 277
54 277
55 277
56 277
56 276
56 275
57 275
58 275
59 275
60 275
61 275
62 275
63 275
63 276
64 276
65 276
65 275
66 275
67 275
68 275
69 275
69 276
70 276
71 276
72 276
73 276
74 276
75 276
75 277
76 277
76 278
77 278
78 278
79 278
79 279
80 279
81 279
82 279
82 280
83 280
83 281
84 281
84 282
85 282
86 282
86 283
86 284
86 285
87 285
88 285
88 286
88 287
89 287
89 288
89 289
90 289
90 290
90 291
90 292
91 292
91 293
91 294
91 295
91 296
91 297
91 298
91 299
92 299
92 300
93 300
93 301
93 302
94 302
94 303
94 304
95 304
96 304
97 304
97 303
98 303
98 302
99 302
99 301
99 300
100 300
101 300
101 299
102 299
102 298
103 298
104 298
104 297
104 296
105 296
105 295
106 295
107 295
107 294
107 293
108 293
108 292
109 292
109 291
110 291
110 290
110 289
111 289
111 288
112 288
112 287
112 286
111 286
111 285
111 284
110 284
109 284
109 283
108 283
108 282
107 282
106 282
106 281
105 281
105 280
104 280
104 279
103 279
102 279
102 278
101 278
100 278
100 277
99 277
98 277
97 277
97 276
96 276
96 275
95 275
94 275
94 274
93 274
92 274
91 274
91 273
91 272
90 272
89 272
89 271
88 271
87 271
87 270
86 270
85 270
85 269
84 269
84 268
83 268
82 268
82 267
81 267
81 266
80 266
79 266
79 265
78 265
77 265
77 264
76 264
75 264
75 263
75 262
74 262
74 261
73 261
72 261
72 260
71 260
70 260
70 259
69 259
69 258
69 257
68 257
68 256
67 256
66 256
66 255
65 255
64 255
64 254
64 253
63 253
63 252
63 251
62 251
61 251
61 250
60 250
60 249
60 248
59 248
58 248
58 247
58 246
57 246
57 245
57 244
56 244
56 243
55 243
54 243
54 242
54 241
53 241
53 240
52 240
51 240
51 239
50 239
50 238
50 237
49 237
49 236
49 235
48 235
48 234
48 233
47 233
47 232
46 232
46 231
46 230
46 229
45 229
45 228
44 228
44 227
43 227
43 226
42 226
42 225
42 224
41 224
41 223
41 222
41 221
41 220
41 219
41 218
41 217
42 217
42 216
42 215
42 214
42 213
41 213
41 212
41 211
40 211
40 210
40 209
40 208
40 207
40 206
40 205
41 205
41 204
41 203
42 203
42 202
42 201
42 200
42 199
42 198
41 198
41 197
41 196
41 195
41 194
41 193
40 193
40 192
40 191
40 190
40 189
40 188
40 187
40 186
40 185
40 184
40 183
40 182
40 181
40 180
40 179
40 178
40 177
40 176
40 175
40 174
40 173
40 172
40 171
40 170
40 169
40 168
40 167
41 167
41 166
41 165
40 165
40 164
40 163
40 162
41 162
41 161
40 161
40 160
40 159
40 158
40 157
39 157
39 156
39 155
39 154
39 153
39 152
39 151
40 151
40 150
40 149
41 149
41 148
41 147
41 146
41 145
41 144
41 143
41 142
41 141
41 140
41 139
41 138
41 137
41 136
42 136
42 135
42 134
43 134
43 133
44 133
44 132
45 132
45 131
46 131
46 130
46 129
46 128
46 127
46 126
46 125
46 124
47 124
47 123
48 123
48 122
49 122
50 122
50 121
51 121
51 120
52 120
52 119
52 118
53 118
53 117
54 117
54 116
54 115
55 115
55 114
55 113
56 113
56 112
57 112
57 111
58 111
59 111
60 111
60 110
61 110
61 109
62 109
62 108
63 108
63 107
63 106
64 106
64 105
65 105
66 105
66 104
67 104
68 104
68 103
67 103
66 103
65 103
65 104
64 104
63 104
62 104
62 105
61 105
60 105
59 105
58 105
57 105
57 106
56 106
55 106
54 106
54 107
53 107
52 107
51 107
50 107
50 108
49 108
48 108
48 109
47 109
46 109
46 110
45 110
44 110
43 110
43 111
42 111
41 111
40 111
39 111
38 111
37 111
36 111
36 110
35 110
34 110
33 110
32 110
31 110
30 110
29 110
28 110
27 110
26 110
26 109
25 109
24 109
24 108
23 108
23 107
23 106
22 106
21 106
21 105
20 105
19 105
19 104
19 103
18 103
18 102
18 101
18 100
17 100
17 99
17 98
16 98
16 97
16 96
16 95
15 95
14 95
14 94
14 93
14 92
15 92
15 91
14 91
13 91
13 90
13 89
14 89
14 88
13 88
13 87
12 87
12 86
12 85
12 84
13 84
13 83
12 83
11 83
11 82
11 81
11 80
12 80
13 80
13 79
12 79
11 79
11 78
11 77
10 77
10 76
10 75
10 74
11 74
11 73
10 73
10 72
9 72
9 71
9 70
9 69
10 69
11 69
11 68
11 67
10 67
10 66
10 65
9 65
9 64
9 63
9 62
10 62
10 61
9 61
9 60
9 59
9 58
10 58
11 58
11 57
10 57
10 56
10 55
10 54
9 54
9 53
9 52
9 51
10 51
10 50
10 49
10 48
10 47
11 47
11 46
10 46
10 45
10 44
11 44
11 43
11 42
11 41
11 40
10 40
10 39
10 38
10 37
11 37
11 36
11 35
12 35
12 34
11 34
11 33
11 32
11 31
11 30
11 29
12 29
12 28
11 28
11 27
11 26
11 25
12 25
12 24
12 23
13 23
13 22
14 22
14 21
14 20
15 20
15 19
14 19
14 18
14 17
14 16
15 16
15 15
16 15
16 14
17 14
17 13
18 13
19 13
19 12
20 12
20 11
21 11
22 11
22 10
22 9
22 8
23 8
24 8
24 7
25 7
25 6
25 5
26 5
27 5
27 4
27 3
27 2
28 2
29 2
30 2
31 2
32 2
33 2
34 2
35 2
36 2
37 2
37 3
38 3
39 3
39 4
40 4
41 4
41 5
42 5
42 6
42 7
43 7
43 8
43 9
43 10
43 11
43 12
44 12
45 12
45 13
45 14
45 15
45 16
45 17
46 17
46 18
46 19
46 20
46 21
46 22
46 23
46 24
46 25
46 26
45 26
45 27
44 27
43 27
43 28
43 29
43 30
43 31
43 32
43 33
42 33
42 34
42 35
42 36
42 37
42 38
42 39
42 40
42 41
42 42
42 43
42 44
42 45
43 45
43 46
43 47
44 47
44 48
44 49
45 49
45 50
45 51
46 51
47 51
47 52
48 52
48 53
49 53
49 54
50 54
50 55
51 55
51 56
52 56
53 56
53 57
54 57
54 58
55 58
56 58
56 59
57 59
57 60
58 60
59 60
59 61
60 61
61 61
61 62
62 62
63 62
63 63
64 63
65 63
66 63
66 64
67 64
68 64
68 65
69 65
70 65
71 65
72 65
73 65
73 66
74 66
75 66
76 66
77 66
78 66
79 66
80 66
81 66
82 66
83 66
84 66
84 67
85 67
86 67
87 67
88 67
89 67
90 67
90 68
91 68
92 68
93 68
94 68
94 69
95 69
96 69
97 69
98 69
99 69
99 70
100 70
101 70
102 70
103 70
104 70
104 71
105 71
106 71
107 71
108 71
109 71
110 71
110 72
111 72
112 72
113 72
114 72
115 72
116 72
117 72
118 72
119 72
119 73
120 73
121 73
122 73
123 73
123 74
124 74
125 74
126 74
127 74
128 74
129 74
130 74
131 74
131 75
132 75
133 75
134 75
135 75
136 75
137 75
138 75
139 75
140 75
140 76
141 76
142 76
143 76
144 76
145 76
146 76
147 76
147 77
148 77
149 77
150 77
151 77
151 78
152 78
153 78
154 78
155 78
155 79
156 79
157 79
158 79
159 79
160 79
161 79
162 79
162 80
163 80
164 80
165 80
166 80
166 81
167 81
168 81
169 81
170 81
171 81
172 81
172 82
173 82
174 82
175 82
175 83
176 83
177 83
178 83
179 83
180 83
180 84
181 84
182 84
183 84
183 85
184 85
185 85
185 86
186 86
187 86
188 86
188 87
189 87
190 87
191 87
191 88
192 88
193 88
194 88
194 89
195 89
196 89
196 90
197 90
198 90
199 90
199 91
200 91
201 91
202 91
-2 -2
