115 31
115 32
115 33
115 34
115 35
114 35
114 36
114 37
114 38
113 38
113 39
112 39
112 40
111 40
111 41
111 42
110 42
110 43
109 43
108 43
108 44
107 44
106 44
106 45
106 46
107 46
108 46
108 47
109 47
110 47
110 48
111 48
111 49
112 49
112 50
112 51
113 51
113 52
114 52
114 53
114 54
114 55
114 56
115 56
115 57
115 58
115 59
114 59
114 60
113 60
113 61
113 62
113 63
112 63
112 64
111 64
111 65
110 65
110 66
109 66
109 67
108 67
108 68
107 68
106 68
106 69
105 69
104 69
104 70
103 70
103 71
102 71
101 71
101 72
100 72
99 72
98 72
97 72
96 72
95 72
94 72
94 73
93 73
92 73
91 73
90 73
89 73
89 74
88 74
87 74
87 73
86 73
85 73
84 73
83 73
83 72
82 72
81 72
80 72
79 72
78 72
78 71
77 71
76 71
75 71
75 70
74 70
73 70
72 70
71 70
71 69
70 69
69 69
68 69
68 68
67 68
67 69
66 69
65 69
65 68
64 68
63 68
62 68
62 67
61 67
60 67
60 66
60 65
59 65
58 65
58 64
57 64
56 64
56 63
55 63
54 63
54 62
53 62
52 62
51 62
51 63
51 64
51 65
51 66
51 67
51 68
52 68
52 69
52 70
52 71
53 71
53 72
53 73
53 74
53 75
53 76
53 77
54 77
54 78
54 79
55 79
55 80
55 81
56 81
56 82
56 83
57 83
57 84
57 85
58 85
58 86
59 86
59 87
60 87
60 88
60 89
60 90
61 90
62 90
62 91
62 92
63 92
63 93
64 93
64 94
65 94
65 95
65 96
66 96
66 97
66 98
67 98
67 99
68 99
69 99
69 100
70 100
70 101
70 102
71 102
71 103
72 103
72 104
72 105
73 105
73 106
74 106
75 106
75 107
75 108
76 108
77 108
77 109
78 109
78 110
79 110
79 111
80 111
80 112
81 112
81 113
82 113
82 114
82 115
83 115
83 116
84 116
84 117
84 118
85 118
85 119
86 119
86 120
87 120
87 121
88 121
88 122
89 122
89 123
90 123
90 124
91 124
91 125
92 125
92 126
93 126
93 127
94 127
95 127
95 128
96 128
96 129
97 129
97 130
98 130
98 131
99 131
99 132
99 133
100 133
100 134
101 134
101 135
102 135
102 136
102 137
103 137
104 137
104 138
105 138
105 139
105 140
106 140
106 141
107 141
107 142
108 142
108 143
109 143
109 144
109 145
109 146
110 146
110 147
110 148
110 149
110 150
110 151
111 151
111 152
111 153
111 154
111 155
110 155
110 156
110 157
110 158
111 158
111 159
111 160
110 160
110 161
110 162
110 163
109 163
109 164
109 165
109 166
109 167
109 168
109 169
109 170
109 171
109 172
109 173
108 173
108 174
107 174
107 175
107 176
107 177
106 177
106 178
106 179
105 179
105 180
105 181
105 182
104 182
104 183
103 183
103 184
102 184
101 184
101 185
101 186
100 186
99 186
99 187
98 187
98 188
97 188
97 189
96 189
96 190
95 190
95 191
94 191
94 192
93 192
92 192
92 193
92 194
91 194
90 194
90 195
89 195
88 195
88 196
87 196
87 197
86 197
85 197
85 198
84 198
83 198
83 199
82 199
81 199
80 199
79 199
79 200
78 200
77 200
76 200
76 201
75 201
74 201
73 201
72 201
72 202
71 202
70 202
69 202
69 203
68 203
68 202
67 202
66 202
66 203
65 203
64 203
64 202
63 202
62 202
61 202
60 202
59 202
58 202
58 201
57 201
56 201
55 201
55 200
54 200
53 200
52 200
52 199
51 199
51 198
50 198
50 197
49 197
48 197
48 196
47 196
47 195
46 195
46 194
46 193
45 193
45 192
44 192
44 191
44 190
43 190
43 189
42 189
42 188
42 187
41 187
41 186
41 185
41 184
41 183
40 183
40 182
40 181
40 180
40 179
40 178
40 177
40 176
39 176
39 175
39 174
39 173
39 172
39 171
39 170
39 169
39 168
39 167
40 167
41 167
41 166
41 165
41 164
41 163
42 163
42 162
43 162
43 161
43 160
43 159
44 159
45 159
45 158
45 157
46 157
47 157
48 157
48 156
49 156
49 155
50 155
50 154
51 154
52 154
52 153
53 153
54 153
55 153
55 152
56 152
57 152
58 152
59 152
60 152
61 152
62 152
63 152
64 152
65 152
66 152
67 152
68 152
69 152
70 152
70 153
71 153
72 153
72 154
73 154
73 155
74 155
74 156
75 156
75 157
76 157
77 157
77 158
78 158
78 159
78 160
79 160
80 160
80 161
80 162
80 163
81 163
82 163
82 162
83 162
83 161
83 160
84 160
84 159
84 158
84 157
84 156
85 156
85 155
85 154
84 154
84 153
84 152
83 152
83 151
83 150
82 150
82 149
82 148
81 148
81 147
80 147
80 146
79 146
79 145
78 145
78 144
78 143
77 143
77 142
76 142
76 141
75 141
75 140
74 140
73 140
73 139
72 139
72 138
71 138
71 137
70 137
70 136
69 136
69 135
68 135
68 134
68 133
67 133
67 132
66 132
65 132
64 132
64 133
63 133
62 133
61 133
61 134
60 134
59 134
58 134
58 135
57 135
57 136
56 136
56 137
55 137
54 137
54 138
53 138
53 139
53 140
52 140
52 141
51 141
51 142
50 142
50 143
50 144
49 144
49 145
48 145
48 146
48 147
47 147
47 148
46 148
45 148
45 149
45 150
44 150
44 151
44 152
44 153
43 153
42 153
41 153
41 154
41 155
40 155
39 155
39 156
39 157
38 157
38 158
37 158
36 158
36 159
35 159
35 160
35 161
34 161
33 161
32 161
32 162
32 163
31 163
31 164
30 164
29 164
29 165
28 165
27 165
27 166
26 166
25 166
25 167
24 167
24 168
24 169
23 169
22 169
22 170
22 171
21 171
20 171
19 171
19 170
18 170
18 171
17 171
16 171
15 171
14 171
14 170
13 170
13 169
12 169
11 169
11 168
11 167
10 167
10 166
9 166
9 165
8 165
8 164
8 163
7 163
7 162
7 161
6 161
6 160
6 159
6 158
5 158
5 157
5 156
5 155
4 155
4 154
4 153
4 152
5 152
5 151
4 151
3 151
3 150
3 149
3 148
4 148
4 147
4 146
4 145
3 145
3 144
3 143
3 142
3 141
3 140
3 139
3 138
3 137
3 136
2 136
2 135
2 134
3 134
3 133
3 132
2 132
2 131
2 130
2 129
2 128
2 127
2 126
2 125
1 125
1 124
1 123
1 122
2 122
2 121
2 120
2 119
2 118
2 117
2 116
2 115
2 114
2 113
2 112
2 111
2 110
1 110
1 109
1 108
1 107
2 107
2 106
2 105
2 104
2 103
2 102
2 101
2 100
2 99
2 98
2 97
2 96
2 95
2 94
2 93
2 92
2 91
1 91
1 90
1 89
2 89
2 88
2 87
2 86
2 85
2 84
2 83
2 82
2 81
2 80
2 79
2 78
2 77
2 76
2 75
2 74
2 73
1 73
1 72
1 71
1 70
2 70
2 69
2 68
2 67
2 66
2 65
2 64
2 63
2 62
2 61
2 60
2 59
2 58
1 58
1 57
1 56
1 55
2 55
2 54
2 53
2 52
2 51
2 50
2 49
1 49
1 48
1 47
1 46
2 46
2 45
2 44
1 44
1 43
1 42
1 41
2 41
2 40
2 39
2 38
2 37
2 36
2 35
1 35
1 34
1 33
1 32
2 32
2 31
2 30
2 29
2 28
2 27
2 26
2 25
2 24
2 23
2 22
2 21
2 20
1 20
1 19
1 18
1 17
2 17
2 16
2 15
2 14
2 13
2 12
2 11
2 10
2 9
2 8
2 7
2 6
2 5
2 4
2 3
2 2
2 1
1 1
1 0
2 0
2 359
2 358
2 357
2 356
2 355
2 354
2 353
2 352
2 351
2 350
2 349
2 348
2 347
2 346
2 345
2 344
2 343
1 343
1 342
1 341
1 340
2 340
2 339
2 338
2 337
2 336
2 335
2 334
2 333
2 332
2 331
2 330
2 329
2 328
1 328
1 327
1 326
1 325
2 325
2 324
2 323
2 322
2 321
2 320
2 319
2 318
3 318
3 317
3 316
2 316
2 315
2 314
3 314
3 313
3 312
3 311
3 310
3 309
3 308
3 307
3 306
3 305
4 305
4 304
4 303
4 302
3 302
3 301
3 300
3 299
4 299
5 299
5 298
4 298
4 297
4 296
4 295
5 295
5 294
5 293
5 292
6 292
6 291
6 290
6 289
7 289
7 288
7 287
8 287
8 286
8 285
9 285
9 284
10 284
10 283
11 283
11 282
11 281
12 281
13 281
13 280
14 280
14 279
15 279
16 279
16 278
17 278
18 278
19 278
19 279
20 279
21 279
22 279
22 280
22 281
23 281
23 282
23 283
24 283
25 283
25 284
26 284
27 284
27 285
28 285
29 285
29 286
30 286
31 286
31 287
32 287
32 288
32 289
33 289
34 289
35 289
35 290
36 290
36 291
36 292
37 292
38 292
38 293
38 294
39 294
39 295
40 295
41 295
41 296
41 297
42 297
43 297
44 297
44 298
44 299
44 300
45 300
45 301
45 302
46 302
46 303
47 303
48 303
48 304
48 305
49 305
49 306
50 306
50 307
50 308
51 308
51 309
52 309
52 310
53 310
53 311
53 312
54 312
55 312
56 312
56 313
56 314
57 314
57 315
58 315
58 316
59 316
60 316
61 316
61 317
62 317
63 317
64 317
65 317
65 318
66 318
67 318
67 317
67 316
68 316
68 315
69 315
69 314
70 314
70 313
71 313
72 313
72 312
73 312
73 311
73 310
74 310
75 310
75 309
76 309
76 308
77 308
78 308
78 307
78 306
78 305
79 305
79 304
80 304
80 303
81 303
81 302
82 302
82 301
82 300
83 300
83 299
83 298
84 298
84 297
84 296
85 296
85 295
85 294
84 294
84 293
84 292
84 291
84 290
83 290
83 289
83 288
82 288
82 287
81 287
80 287
80 288
80 289
80 290
79 290
79 291
78 291
78 292
77 292
77 293
76 293
76 294
75 294
75 295
74 295
73 295
73 296
72 296
72 297
71 297
70 297
70 298
69 298
68 298
67 298
66 298
66 299
65 299
64 299
63 299
63 298
62 298
61 298
60 298
59 298
58 298
57 298
56 298
55 298
55 297
54 297
53 297
52 297
52 296
51 296
50 296
50 295
49 295
49 294
48 294
48 293
47 293
47 292
46 292
46 291
45 291
44 291
44 290
43 290
43 289
43 288
42 288
42 287
42 286
41 286
41 285
41 284
41 283
40 283
39 283
39 282
39 281
39 280
39 279
39 278
39 277
39 276
39 275
39 274
40 274
40 273
40 272
40 271
40 270
40 269
41 269
41 268
41 267
41 266
41 265
41 264
41 263
42 263
42 262
42 261
43 261
43 260
44 260
44 259
44 258
45 258
45 257
46 257
46 256
47 256
47 255
47 254
47 253
48 253
49 253
50 253
51 253
51 252
52 252
52 251
52 250
53 250
54 250
55 250
55 249
56 249
57 249
58 249
58 248
59 248
60 248
61 248
62 248
63 248
64 248
64 247
65 247
66 247
66 248
67 248
68 248
68 247
69 247
69 248
70 248
71 248
72 248
72 249
73 249
74 249
75 249
76 249
76 250
77 250
78 250
79 250
79 251
80 251
81 251
82 251
83 251
83 252
84 252
85 252
85 253
86 253
87 253
87 254
88 254
88 255
89 255
90 255
90 256
91 256
91 257
92 257
92 258
93 258
94 258
94 259
95 259
95 260
96 260
96 261
97 261
97 262
98 262
98 263
99 263
100 263
100 264
101 264
101 265
101 266
102 266
103 266
103 267
104 267
104 268
105 268
105 269
105 270
105 271
106 271
106 272
106 273
107 273
107 274
107 275
107 276
107 277
108 277
108 278
108 279
108 280
109 280
109 281
109 282
109 283
109 284
109 285
109 286
109 287
110 287
110 288
110 289
110 290
111 290
111 291
111 292
110 292
110 293
110 294
111 294
111 295
111 296
111 297
111 298
111 299
111 300
110 300
110 301
110 302
110 303
110 304
109 304
109 305
109 306
109 307
108 307
108 308
107 308
107 309
106 309
106 310
105 310
105 311
105 312
104 312
104 313
103 313
102 313
102 314
102 315
101 315
100 315
100 316
100 317
99 317
99 318
99 319
98 319
98 320
97 320
97 321
96 321
96 322
95 322
95 323
94 323
93 323
93 324
92 324
92 325
91 325
91 326
90 326
90 327
89 327
89 328
88 328
88 329
87 329
87 330
86 330
86 331
85 331
85 332
84 332
84 333
84 334
83 334
83 335
82 335
82 336
82 337
81 337
81 338
80 338
80 339
79 339
79 340
78 340
78 341
78 342
77 342
76 342
76 343
75 343
75 344
74 344
73 344
73 345
72 345
72 346
72 347
71 347
71 348
70 348
70 349
70 350
70 351
69 351
68 351
67 351
67 352
66 352
66 353
66 354
65 354
65 355
65 356
64 356
64 357
63 357
63 358
62 358
62 359
62 0
61 0
60 0
60 1
60 2
60 3
59 3
59 4
58 4
58 5
57 5
57 6
57 7
56 7
56 8
56 9
55 9
55 10
55 11
54 11
54 12
54 13
53 13
53 14
53 15
53 16
53 17
53 18
53 19
52 19
52 20
52 21
52 22
51 22
51 23
51 24
51 25
51 26
51 27
51 28
52 28
53 28
54 28
54 27
55 27
56 27
56 26
57 26
58 26
58 25
59 25
59 24
60 24
60 23
61 23
62 23
62 22
63 22
64 22
65 22
65 21
66 21
67 21
68 21
69 21
70 21
71 21
71 20
72 20
73 20
74 20
75 20
75 19
76 19
77 19
78 19
78 18
79 18
80 18
81 18
82 18
83 18
83 17
84 17
85 17
86 17
87 17
87 16
88 16
88 17
89 17
90 17
91 17
92 17
93 17
94 17
94 18
95 18
96 18
97 18
98 18
99 18
100 18
101 18
101 19
102 19
103 19
103 20
104 20
104 21
105 21
106 21
106 22
107 22
108 22
108 23
109 23
109 24
110 24
110 25
111 25
112 25
112 26
112 27
113 27
113 28
113 29
113 30
114 30
114 31
115 31
-2 -2
