201 272
201 273
201 274
200 274
200 275
199 275
198 275
198 276
197 276
196 276
196 277
195 277
194 277
193 277
192 277
191 277
190 277
189 277
189 278
188 278
187 278
186 278
185 278
184 278
183 278
182 278
181 278
181 277
180 277
180 278
179 278
179 277
178 277
177 277
176 277
175 277
174 277
173 277
172 277
171 277
171 276
170 276
169 276
168 276
167 276
166 276
165 276
164 276
163 276
163 275
162 275
161 275
160 275
160 274
159 274
158 274
157 274
157 275
156 275
155 275
154 275
153 275
152 275
151 275
150 275
149 275
148 275
147 275
146 275
145 275
145 276
144 276
143 276
143 277
142 277
141 277
140 277
139 277
138 277
137 277
136 277
135 277
135 278
134 278
133 278
133 279
132 279
131 279
130 279
130 280
129 280
128 280
127 280
126 280
126 281
125 281
125 282
124 282
123 282
122 282
121 282
120 282
120 283
119 283
118 283
117 283
116 283
115 283
115 284
114 284
113 284
113 285
112 285
112 286
111 286
110 286
109 286
108 286
108 287
107 287
107 288
106 288
106 289
105 289
104 289
104 290
103 290
102 290
101 290
101 291
100 291
100 292
100 293
99 293
98 293
98 294
97 294
97 295
96 295
95 295
94 295
94 296
94 297
94 298
93 298
92 298
92 299
91 299
91 300
91 301
90 301
90 302
90 303
89 303
88 303
88 304
87 304
86 304
86 305
86 306
86 307
85 307
85 308
85 309
84 309
84 310
83 310
82 310
82 311
82 312
83 312
83 313
83 314
82 314
82 315
82 316
82 317
82 318
82 319
82 320
81 320
81 321
81 322
80 322
79 322
79 323
79 324
80 324
80 325
80 326
80 327
79 327
79 328
79 329
78 329
78 330
77 330
77 331
77 332
77 333
77 334
77 335
77 336
77 337
77 338
76 338
76 339
76 340
76 341
76 342
76 343
76 344
77 344
77 345
78 345
78 346
78 347
77 347
77 348
78 348
78 349
78 350
78 351
77 351
77 352
77 353
77 354
78 354
78 355
78 356
78 357
79 357
79 358
79 359
79 0
79 1
80 1
80 2
80 3
80 4
81 4
81 5
81 6
81 7
81 8
82 8
82 9
82 10
82 11
82 12
83 12
83 13
83 14
83 15
84 15
84 16
84 17
85 17
85 18
85 19
86 19
86 20
86 21
87 21
87 22
87 23
87 24
87 25
87 26
87 27
88 27
88 28
88 29
88 30
89 30
89 31
90 31
90 32
90 33
91 33
91 34
92 34
92 35
92 36
92 37
93 37
93 38
92 38
92 39
93 39
93 40
94 40
95 40
95 41
95 42
96 42
97 42
97 43
98 43
98 44
98 45
99 45
99 46
99 47
100 47
100 48
101 48
102 48
102 49
103 49
103 50
104 50
104 51
105 51
105 52
105 53
106 53
107 53
107 54
108 54
108 55
109 55
109 56
109 57
110 57
110 58
111 58
112 58
112 59
113 59
113 60
114 60
114 61
115 61
115 62
116 62
116 63
117 63
118 63
118 64
118 65
119 65
120 65
120 66
120 67
121 67
121 68
122 68
122 69
123 69
124 69
124 70
124 71
125 71
126 71
126 72
127 72
127 73
127 74
128 74
129 74
129 75
130 75
130 76
130 77
131 77
131 78
132 78
132 79
133 79
133 80
133 81
133 82
134 82
134 83
134 84
135 84
135 85
136 85
136 86
136 87
136 88
136 89
136 90
137 90
137 91
137 92
137 93
137 94
137 95
137 96
138 96
138 97
138 98
138 99
138 100
138 101
139 101
139 102
139 103
140 103
140 104
140 105
141 105
141 106
142 106
142 107
142 108
142 109
141 109
141 110
141 111
142 111
142 112
142 113
142 114
141 114
141 115
141 116
141 117
140 117
140 118
140 119
140 120
139 120
139 121
138 121
138 122
138 123
137 123
137 124
136 124
136 125
135 125
135 126
134 126
134 127
133 127
133 128
132 128
132 129
132 130
131 130
130 130
130 131
129 131
129 132
128 132
128 133
128 134
127 134
126 134
126 135
125 135
125 136
124 136
123 136
123 137
122 137
121 137
121 138
120 138
119 138
119 139
118 139
117 139
117 140
116 140
116 141
115 141
114 141
114 142
113 142
112 142
112 143
111 143
111 144
110 144
110 145
109 145
109 144
108 144
108 145
107 145
106 145
106 146
105 146
104 146
103 146
103 147
102 147
101 147
101 148
100 148
99 148
99 149
98 149
97 149
96 149
95 149
95 150
94 150
93 150
92 150
92 151
91 151
90 151
90 152
89 152
88 152
87 152
87 153
86 153
85 153
84 153
84 154
83 154
82 154
81 154
80 154
79 154
78 154
77 154
77 155
76 155
76 156
75 156
74 156
74 155
73 155
73 156
72 156
71 156
70 156
69 156
68 156
67 156
66 156
65 156
64 156
63 156
62 156
62 155
61 155
60 155
59 155
58 155
58 154
57 154
56 154
56 153
55 153
54 153
54 152
53 152
52 152
52 151
51 151
51 150
50 150
49 150
49 149
48 149
48 148
47 148
47 147
47 146
46 146
46 145
45 145
45 144
44 144
43 144
43 143
42 143
42 142
42 141
42 140
41 140
41 139
41 138
40 138
40 137
40 136
40 135
40 134
40 133
39 133
39 132
39 131
39 130
39 129
39 128
39 127
38 127
38 126
38 125
39 125
39 124
39 123
39 122
38 122
38 121
38 120
39 120
39 119
39 118
39 117
39 116
39 115
39 114
39 113
40 113
40 112
40 111
40 110
40 109
41 109
42 109
42 108
42 107
42 106
42 105
43 105
44 105
44 104
44 103
45 103
45 102
46 102
46 101
46 100
46 99
47 99
48 99
48 98
49 98
49 97
50 97
51 97
52 97
53 97
53 96
54 96
55 96
56 96
56 95
57 95
58 95
59 95
60 95
60 94
61 94
62 94
63 94
63 95
64 95
65 95
66 95
67 95
67 94
68 94
69 94
70 94
70 95
71 95
72 95
73 95
74 95
74 96
75 96
75 95
76 95
77 95
77 96
78 96
78 97
79 97
80 97
80 98
81 98
82 98
83 98
83 99
84 99
84 100
85 100
85 101
86 101
86 102
87 102
87 103
87 104
88 104
89 104
89 105
89 106
89 107
90 107
90 108
90 109
90 110
91 110
91 111
91 112
91 113
91 114
92 114
92 115
92 116
92 117
92 118
92 119
93 119
93 120
93 121
94 121
94 122
94 123
95 123
96 123
97 123
97 122
98 122
99 122
99 121
99 120
100 120
100 119
101 119
102 119
102 118
103 118
103 117
104 117
104 116
105 116
105 115
106 115
106 114
107 114
107 113
108 113
108 112
109 112
109 111
110 111
110 110
110 109
111 109
111 108
112 108
112 107
113 107
113 106
113 105
112 105
112 104
111 104
110 104
110 103
109 103
109 102
108 102
108 101
107 101
106 101
106 100
106 99
105 99
104 99
104 98
103 98
102 98
101 98
101 97
100 97
100 96
99 96
98 96
97 96
97 95
96 95
96 94
95 94
94 94
94 93
93 93
93 92
92 92
91 92
91 91
90 91
90 90
89 90
88 90
87 90
87 89
86 89
85 89
85 88
84 88
84 87
83 87
83 86
82 86
81 86
81 85
80 85
80 84
79 84
78 84
78 83
77 83
77 82
76 82
75 82
75 81
74 81
74 80
73 80
72 80
72 79
71 79
71 78
71 77
70 77
70 76
69 76
68 76
68 75
67 75
67 74
66 74
66 73
66 72
65 72
64 72
64 71
63 71
63 70
63 69
62 69
61 69
61 68
60 68
60 67
60 66
59 66
58 66
58 65
58 64
58 63
57 63
56 63
56 62
55 62
55 61
55 60
54 60
53 60
53 59
52 59
52 58
52 57
51 57
51 56
51 55
50 55
50 54
50 53
49 53
49 52
48 52
48 51
47 51
47 50
47 49
46 49
46 48
46 47
45 47
45 46
44 46
44 45
43 45
43 44
43 43
43 42
42 42
42 41
42 40
42 39
43 39
43 38
43 37
43 36
43 35
43 34
43 33
42 33
42 32
42 31
42 30
42 29
42 28
42 27
42 26
42 25
43 25
43 24
43 23
43 22
43 21
43 20
43 19
43 18
42 18
42 17
42 16
42 15
42 14
42 13
41 13
41 12
41 11
41 10
41 9
41 8
41 7
41 6
41 5
41 4
41 3
41 2
41 1
41 0
41 359
41 358
41 357
41 356
41 355
41 354
41 353
41 352
41 351
41 350
41 349
41 348
41 347
41 346
41 345
41 344
41 343
41 342
41 341
40 341
40 340
40 339
40 338
40 337
40 336
40 335
40 334
40 333
40 332
40 331
41 331
41 330
41 329
41 328
41 327
41 326
41 325
41 324
41 323
41 322
42 322
42 321
42 320
41 320
41 319
41 318
42 318
42 317
42 316
43 316
43 315
44 315
44 314
45 314
45 313
45 312
45 311
46 311
46 310
46 309
45 309
45 308
45 307
45 306
46 306
46 305
47 305
47 304
48 304
49 304
49 303
50 303
50 302
51 302
51 301
51 300
52 300
53 300
53 299
53 298
53 297
53 296
53 295
54 295
55 295
55 294
56 294
56 293
57 293
57 292
58 292
59 292
60 292
60 291
61 291
61 290
61 289
62 289
62 288
63 288
63 287
63 286
64 286
65 286
65 285
66 285
67 285
68 285
68 284
67 284
66 284
65 284
64 284
63 284
63 285
62 285
61 285
61 286
60 286
59 286
58 286
58 287
57 287
56 287
55 287
54 287
54 288
53 288
52 288
51 288
51 289
50 289
49 289
49 290
48 290
47 290
46 290
46 291
45 291
44 291
44 292
43 292
42 292
42 293
41 293
40 293
39 293
38 293
37 293
37 294
36 294
35 294
34 294
34 293
33 293
33 292
32 292
31 292
30 292
30 291
29 291
29 292
28 292
28 293
27 293
26 293
25 293
24 293
24 292
23 292
23 291
22 291
22 290
22 289
21 289
21 288
20 288
19 288
18 288
18 287
17 287
16 287
16 286
16 285
15 285
15 284
15 283
15 282
14 282
14 281
14 280
14 279
13 279
13 278
13 277
13 276
12 276
12 275
12 274
12 273
13 273
13 272
13 271
12 271
11 271
11 270
11 269
12 269
12 268
12 267
11 267
10 267
10 266
10 265
10 264
11 264
12 264
12 263
11 263
11 262
10 262
10 261
9 261
9 260
9 259
9 258
10 258
11 258
11 257
10 257
10 256
9 256
9 255
8 255
8 254
8 253
8 252
9 252
9 251
9 250
8 250
8 249
8 248
7 248
7 247
7 246
7 245
8 245
9 245
9 244
9 243
9 242
8 242
8 241
8 240
8 239
9 239
9 238
8 238
8 237
8 236
8 235
8 234
8 233
8 232
9 232
9 231
10 231
10 230
9 230
8 230
8 229
8 228
8 227
9 227
9 226
9 225
9 224
10 224
10 223
10 222
10 221
10 220
10 219
9 219
9 218
9 217
9 216
10 216
10 215
10 214
10 213
11 213
11 212
10 212
9 212
9 211
9 210
9 209
10 209
10 208
10 207
11 207
11 206
10 206
10 205
10 204
10 203
11 203
11 202
11 201
11 200
12 200
12 199
12 198
13 198
13 197
14 197
14 196
14 195
14 194
14 193
15 193
15 192
16 192
16 191
17 191
17 190
18 190
19 190
19 189
20 189
21 189
21 188
21 187
21 186
22 186
23 186
23 185
24 185
24 184
24 183
25 183
26 183
26 182
26 181
27 181
27 180
28 180
29 180
30 180
31 180
32 180
33 180
34 180
35 180
36 180
36 181
36 182
37 182
38 182
38 183
39 183
39 184
40 184
41 184
41 185
42 185
42 186
42 187
42 188
42 189
42 190
42 191
43 191
43 192
44 192
44 193
44 194
44 195
44 196
44 197
44 198
44 199
44 200
44 201
45 201
45 202
45 203
45 204
44 204
44 205
44 206
43 206
43 207
43 208
42 208
42 209
42 210
41 210
41 211
40 211
40 212
40 213
41 213
41 214
41 215
41 216
40 216
40 217
40 218
40 219
40 220
41 220
41 221
41 222
41 223
41 224
41 225
41 226
42 226
42 227
43 227
43 228
43 229
43 230
44 230
44 231
45 231
45 232
46 232
46 233
47 233
47 234
48 234
48 235
49 235
50 235
50 236
51 236
51 237
52 237
52 238
53 238
54 238
54 239
55 239
55 240
56 240
57 240
57 241
58 241
59 241
59 242
60 242
61 242
61 243
62 243
63 243
63 244
64 244
65 244
66 244
66 245
67 245
68 245
68 246
69 246
70 246
71 246
72 246
73 246
74 246
75 246
76 246
76 247
77 247
77 246
78 246
79 246
80 246
81 246
81 247
82 247
83 247
84 247
85 247
86 247
87 247
88 247
88 248
89 248
90 248
91 248
92 248
92 249
93 249
94 249
95 249
96 249
96 250
97 250
98 250
99 250
100 250
101 250
101 251
102 251
103 251
104 251
105 251
106 251
106 252
107 252
108 252
109 252
110 252
111 252
112 252
112 253
113 253
114 253
115 253
116 253
117 253
118 253
119 253
119 254
120 254
121 254
122 254
123 254
124 254
125 254
126 254
127 254
127 255
128 255
129 255
130 255
131 255
132 255
133 255
134 255
135 255
136 255
136 256
137 256
138 256
139 256
140 256
141 256
142 256
143 256
144 256
145 256
145 257
146 257
147 257
148 257
149 257
149 258
150 258
151 258
151 259
152 259
153 259
154 259
155 259
156 259
157 259
158 259
159 259
160 259
161 259
161 260
162 260
162 261
163 261
164 261
165 261
166 261
167 261
168 261
169 261
169 262
170 262
171 262
172 262
173 262
173 263
174 263
175 263
176 263
177 263
177 264
178 264
179 264
180 264
181 264
181 265
182 265
183 265
183 266
184 266
185 266
186 266
186 267
187 267
188 267
189 267
189 268
190 268
191 268
192 268
192 269
193 269
194 269
194 270
195 270
196 270
197 270
198 270
198 271
199 271
200 271
200 272
201 272
-2 -2
