201 176
201 177
201 178
200 178
200 179
199 179
198 179
198 180
197 180
196 180
195 180
194 180
194 181
193 181
192 181
192 182
191 182
190 182
189 182
189 183
188 183
187 183
186 183
186 184
185 184
184 184
183 184
183 185
182 185
181 185
181 186
180 186
179 186
178 186
177 186
177 187
176 187
175 187
174 187
173 187
173 188
172 188
171 188
170 188
169 188
169 189
168 189
167 189
166 189
165 189
164 189
163 189
162 189
162 190
161 190
161 191
160 191
159 191
158 191
157 191
156 191
155 191
154 191
153 191
152 191
151 191
151 192
150 192
149 192
149 193
148 193
147 193
146 193
145 193
145 194
144 194
143 194
142 194
141 194
140 194
139 194
138 194
137 194
136 194
136 195
135 195
134 195
133 195
132 195
131 195
130 195
129 195
128 195
127 195
127 196
126 196
125 196
124 196
123 196
122 196
121 196
121 197
120 197
119 197
118 197
117 197
116 197
116 198
115 198
114 198
114 197
113 197
112 197
112 198
111 198
110 198
109 198
108 198
107 198
106 198
106 199
105 199
104 199
103 199
102 199
101 199
101 200
100 200
99 200
98 200
97 200
96 200
96 201
95 201
94 201
93 201
92 201
92 202
91 202
90 202
89 202
88 202
88 203
87 203
86 203
85 203
84 203
83 203
82 203
81 203
81 204
80 204
80 203
79 203
79 204
78 204
77 204
77 203
76 203
76 204
75 204
74 204
73 204
72 204
71 204
71 205
70 205
69 205
69 204
68 204
68 205
67 205
66 205
66 206
65 206
64 206
63 206
63 207
62 207
61 207
61 208
60 208
59 208
59 209
58 209
57 209
57 210
56 210
55 210
55 211
54 211
54 212
53 212
52 212
52 213
51 213
51 214
50 214
50 215
49 215
48 215
48 216
47 216
47 217
46 217
46 218
45 218
45 219
44 219
44 220
43 220
43 221
42 221
42 222
42 223
42 224
41 224
41 225
41 226
41 227
41 228
41 229
41 230
40 230
40 231
40 232
40 233
40 234
40 235
40 236
40 237
40 238
40 239
41 239
41 240
42 240
42 241
42 242
43 242
43 243
43 244
44 244
44 245
44 246
45 246
45 247
45 248
45 249
44 249
44 250
44 251
44 252
44 253
44 254
44 255
44 256
44 257
44 258
43 258
43 259
43 260
43 261
42 261
42 262
42 263
42 264
42 265
41 265
41 266
40 266
39 266
39 267
38 267
38 268
37 268
37 269
37 270
36 270
35 270
34 270
33 270
32 270
31 270
30 270
29 270
28 270
27 270
27 269
26 269
25 269
25 268
25 267
24 267
24 266
24 265
23 265
23 264
22 264
22 263
22 262
21 262
21 261
20 261
19 261
19 260
18 260
17 260
17 259
16 259
16 258
15 258
15 257
15 256
15 255
15 254
14 254
14 253
13 253
13 252
12 252
12 251
12 250
11 250
11 249
11 248
11 247
10 247
10 246
10 245
9 245
9 244
9 243
9 242
10 242
10 241
9 241
9 240
9 239
9 238
10 238
11 238
11 237
10 237
10 236
10 235
10 234
9 234
9 233
9 232
9 231
10 231
10 230
10 229
10 228
10 227
10 226
9 226
9 225
9 224
9 223
8 223
8 222
8 221
8 220
9 220
10 220
10 219
9 219
9 218
9 217
9 216
10 216
10 215
9 215
8 215
8 214
8 213
8 212
9 212
9 211
8 211
8 210
8 209
8 208
9 208
9 207
9 206
9 205
8 205
7 205
7 204
7 203
7 202
8 202
8 201
8 200
9 200
9 199
9 198
8 198
8 197
8 196
8 195
9 195
9 194
10 194
10 193
11 193
11 192
10 192
9 192
9 191
9 190
9 189
10 189
10 188
11 188
11 187
12 187
12 186
11 186
10 186
10 185
10 184
10 183
11 183
12 183
12 182
12 181
11 181
11 180
11 179
12 179
13 179
13 178
13 177
12 177
12 176
12 175
12 174
13 174
13 173
13 172
13 171
14 171
15 171
15 170
15 169
15 168
16 168
16 167
16 166
17 166
17 165
17 164
18 164
18 163
18 162
19 162
20 162
21 162
21 161
22 161
22 160
22 159
23 159
23 158
24 158
24 157
25 157
26 157
27 157
28 157
28 158
29 158
30 158
31 158
32 158
33 158
34 158
35 158
35 157
36 157
37 157
38 157
39 157
40 157
41 157
42 157
42 158
43 158
44 158
44 159
45 159
46 159
46 160
47 160
48 160
49 160
49 161
50 161
51 161
51 162
52 162
53 162
54 162
54 163
55 163
56 163
57 163
58 163
58 164
59 164
60 164
61 164
61 165
62 165
63 165
64 165
64 164
63 164
63 163
63 162
62 162
62 161
61 161
61 160
61 159
60 159
60 158
59 158
58 158
57 158
57 157
56 157
55 157
55 156
55 155
54 155
54 154
54 153
54 152
53 152
53 151
53 150
52 150
51 150
51 149
50 149
50 148
50 147
49 147
49 146
48 146
47 146
47 145
46 145
46 144
46 143
46 142
46 141
46 140
46 139
45 139
45 138
45 137
45 136
44 136
44 135
43 135
43 134
42 134
42 133
42 132
42 131
42 130
41 130
41 129
41 128
41 127
41 126
41 125
41 124
41 123
41 122
41 121
41 120
41 119
40 119
40 118
40 117
40 116
40 115
40 114
40 113
40 112
40 111
40 110
40 109
41 109
41 108
41 107
41 106
41 105
41 104
41 103
40 103
40 102
40 101
41 101
41 100
41 99
41 98
41 97
41 96
41 95
41 94
41 93
41 92
41 91
41 90
41 89
41 88
41 87
41 86
41 85
41 84
41 83
41 82
41 81
41 80
41 79
41 78
41 77
42 77
42 76
42 75
42 74
42 73
42 72
43 72
43 71
43 70
43 69
43 68
43 67
43 66
43 65
42 65
42 64
42 63
42 62
42 61
42 60
42 59
42 58
42 57
43 57
43 56
43 55
43 54
43 53
43 52
43 51
42 51
42 50
42 49
42 48
43 48
43 47
43 46
43 45
44 45
44 44
45 44
45 43
46 43
46 42
46 41
47 41
47 40
47 39
48 39
48 38
49 38
49 37
50 37
50 36
50 35
51 35
51 34
51 33
52 33
52 32
52 31
53 31
53 30
54 30
55 30
55 29
55 28
56 28
56 27
57 27
58 27
58 26
58 25
58 24
59 24
60 24
60 23
60 22
61 22
61 21
62 21
63 21
63 20
63 19
64 19
64 18
65 18
66 18
66 17
66 16
67 16
67 15
68 15
68 14
69 14
70 14
70 13
70 12
71 12
71 11
72 11
72 10
73 10
74 10
74 9
75 9
75 8
76 8
77 8
77 7
78 7
78 6
79 6
80 6
80 5
81 5
81 4
82 4
83 4
83 3
84 3
84 2
85 2
85 1
86 1
87 1
87 0
88 0
89 0
90 0
91 0
91 359
91 358
92 358
93 358
93 357
94 357
94 356
95 356
96 356
96 355
97 355
98 355
98 354
99 354
100 354
100 353
101 353
101 352
102 352
103 352
104 352
104 351
105 351
106 351
106 350
106 349
107 349
108 349
108 348
109 348
109 347
110 347
110 346
111 346
112 346
112 345
113 345
113 344
113 343
112 343
112 342
111 342
111 341
110 341
110 340
110 339
109 339
109 338
108 338
108 337
107 337
107 336
106 336
106 335
105 335
105 334
104 334
104 333
103 333
103 332
102 332
102 331
101 331
100 331
100 330
99 330
99 329
99 328
98 328
97 328
97 327
96 327
95 327
95 326
94 326
94 327
94 328
93 328
93 329
93 330
93 331
92 331
92 332
92 333
92 334
92 335
92 336
91 336
91 337
91 338
91 339
91 340
91 341
90 341
90 342
90 343
89 343
89 344
89 345
89 346
88 346
88 347
88 348
87 348
86 348
86 349
85 349
85 350
84 350
84 351
83 351
83 352
82 352
81 352
80 352
80 353
79 353
78 353
78 354
77 354
76 354
76 355
75 355
75 354
74 354
74 355
73 355
72 355
71 355
70 355
70 356
69 356
68 356
67 356
67 355
66 355
65 355
64 355
63 355
62 355
61 355
60 355
59 355
58 355
57 355
56 355
56 354
55 354
54 354
53 354
53 353
52 353
51 353
50 353
49 353
49 352
49 351
48 351
47 351
46 351
46 350
46 349
46 348
45 348
45 347
44 347
44 346
44 345
43 345
42 345
42 344
42 343
42 342
42 341
41 341
40 341
40 340
40 339
40 338
40 337
39 337
39 336
39 335
39 334
39 333
39 332
39 331
39 330
39 329
38 329
38 328
38 327
38 326
39 326
39 325
38 325
38 324
38 323
39 323
39 322
39 321
39 320
39 319
40 319
40 318
40 317
40 316
40 315
40 314
40 313
40 312
41 312
41 311
41 310
42 310
42 309
42 308
42 307
43 307
43 306
44 306
45 306
45 305
46 305
46 304
47 304
47 303
47 302
48 302
48 301
49 301
49 300
50 300
51 300
51 299
52 299
52 298
53 298
54 298
54 297
55 297
56 297
56 296
57 296
58 296
58 295
59 295
60 295
61 295
62 295
62 294
63 294
64 294
65 294
66 294
67 294
68 294
69 294
70 294
71 294
72 294
73 294
73 295
74 295
74 294
75 294
76 294
76 295
77 295
77 296
78 296
79 296
80 296
81 296
82 296
83 296
84 296
84 297
85 297
86 297
87 297
87 298
88 298
89 298
90 298
90 299
91 299
92 299
92 300
93 300
94 300
95 300
95 301
96 301
97 301
98 301
99 301
99 302
100 302
101 302
101 303
102 303
103 303
103 304
104 304
105 304
106 304
106 305
107 305
108 305
108 306
109 306
109 305
110 305
110 306
111 306
111 307
112 307
112 308
113 308
114 308
114 309
115 309
116 309
116 310
117 310
117 311
118 311
119 311
119 312
120 312
121 312
121 313
122 313
123 313
123 314
124 314
125 314
125 315
126 315
126 316
127 316
127 317
128 317
128 318
129 318
129 319
130 319
130 320
131 320
132 320
132 321
132 322
133 322
133 323
134 323
134 324
135 324
135 325
136 325
136 326
136 327
137 327
138 327
138 328
138 329
139 329
139 330
140 330
140 331
140 332
140 333
141 333
141 334
141 335
141 336
142 336
142 337
142 338
142 339
141 339
141 340
141 341
142 341
142 342
142 343
142 344
141 344
141 345
140 345
140 346
140 347
139 347
139 348
139 349
138 349
138 350
138 351
138 352
138 353
138 354
137 354
137 355
137 356
137 357
137 358
137 359
137 0
136 0
136 1
136 2
136 3
136 4
136 5
135 5
135 6
134 6
134 7
134 8
133 8
133 9
134 9
134 10
134 11
133 11
132 11
132 12
131 12
131 13
131 14
130 14
130 15
129 15
129 16
128 16
127 16
127 17
127 18
126 18
126 19
125 19
124 19
124 20
124 21
123 21
122 21
122 22
121 22
121 23
120 23
120 24
120 25
119 25
119 26
118 26
118 27
117 27
116 27
116 28
115 28
115 29
114 29
114 30
113 30
113 31
112 31
111 31
111 32
110 32
110 33
109 33
109 34
109 35
108 35
108 36
107 36
107 37
106 37
105 37
105 38
105 39
104 39
104 40
103 40
103 41
102 41
102 42
101 42
100 42
100 43
99 43
99 44
99 45
98 45
98 46
97 46
97 47
97 48
96 48
95 48
95 49
95 50
94 50
93 50
93 51
93 52
92 52
92 53
92 54
92 55
91 55
91 56
91 57
90 57
90 58
89 58
89 59
89 60
88 60
88 61
88 62
87 62
87 63
87 64
86 64
86 65
86 66
86 67
86 68
86 69
86 70
86 71
85 71
85 72
85 73
84 73
84 74
84 75
83 75
83 76
83 77
83 78
82 78
82 79
82 80
82 81
82 82
81 82
81 83
81 84
81 85
81 86
81 87
80 87
80 88
80 89
79 89
79 90
79 91
79 92
79 93
78 93
78 94
78 95
78 96
78 97
77 97
77 98
77 99
78 99
78 100
78 101
78 102
77 102
77 103
78 103
78 104
78 105
77 105
77 106
76 106
76 107
76 108
76 109
76 110
77 110
77 111
77 112
77 113
77 114
77 115
77 116
77 117
77 118
77 119
77 120
78 120
78 121
79 121
79 122
79 123
80 123
80 124
80 125
80 126
79 126
79 127
79 128
80 128
81 128
81 129
81 130
82 130
82 131
83 131
83 132
83 133
82 133
82 134
82 135
82 136
83 136
83 137
83 138
83 139
83 140
84 140
84 141
85 141
85 142
86 142
86 143
86 144
86 145
87 145
87 146
88 146
88 147
89 147
90 147
90 148
90 149
91 149
91 150
91 151
92 151
92 152
93 152
94 152
94 153
94 154
94 155
95 155
96 155
96 156
97 156
98 156
98 157
99 157
100 157
100 158
100 159
101 159
101 160
102 160
103 160
104 160
104 161
105 161
106 161
106 162
107 162
107 163
108 163
108 164
109 164
110 164
111 164
112 164
112 165
113 165
113 166
114 166
115 166
115 167
116 167
117 167
118 167
119 167
120 167
120 168
121 168
122 168
123 168
124 168
125 168
125 169
126 169
126 170
127 170
128 170
129 170
129 171
130 171
131 171
132 171
133 171
133 172
134 172
135 172
135 173
136 173
137 173
138 173
139 173
140 173
141 173
142 173
143 173
143 174
144 174
145 174
145 175
146 175
147 175
148 175
149 175
150 175
151 175
152 175
153 175
154 175
155 175
156 175
157 175
157 176
158 176
159 176
160 176
160 175
161 175
162 175
163 175
164 175
164 174
165 174
166 174
167 174
168 174
169 174
170 174
171 174
171 173
172 173
173 173
174 173
175 173
176 173
177 173
178 173
179 173
180 173
181 173
182 173
182 172
183 172
184 172
185 172
186 172
187 172
188 172
188 173
189 173
190 173
191 173
192 173
193 173
194 173
195 173
196 173
196 174
197 174
198 174
198 175
199 175
200 175
200 176
201 176
-2 -2
