169 44
169 45
169 46
168 46
167 46
166 46
166 47
165 47
164 47
164 48
163 48
162 48
161 48
161 49
160 49
159 49
159 50
158 50
157 50
156 50
156 51
155 51
154 51
153 51
152 51
151 51
150 51
150 52
149 52
148 52
147 52
147 53
146 53
145 53
145 54
144 54
143 54
143 55
142 55
141 55
141 56
140 56
139 56
139 57
138 57
138 58
137 58
136 58
136 59
135 59
135 60
134 60
133 60
132 60
132 61
131 61
130 61
130 62
129 62
129 63
128 63
127 63
127 64
126 64
126 65
125 65
125 66
124 66
124 67
123 67
123 68
122 68
122 69
122 70
121 70
121 71
120 71
120 72
120 73
120 74
119 74
119 75
119 76
118 76
118 77
118 78
117 78
117 79
116 79
116 80
115 80
115 81
114 81
114 82
114 83
113 83
113 84
112 84
112 85
112 86
111 86
111 87
111 88
111 89
110 89
110 90
109 90
109 91
109 92
108 92
108 93
107 93
107 94
107 95
106 95
106 96
106 97
107 97
107 98
107 99
107 100
106 100
106 101
106 102
105 102
105 103
106 103
106 104
106 105
106 106
106 107
107 107
107 108
107 109
108 109
108 110
108 111
108 112
109 112
109 113
108 113
108 114
108 115
108 116
108 117
109 117
109 118
109 119
109 120
108 120
108 121
108 122
108 123
108 124
108 125
108 126
107 126
107 127
107 128
107 129
106 129
106 130
105 130
105 131
105 132
104 132
104 133
104 134
103 134
103 135
102 135
102 136
101 136
101 137
100 137
99 137
99 138
98 138
98 139
97 139
96 139
96 140
95 140
95 141
94 141
93 141
93 142
92 142
92 143
91 143
91 144
90 144
90 145
89 145
89 146
88 146
88 147
87 147
86 147
85 147
84 147
84 148
83 148
82 148
82 149
81 149
81 150
80 150
79 150
78 150
78 151
77 151
77 152
76 152
75 152
74 152
74 153
73 153
72 153
71 153
71 154
71 155
70 155
70 156
71 156
71 157
71 158
72 158
72 159
73 159
73 160
73 161
74 161
74 162
75 162
75 163
75 164
76 164
76 165
77 165
77 166
78 166
78 167
78 168
79 168
79 169
80 169
80 170
81 170
81 171
82 171
82 172
82 173
83 173
84 173
84 174
85 174
85 175
86 175
86 176
86 177
87 177
87 178
87 179
87 180
87 181
87 182
87 183
87 184
87 185
87 186
87 187
87 188
86 188
86 189
86 190
86 191
85 191
85 192
84 192
84 193
84 194
84 195
83 195
83 196
83 197
82 197
82 198
82 199
83 199
83 200
83 201
84 201
85 201
86 201
86 202
87 202
87 201
88 201
89 201
90 201
91 201
91 202
92 202
93 202
94 202
95 202
95 203
96 203
96 202
97 202
97 203
98 203
99 203
99 204
100 204
101 204
102 204
102 205
103 205
104 205
105 205
105 206
106 206
107 206
107 207
108 207
108 208
109 208
109 209
110 209
111 209
112 209
113 209
114 209
114 210
115 210
116 210
117 210
117 211
118 211
119 211
119 212
120 212
121 212
122 212
123 212
124 212
125 212
125 213
126 213
126 214
127 214
128 214
128 215
129 215
129 216
130 216
131 216
132 216
133 216
133 217
134 217
135 217
135 216
136 216
136 217
137 217
138 217
139 217
139 218
140 218
141 218
141 219
142 219
143 219
143 220
144 220
145 220
146 220
147 220
148 220
148 221
149 221
150 221
151 221
152 221
153 221
154 221
154 222
155 222
156 222
157 222
157 223
158 223
159 223
159 224
160 224
160 225
160 226
159 226
159 227
158 227
157 227
157 228
156 228
155 228
154 228
154 229
153 229
152 229
151 229
150 229
149 229
148 229
148 230
147 230
146 230
145 230
144 230
143 230
143 231
142 231
141 231
141 232
140 232
139 232
139 233
138 233
137 233
136 233
135 233
135 234
134 234
133 234
133 233
132 233
132 234
131 234
130 234
129 234
129 235
128 235
128 236
127 236
126 236
126 237
125 237
125 238
124 238
123 238
122 238
122 237
121 237
121 238
120 238
119 238
119 239
118 239
117 239
117 240
116 240
115 240
114 240
114 241
113 241
112 241
111 241
110 241
109 241
109 242
108 242
108 243
107 243
107 244
106 244
105 244
105 245
104 245
103 245
102 245
102 246
101 246
100 246
99 246
99 247
98 247
97 247
96 247
95 247
95 248
94 248
93 248
92 248
91 248
91 249
90 249
89 249
88 249
87 249
87 248
86 248
86 249
85 249
84 249
83 249
83 250
83 251
82 251
82 252
82 253
83 253
83 254
83 255
84 255
84 256
84 257
84 258
85 258
85 259
86 259
86 260
86 261
86 262
87 262
87 263
87 264
87 265
87 266
87 267
87 268
87 269
87 270
87 271
87 272
87 273
86 273
86 274
86 275
85 275
85 276
84 276
84 277
83 277
82 277
82 278
82 279
81 279
81 280
80 280
80 281
79 281
79 282
78 282
78 283
77 283
77 284
77 285
76 285
76 286
75 286
75 287
75 288
74 288
74 289
73 289
73 290
73 291
72 291
72 292
71 292
71 293
71 294
70 294
70 295
71 295
71 296
71 297
72 297
73 297
74 297
74 298
75 298
76 298
77 298
77 299
78 299
78 300
79 300
80 300
80 301
81 301
82 301
82 302
83 302
84 302
85 302
85 303
86 303
87 303
88 303
88 304
89 304
89 305
90 305
90 306
91 306
91 307
92 307
92 308
93 308
93 309
94 309
95 309
95 310
96 310
96 311
97 311
98 311
98 312
99 312
99 313
100 313
101 313
101 314
102 314
102 315
103 315
103 316
104 316
104 317
104 318
105 318
105 319
105 320
106 320
106 321
107 321
107 322
107 323
107 324
108 324
108 325
108 326
108 327
108 328
108 329
108 330
109 330
109 331
109 332
109 333
109 334
109 335
108 335
108 336
108 337
108 338
108 339
108 340
108 341
107 341
107 342
107 343
106 343
106 344
106 345
106 346
106 347
105 347
105 348
106 348
106 349
106 350
107 350
107 351
107 352
107 353
106 353
106 354
106 355
107 355
107 356
107 357
108 357
108 358
109 358
109 359
109 0
110 0
110 1
111 1
111 2
111 3
111 4
112 4
112 5
112 6
112 7
113 7
114 7
114 8
115 8
115 9
115 10
116 10
116 11
117 11
117 12
118 12
118 13
118 14
119 14
119 15
119 16
120 16
120 17
120 18
121 18
121 19
121 20
122 20
122 21
122 22
123 22
123 23
124 23
124 24
125 24
125 25
126 25
126 26
127 26
127 27
128 27
129 27
129 28
130 28
130 29
131 29
132 29
132 30
133 30
134 30
134 31
135 31
136 31
136 32
137 32
138 32
138 33
139 33
139 34
140 34
141 34
141 35
142 35
143 35
143 36
144 36
145 36
145 37
146 37
147 37
147 38
148 38
149 38
149 39
150 39
151 39
152 39
153 39
154 39
155 39
156 39
156 40
157 40
158 40
159 40
159 41
160 41
161 41
161 42
162 42
163 42
164 42
164 43
165 43
166 43
166 44
167 44
168 44
169 44
-2 -2
