152 6
152 7
152 8
152 9
152 10
152 11
151 11
150 11
150 12
150 13
150 14
150 15
149 15
149 16
148 16
148 17
147 17
147 18
147 19
146 19
145 19
145 20
145 21
144 21
144 22
143 22
143 23
142 23
142 24
141 24
140 24
140 25
139 25
139 26
138 26
137 26
137 27
136 27
136 28
135 28
134 28
134 29
134 30
133 30
132 30
132 31
131 31
131 32
130 32
130 33
129 33
129 34
128 34
127 34
127 35
126 35
126 36
126 37
125 37
125 38
124 38
123 38
123 39
122 39
122 40
121 40
121 41
120 41
120 42
119 42
119 43
118 43
118 44
117 44
116 44
116 45
115 45
114 45
114 46
113 46
112 46
112 47
111 47
110 47
110 48
110 49
109 49
108 49
108 50
107 50
107 51
106 51
105 51
104 51
104 52
103 52
102 52
102 53
101 53
101 54
100 54
100 55
99 55
98 55
98 56
97 56
97 57
96 57
95 57
95 58
94 58
94 59
93 59
92 59
91 59
90 59
90 60
89 60
88 60
88 61
87 61
86 61
86 62
86 63
85 63
85 64
84 64
83 64
82 64
82 65
81 65
80 65
80 66
79 66
78 66
78 67
79 67
80 67
80 68
81 68
82 68
83 68
83 69
83 70
84 70
84 71
85 71
85 72
85 73
86 73
87 73
87 74
88 74
88 75
89 75
89 76
90 76
90 77
91 77
91 78
92 78
92 79
92 80
93 80
94 80
95 80
95 81
95 82
95 83
96 83
96 84
97 84
98 84
98 85
99 85
99 86
99 87
100 87
100 88
101 88
101 89
101 90
102 90
103 90
103 91
104 91
104 92
104 93
104 94
104 95
105 95
105 96
105 97
106 97
106 98
106 99
106 100
107 100
107 101
108 101
108 102
108 103
108 104
108 105
109 105
109 106
109 107
109 108
109 109
110 109
110 110
110 111
110 112
109 112
109 113
109 114
109 115
110 115
110 116
110 117
110 118
109 118
109 119
109 120
109 121
108 121
108 122
108 123
108 124
107 124
107 125
107 126
107 127
106 127
106 128
105 128
105 129
104 129
104 130
104 131
104 132
103 132
103 133
102 133
102 134
101 134
101 135
100 135
100 136
100 137
100 138
99 138
99 139
99 140
98 140
97 140
97 141
96 141
96 142
95 142
95 143
94 143
93 143
93 144
92 144
92 145
92 146
91 146
91 147
90 147
90 148
89 148
89 149
88 149
88 150
87 150
87 151
86 151
86 152
85 152
84 152
84 153
84 154
83 154
83 155
82 155
82 156
82 157
81 157
81 158
80 158
80 159
80 160
81 160
81 161
82 161
82 162
83 162
84 162
85 162
85 163
86 163
87 163
87 164
88 164
89 164
90 164
90 165
90 166
91 166
92 166
93 166
93 167
94 167
95 167
96 167
96 168
97 168
97 169
98 169
98 170
99 170
100 170
101 170
101 171
101 172
102 172
103 172
103 173
104 173
105 173
105 174
106 174
107 174
107 175
108 175
108 176
109 176
110 176
111 176
111 177
112 177
112 178
113 178
113 179
114 179
114 180
115 180
116 180
117 180
117 181
118 181
118 182
119 182
119 183
120 183
120 184
121 184
121 185
121 186
122 186
122 187
123 187
123 188
124 188
124 189
125 189
126 189
126 190
127 190
127 191
128 191
128 192
129 192
129 193
130 193
130 194
131 194
131 195
132 195
133 195
133 196
134 196
134 197
135 197
136 197
136 198
137 198
138 198
138 199
139 199
139 200
140 200
140 201
141 201
141 202
142 202
142 203
143 203
143 204
144 204
144 205
145 205
145 206
146 206
147 206
147 207
147 208
148 208
148 209
148 210
149 210
149 211
149 212
150 212
150 213
151 213
151 214
151 215
151 216
151 217
152 217
152 218
152 219
151 219
151 220
151 221
151 222
151 223
151 224
150 224
150 225
150 226
150 227
149 227
148 227
148 228
148 229
147 229
147 230
146 230
146 231
145 231
145 232
144 232
143 232
143 233
142 233
142 234
141 234
141 235
140 235
140 236
139 236
139 237
138 237
138 238
137 238
137 239
136 239
136 240
135 240
135 241
134 241
133 241
133 242
132 242
132 243
131 243
131 244
130 244
130 245
129 245
129 246
128 246
128 247
127 247
126 247
125 247
124 247
124 248
123 248
122 248
122 249
121 249
120 249
119 249
118 249
117 249
116 249
115 249
114 249
114 250
113 250
113 249
112 249
111 249
110 249
109 249
109 248
108 248
107 248
107 247
106 247
106 246
105 246
104 246
104 245
103 245
102 245
101 245
101 244
100 244
99 244
98 244
98 243
97 243
96 243
96 242
95 242
94 242
93 242
93 241
92 241
91 241
91 240
90 240
89 240
88 240
87 240
86 240
86 239
85 239
84 239
83 239
82 239
82 238
81 238
81 239
80 239
80 238
79 238
78 238
77 238
77 239
76 239
75 239
74 239
74 238
73 238
72 238
71 238
70 238
70 239
69 239
68 239
67 239
66 239
65 239
65 238
64 238
64 239
63 239
62 239
61 239
60 239
59 239
58 239
57 239
56 239
55 239
54 239
53 239
53 240
52 240
51 240
50 240
49 240
48 240
47 240
46 240
45 240
44 240
43 240
42 240
41 240
40 240
39 240
38 240
38 241
37 241
36 241
35 241
35 242
34 242
33 242
33 243
32 243
31 243
31 244
30 244
30 245
29 245
28 245
28 246
27 246
27 247
26 247
26 248
25 248
24 248
24 249
23 249
23 250
23 251
22 251
22 252
21 252
20 252
20 253
20 254
20 255
20 256
20 257
20 258
20 259
20 260
19 260
19 261
19 262
19 263
19 264
19 265
18 265
18 266
18 267
18 268
17 268
17 269
17 270
17 271
16 271
16 272
17 272
17 273
17 274
17 275
16 275
15 275
15 276
16 276
16 277
16 278
16 279
15 279
15 280
16 280
16 281
16 282
16 283
15 283
15 284
15 285
15 286
15 287
14 287
14 288
15 288
15 289
15 290
15 291
14 291
14 292
15 292
16 292
16 293
16 294
16 295
16 296
16 297
16 298
15 298
15 299
15 300
16 300
16 301
16 302
16 303
16 304
16 305
16 306
17 306
17 307
17 308
17 309
16 309
16 310
16 311
17 311
17 312
17 313
17 314
17 315
17 316
17 317
17 318
18 318
18 319
18 320
18 321
18 322
18 323
18 324
18 325
19 325
19 326
19 327
19 328
19 329
19 330
19 331
20 331
20 332
21 332
21 333
22 333
22 334
22 335
23 335
23 336
24 336
24 337
25 337
25 338
26 338
26 339
27 339
28 339
28 340
29 340
29 341
30 341
31 341
31 342
32 342
33 342
33 343
34 343
35 343
35 344
36 344
37 344
38 344
38 345
39 345
40 345
40 346
41 346
42 346
42 345
43 345
44 345
45 345
45 346
46 346
47 346
48 346
49 346
50 346
51 346
52 346
53 346
54 346
55 346
55 345
56 345
57 345
57 346
58 346
59 346
60 346
61 346
62 346
63 346
64 346
65 346
66 346
66 347
67 347
68 347
69 347
70 347
71 347
72 347
73 347
74 347
75 347
76 347
77 347
78 347
79 347
79 346
80 346
81 346
82 346
83 346
84 346
84 347
85 347
85 346
86 346
87 346
88 346
89 346
89 345
90 345
91 345
91 344
92 344
92 345
93 345
93 344
94 344
95 344
95 343
96 343
97 343
97 342
98 342
99 342
99 341
100 341
101 341
102 341
102 340
103 340
104 340
104 339
105 339
106 339
107 339
107 338
108 338
109 338
109 337
110 337
110 336
111 336
112 336
112 335
113 335
113 336
114 336
115 336
116 336
117 336
118 336
119 336
120 336
120 337
121 337
122 337
123 337
124 337
125 337
125 338
126 338
126 339
127 339
127 340
128 340
129 340
129 341
129 342
130 342
130 343
131 343
132 343
133 343
133 344
133 345
134 345
135 345
135 346
136 346
136 347
137 347
137 348
138 348
139 348
139 349
140 349
140 350
141 350
141 351
142 351
143 351
143 352
144 352
144 353
145 353
145 354
146 354
146 355
147 355
147 356
148 356
148 357
149 357
150 357
150 358
151 358
151 359
151 0
151 1
151 2
151 3
151 4
151 5
151 6
152 6
-2 -2
