41 17
41 18
41 19
41 20
41 21
41 22
41 23
41 24
41 25
41 26
41 27
41 28
40 28
40 29
40 30
40 31
40 32
40 33
40 34
40 35
40 36
40 37
40 38
40 39
40 40
40 41
39 41
39 42
39 43
39 44
39 45
39 46
39 47
39 48
39 49
40 49
40 50
40 51
40 52
40 53
40 54
40 55
40 56
40 57
40 58
40 59
40 60
40 61
40 62
41 62
41 63
41 64
41 65
41 66
41 67
41 68
40 68
40 69
40 70
40 71
40 72
40 73
40 74
40 75
40 76
40 77
40 78
39 78
39 79
39 80
39 81
39 82
39 83
39 84
39 85
39 86
39 87
39 88
39 89
39 90
39 91
39 92
39 93
39 94
39 95
39 96
39 97
39 98
39 99
39 100
39 101
39 102
40 102
40 103
40 104
40 105
40 106
39 106
39 107
39 108
40 108
40 109
40 110
40 111
40 112
40 113
40 114
40 115
40 116
40 117
40 118
40 119
39 119
39 120
39 121
39 122
39 123
39 124
39 125
39 126
39 127
39 128
38 128
38 129
38 130
38 131
39 131
39 132
39 133
39 134
39 135
39 136
39 137
39 138
39 139
39 140
39 141
39 142
39 143
39 144
39 145
39 146
39 147
39 148
39 149
39 150
39 151
40 151
40 152
40 153
40 154
40 155
40 156
40 157
40 158
40 159
40 160
40 161
40 162
39 162
39 163
39 164
39 165
39 166
39 167
38 167
38 168
39 168
39 169
39 170
39 171
39 172
39 173
39 174
40 174
40 175
40 176
40 177
40 178
40 179
39 179
39 180
39 181
39 182
39 183
39 184
39 185
39 186
38 186
38 187
38 188
38 189
38 190
38 191
38 192
38 193
39 193
39 194
39 195
39 196
39 197
38 197
38 198
38 199
38 200
38 201
38 202
37 202
37 203
37 204
37 205
37 206
37 207
37 208
37 209
37 210
37 211
37 212
37 213
37 214
37 215
36 215
36 216
36 217
36 218
37 218
37 219
37 220
37 221
37 222
37 223
37 224
37 225
37 226
37 227
37 228
37 229
37 230
38 230
38 231
38 232
38 233
38 234
38 235
38 236
38 237
38 238
38 239
39 239
39 240
39 241
38 241
38 242
39 242
39 243
39 244
38 244
38 245
39 245
39 246
39 247
39 248
38 248
38 249
39 249
39 250
39 251
39 252
39 253
39 254
39 255
39 256
39 257
39 258
39 259
39 260
39 261
39 262
39 263
39 264
39 265
39 266
39 267
39 268
39 269
39 270
39 271
39 272
39 273
39 274
39 275
39 276
39 277
39 278
39 279
39 280
39 281
39 282
39 283
39 284
39 285
39 286
39 287
39 288
39 289
39 290
39 291
39 292
39 293
39 294
39 295
39 296
39 297
39 298
39 299
39 300
39 301
39 302
39 303
39 304
39 305
39 306
39 307
38 307
38 308
38 309
38 310
38 311
38 312
38 313
37 313
37 314
37 315
37 316
37 317
37 318
37 319
37 320
38 320
38 321
38 322
38 323
37 323
37 324
37 325
37 326
37 327
37 328
38 328
38 329
38 330
38 331
38 332
38 333
38 334
38 335
38 336
38 337
38 338
38 339
39 339
39 340
39 341
39 342
39 343
39 344
39 345
40 345
40 346
40 347
40 348
39 348
39 349
39 350
39 351
39 352
39 353
40 353
40 354
40 355
40 356
40 357
40 358
40 359
40 0
40 1
40 2
40 3
40 4
40 5
40 6
40 7
40 8
40 9
40 10
40 11
40 12
40 13
40 14
40 15
40 16
40 17
41 17
-2 -2
