37 43
37 44
37 45
36 45
36 46
36 47
36 48
36 49
36 50
36 51
37 51
37 52
37 53
37 54
36 54
36 55
37 55
37 56
37 57
36 57
36 58
36 59
35 59
35 60
36 60
36 61
36 62
36 63
35 63
35 64
35 65
35 66
35 67
35 68
35 69
36 69
36 70
36 71
35 71
35 72
36 72
36 73
36 74
36 75
36 76
36 77
35 77
35 78
35 79
35 80
35 81
35 82
35 83
35 84
35 85
35 86
34 86
34 87
34 88
34 89
34 90
33 90
33 91
33 92
33 93
33 94
33 95
32 95
32 96
32 97
32 98
32 99
32 100
32 101
31 101
31 102
31 103
31 104
32 104
32 105
32 106
32 107
32 108
32 109
32 110
31 110
31 111
31 112
31 113
30 113
30 114
30 115
30 116
30 117
30 118
30 119
30 120
30 121
30 122
29 122
29 123
29 124
29 125
29 126
28 126
28 127
28 128
28 129
28 130
28 131
29 131
29 132
29 133
29 134
29 135
29 136
28 136
28 137
28 138
28 139
28 140
28 141
28 142
29 142
29 143
29 144
29 145
29 146
29 147
29 148
30 148
30 149
30 150
30 151
29 151
29 152
30 152
30 153
30 154
30 155
30 156
30 157
31 157
31 158
32 158
32 159
32 160
31 160
31 161
31 162
31 163
31 164
31 165
31 166
30 166
30 167
31 167
31 168
31 169
31 170
31 171
31 172
31 173
32 173
32 174
32 175
32 176
32 177
33 177
33 178
33 179
33 180
34 180
34 181
34 182
34 183
34 184
34 185
34 186
34 187
34 188
34 189
34 190
34 191
34 192
34 193
34 194
35 194
35 195
35 196
35 197
35 198
34 198
34 199
34 200
34 201
34 202
34 203
34 204
34 205
34 206
34 207
34 208
35 208
35 209
35 210
35 211
35 212
35 213
35 214
35 215
35 216
35 217
35 218
35 219
35 220
35 221
35 222
34 222
34 223
34 224
34 225
35 225
35 226
35 227
35 228
35 229
35 230
35 231
34 231
34 232
34 233
34 234
34 235
34 236
34 237
34 238
34 239
34 240
34 241
34 242
34 243
34 244
34 245
34 246
33 246
33 247
34 247
34 248
34 249
34 250
33 250
33 251
33 252
33 253
33 254
33 255
33 256
32 256
32 257
32 258
32 259
32 260
32 261
32 262
32 263
32 264
32 265
32 266
32 267
32 268
32 269
32 270
33 270
33 271
33 272
33 273
33 274
33 275
33 276
33 277
33 278
33 279
33 280
33 281
33 282
33 283
33 284
33 285
33 286
33 287
33 288
33 289
33 290
34 290
34 291
34 292
34 293
34 294
34 295
34 296
34 297
34 298
34 299
34 300
34 301
34 302
34 303
34 304
34 305
34 306
34 307
33 307
33 308
33 309
33 310
33 311
33 312
33 313
33 314
33 315
33 316
33 317
33 318
33 319
33 320
33 321
33 322
33 323
34 323
34 324
34 325
34 326
34 327
34 328
34 329
34 330
34 331
34 332
34 333
35 333
35 334
35 335
35 336
35 337
35 338
35 339
35 340
35 341
34 341
34 342
34 343
34 344
34 345
34 346
34 347
34 348
34 349
34 350
34 351
34 352
34 353
34 354
34 355
34 356
34 357
34 358
34 359
34 0
34 1
34 2
34 3
33 3
33 4
33 5
33 6
33 7
33 8
33 9
33 10
33 11
33 12
33 13
33 14
34 14
34 15
34 16
34 17
34 18
34 19
35 19
35 20
35 21
35 22
35 23
35 24
35 25
35 26
35 27
36 27
36 28
36 29
36 30
35 30
35 31
36 31
36 32
36 33
36 34
36 35
36 36
35 36
35 37
35 38
35 39
36 39
36 40
36 41
36 42
36 43
37 43
-2 -2
