114 301
114 302
114 303
114 304
114 305
113 305
113 306
114 306
114 307
113 307
113 308
112 308
112 309
111 309
111 310
111 311
110 311
110 312
110 313
109 313
108 313
108 314
107 314
106 314
106 315
105 315
105 316
106 316
107 316
107 317
108 317
109 317
109 318
110 318
110 319
110 320
111 320
111 321
112 321
112 322
113 322
113 323
114 323
114 324
114 325
114 326
114 327
114 328
114 329
114 330
113 330
113 331
113 332
113 333
112 333
112 334
111 334
111 335
111 336
110 336
110 337
109 337
108 337
108 338
107 338
107 339
106 339
106 340
105 340
105 339
104 339
104 340
104 341
103 341
102 341
102 342
101 342
100 342
99 342
98 342
97 342
97 343
96 343
95 343
94 343
93 343
92 343
92 344
91 344
91 343
90 343
90 344
89 344
88 344
87 344
86 344
85 344
84 344
84 343
83 343
82 343
81 343
80 343
79 343
79 342
78 342
77 342
76 342
75 342
75 341
74 341
73 341
72 341
72 340
71 340
70 340
69 340
68 340
67 340
66 340
65 340
65 339
64 339
63 339
63 338
62 338
61 338
60 338
60 337
59 337
58 337
58 336
58 335
57 335
56 335
56 334
55 334
54 334
54 333
53 333
52 333
51 333
51 334
51 335
51 336
51 337
51 338
51 339
51 340
52 340
52 341
52 342
53 342
53 343
53 344
53 345
53 346
53 347
53 348
53 349
54 349
54 350
55 350
55 351
55 352
56 352
56 353
56 354
57 354
57 355
57 356
58 356
58 357
59 357
59 358
59 359
59 0
60 0
61 0
61 1
62 1
62 2
62 3
63 3
63 4
64 4
64 5
65 5
65 6
65 7
66 7
66 8
66 9
67 9
68 9
68 10
69 10
69 11
70 11
70 12
70 13
71 13
72 13
72 14
72 15
73 15
73 16
74 16
74 17
75 17
75 18
76 18
77 18
77 19
78 19
78 20
79 20
79 21
80 21
80 22
81 22
81 23
82 23
82 24
82 25
83 25
83 26
84 26
84 27
84 28
85 28
85 29
86 29
86 30
87 30
87 31
88 31
88 32
89 32
89 33
90 33
90 34
91 34
91 35
92 35
92 36
93 36
93 37
94 37
95 37
95 38
96 38
96 39
97 39
97 40
98 40
98 41
99 41
99 42
100 42
100 43
101 43
101 44
101 45
102 45
102 46
102 47
103 47
104 47
104 48
105 48
105 49
106 49
107 49
107 50
107 51
107 52
108 52
108 53
109 53
109 54
110 54
110 55
110 56
110 57
111 57
111 58
111 59
111 60
111 61
111 62
112 62
112 63
112 64
112 65
111 65
111 66
111 67
111 68
111 69
112 69
112 70
111 70
111 71
111 72
111 73
110 73
110 74
110 75
110 76
110 77
110 78
110 79
110 80
109 80
109 81
109 82
109 83
108 83
108 84
108 85
108 86
108 87
108 88
107 88
107 89
106 89
106 90
105 90
105 91
105 92
105 93
104 93
104 94
103 94
102 94
102 95
102 96
101 96
100 96
100 97
99 97
99 98
98 98
98 99
97 99
97 100
96 100
96 101
95 101
94 101
94 102
93 102
93 103
92 103
92 104
91 104
90 104
90 105
89 105
89 106
88 106
88 107
87 107
86 107
85 107
85 108
84 108
84 109
83 109
82 109
81 109
80 109
79 109
79 110
78 110
77 110
76 110
76 111
75 111
74 111
73 111
72 111
72 112
71 112
70 112
69 112
68 112
67 112
66 112
65 112
64 112
63 112
62 112
62 111
61 111
60 111
59 111
58 111
57 111
56 111
56 110
55 110
55 109
54 109
53 109
52 109
52 108
51 108
51 107
50 107
49 107
49 106
48 106
48 105
48 104
47 104
47 103
47 102
46 102
45 102
45 101
44 101
44 100
44 99
43 99
43 98
42 98
42 97
42 96
42 95
42 94
42 93
42 92
42 91
41 91
41 90
41 89
41 88
41 87
40 87
40 86
40 85
40 84
40 83
40 82
40 81
40 80
40 79
40 78
41 78
41 77
42 77
42 76
42 75
42 74
43 74
43 73
43 72
44 72
44 71
45 71
45 70
45 69
46 69
47 69
47 68
48 68
49 68
49 67
50 67
50 66
51 66
51 65
51 64
52 64
53 64
54 64
54 63
55 63
56 63
57 63
57 62
58 62
59 62
60 62
61 62
62 62
63 62
64 62
65 62
66 62
67 62
68 62
69 62
70 62
70 63
71 63
72 63
72 64
73 64
73 65
74 65
75 65
76 65
76 66
76 67
77 67
77 68
78 68
78 69
79 69
80 69
80 70
81 70
81 71
81 72
81 73
82 73
83 73
83 72
84 72
84 71
84 70
85 70
85 69
85 68
85 67
85 66
86 66
86 65
86 64
85 64
85 63
84 63
84 62
84 61
83 61
83 60
83 59
82 59
82 58
81 58
81 57
80 57
80 56
79 56
79 55
79 54
78 54
78 53
78 52
77 52
76 52
76 51
75 51
75 50
74 50
73 50
73 49
72 49
72 48
72 47
71 47
70 47
70 46
69 46
69 45
69 44
68 44
68 43
67 43
66 43
65 43
64 43
63 43
63 44
62 44
61 44
61 45
60 45
59 45
59 46
58 46
58 47
57 47
57 48
56 48
56 49
55 49
54 49
54 50
53 50
53 51
52 51
52 52
52 53
51 53
51 54
50 54
50 55
50 56
49 56
49 57
48 57
48 58
48 59
47 59
46 59
46 60
46 61
45 61
45 62
45 63
44 63
43 63
43 64
42 64
42 65
41 65
41 66
40 66
39 66
39 67
39 68
38 68
37 68
37 69
37 70
37 71
36 71
35 71
34 71
33 71
33 72
32 72
32 73
32 74
32 75
31 75
30 75
30 76
29 76
28 76
27 76
26 76
26 77
26 78
25 78
25 79
25 80
24 80
23 80
23 81
22 81
21 81
20 81
19 81
19 82
18 82
17 82
16 82
16 81
15 81
14 81
14 80
13 80
13 79
12 79
11 79
11 78
11 77
10 77
10 76
9 76
9 75
8 75
8 74
8 73
7 73
7 72
7 71
6 71
6 70
6 69
6 68
5 68
5 67
5 66
5 65
4 65
4 64
4 63
4 62
5 62
5 61
4 61
3 61
3 60
3 59
3 58
4 58
4 57
4 56
4 55
3 55
3 54
3 53
3 52
3 51
3 50
3 49
3 48
3 47
3 46
2 46
2 45
2 44
3 44
3 43
3 42
2 42
2 41
2 40
2 39
2 38
2 37
2 36
2 35
1 35
1 34
1 33
1 32
2 32
2 31
2 30
2 29
2 28
2 27
2 26
2 25
2 24
2 23
2 22
2 21
2 20
1 20
1 19
1 18
1 17
2 17
2 16
2 15
2 14
2 13
2 12
2 11
2 10
2 9
2 8
2 7
2 6
2 5
2 4
2 3
2 2
2 1
1 1
1 0
2 0
2 359
2 358
2 357
2 356
2 355
2 354
2 353
2 352
2 351
2 350
2 349
2 348
2 347
2 346
2 345
2 344
2 343
1 343
1 342
1 341
1 340
1 339
1 338
1 337
1 336
1 335
2 335
2 334
2 333
2 332
1 332
1 331
1 330
1 329
1 328
1 327
1 326
1 325
1 324
1 323
1 322
1 321
1 320
1 319
1 318
1 317
1 316
0 316
0 315
0 314
1 314
1 313
1 312
1 311
1 310
1 309
1 308
1 307
1 306
1 305
1 304
1 303
1 302
1 301
1 300
1 299
1 298
0 298
0 297
0 296
0 295
1 295
1 294
1 293
1 292
1 291
1 290
1 289
1 288
1 287
1 286
1 285
1 284
1 283
1 282
1 281
1 280
1 279
1 278
1 277
1 276
1 275
1 274
1 273
1 272
1 271
0 271
0 270
0 269
1 269
1 268
1 267
1 266
1 265
1 264
1 263
1 262
1 261
1 260
1 259
1 258
1 257
1 256
1 255
1 254
1 253
1 252
1 251
1 250
1 249
1 248
1 247
1 246
1 245
0 245
0 244
0 243
0 242
1 242
1 241
1 240
1 239
1 238
1 237
1 236
1 235
1 234
1 233
1 232
1 231
1 230
1 229
1 228
1 227
1 226
0 226
0 225
0 224
1 224
1 223
1 222
1 221
2 221
2 220
2 219
2 218
2 217
2 216
2 215
1 215
1 214
1 213
1 212
2 212
2 211
2 210
3 210
3 209
3 208
2 208
2 207
2 206
2 205
3 205
3 204
3 203
3 202
3 201
3 200
4 200
4 199
4 198
4 197
5 197
5 196
5 195
5 194
6 194
6 193
7 193
7 192
7 191
8 191
8 190
9 190
9 189
10 189
10 188
11 188
11 187
12 187
13 187
13 186
14 186
15 186
15 185
16 185
17 185
18 185
19 185
19 186
19 187
20 187
21 187
22 187
22 188
23 188
24 188
24 189
24 190
25 190
25 191
25 192
26 192
26 193
27 193
28 193
28 194
29 194
30 194
31 194
31 195
31 196
31 197
32 197
33 197
34 197
34 198
35 198
35 199
36 199
36 200
36 201
37 201
37 202
38 202
38 203
39 203
39 204
40 204
41 204
41 205
42 205
42 206
42 207
43 207
44 207
44 208
44 209
44 210
45 210
45 211
46 211
47 211
47 212
47 213
48 213
48 214
48 215
49 215
49 216
50 216
50 217
50 218
51 218
51 219
52 219
52 220
53 220
53 221
53 222
54 222
55 222
56 222
56 223
56 224
57 224
57 225
58 225
58 226
59 226
60 226
61 226
61 227
62 227
63 227
64 227
65 227
66 227
67 227
67 226
68 226
68 225
68 224
69 224
69 223
70 223
70 222
70 221
71 221
72 221
72 220
73 220
73 219
74 219
75 219
75 218
76 218
76 217
77 217
77 216
78 216
78 215
78 214
79 214
79 213
79 212
80 212
80 211
81 211
81 210
82 210
82 209
83 209
83 208
83 207
83 206
84 206
84 205
84 204
84 203
84 202
84 201
84 200
83 200
83 199
83 198
82 198
82 197
81 197
81 196
80 196
80 197
80 198
80 199
79 199
79 200
78 200
78 201
77 201
76 201
76 202
75 202
75 203
74 203
74 204
73 204
73 205
72 205
71 205
71 206
70 206
70 207
69 207
68 207
67 207
66 207
66 208
65 208
64 208
64 207
63 207
63 208
62 208
61 208
60 208
59 208
59 207
58 207
57 207
56 207
55 207
54 207
54 206
53 206
52 206
51 206
51 205
50 205
50 204
49 204
48 204
48 203
48 202
47 202
47 201
46 201
45 201
45 200
44 200
44 199
44 198
43 198
42 198
42 197
42 196
41 196
41 195
41 194
41 193
40 193
40 192
40 191
39 191
39 190
39 189
39 188
39 187
39 186
39 185
39 184
39 183
40 183
40 182
40 181
40 180
40 179
40 178
40 177
40 176
41 176
41 175
41 174
41 173
41 172
41 171
42 171
42 170
42 169
42 168
43 168
43 167
44 167
45 167
45 166
46 166
46 165
46 164
47 164
47 163
48 163
48 162
49 162
49 161
50 161
51 161
51 160
52 160
53 160
53 159
54 159
55 159
55 158
56 158
57 158
58 158
59 158
59 157
60 157
61 157
62 157
63 157
64 157
65 157
66 157
67 157
68 157
69 157
70 157
71 157
72 157
72 158
73 158
74 158
75 158
75 159
76 159
77 159
78 159
78 160
79 160
80 160
81 160
82 160
82 161
83 161
84 161
84 162
85 162
86 162
87 162
87 163
88 163
88 164
89 164
89 165
90 165
90 166
91 166
92 166
93 166
93 167
93 168
94 168
94 169
95 169
96 169
96 170
97 170
97 171
98 171
98 172
99 172
99 173
100 173
100 174
101 174
101 175
102 175
102 176
103 176
104 176
104 177
104 178
105 178
105 179
105 180
105 181
106 181
106 182
107 182
107 183
107 184
107 185
108 185
108 186
108 187
109 187
109 188
109 189
109 190
109 191
109 192
109 193
109 194
109 195
109 196
109 197
110 197
110 198
110 199
110 200
110 201
110 202
110 203
110 204
110 205
111 205
111 206
111 207
110 207
110 208
110 209
110 210
110 211
110 212
109 212
109 213
109 214
109 215
108 215
108 216
108 217
107 217
107 218
106 218
106 219
106 220
105 220
105 221
104 221
104 222
103 222
103 223
102 223
101 223
101 224
100 224
100 225
100 226
99 226
99 227
98 227
98 228
98 229
97 229
96 229
96 230
96 231
95 231
95 232
94 232
93 232
93 233
92 233
92 234
91 234
91 235
90 235
90 236
89 236
89 237
88 237
88 238
87 238
87 239
86 239
86 240
85 240
85 241
84 241
84 242
83 242
83 243
83 244
82 244
82 245
81 245
81 246
81 247
80 247
80 248
79 248
78 248
78 249
78 250
77 250
77 251
76 251
76 252
75 252
74 252
74 253
73 253
73 254
72 254
72 255
71 255
71 256
71 257
70 257
70 258
69 258
69 259
69 260
68 260
67 260
67 261
66 261
66 262
65 262
65 263
64 263
64 264
64 265
64 266
63 266
63 267
62 267
62 268
61 268
61 269
61 270
60 270
59 270
59 271
59 272
58 272
58 273
58 274
57 274
57 275
57 276
56 276
56 277
55 277
55 278
55 279
54 279
54 280
54 281
53 281
53 282
53 283
53 284
52 284
52 285
52 286
52 287
52 288
52 289
52 290
51 290
51 291
51 292
50 292
50 293
50 294
50 295
51 295
51 296
51 297
50 297
50 298
51 298
51 299
52 299
52 298
53 298
54 298
54 297
55 297
56 297
56 296
57 296
58 296
58 295
59 295
60 295
60 294
60 293
61 293
62 293
62 292
63 292
64 292
65 292
65 291
66 291
67 291
67 292
68 292
68 291
69 291
70 291
71 291
71 290
72 290
73 290
74 290
75 290
75 289
76 289
77 289
78 289
78 288
79 288
80 288
81 288
82 288
83 288
83 287
84 287
85 287
86 287
87 287
88 287
89 287
90 287
91 287
91 288
92 288
92 287
93 287
93 288
94 288
95 288
96 288
97 288
98 288
98 289
99 289
100 289
101 289
102 289
102 290
103 290
103 291
104 291
105 291
105 292
106 292
107 292
107 293
108 293
108 294
109 294
109 295
110 295
110 296
111 296
111 297
112 297
112 298
112 299
113 299
113 300
113 301
114 301
-2 -2
