198 310
198 311
198 312
198 313
197 313
197 314
197 315
196 315
195 315
195 316
194 316
193 316
192 316
191 316
191 317
190 317
189 317
188 317
188 318
187 318
186 318
185 318
185 319
184 319
183 319
182 319
182 320
181 320
180 320
180 321
179 321
178 321
177 321
177 322
176 322
175 322
175 323
174 323
173 323
172 323
171 323
170 323
169 323
169 324
168 324
167 324
166 324
165 324
164 324
164 325
163 325
162 325
162 326
161 326
160 326
159 326
158 326
157 326
156 326
155 326
155 327
154 327
153 327
152 327
151 327
150 327
150 328
149 328
148 328
147 328
146 328
146 329
145 329
144 329
143 329
142 329
141 329
141 330
140 330
140 329
139 329
139 330
138 330
137 330
136 330
135 330
134 330
133 330
132 330
132 331
131 331
130 331
129 331
128 331
127 331
126 331
125 331
125 332
124 332
123 332
122 332
121 332
120 332
120 333
119 333
118 333
117 333
116 333
115 333
114 333
114 334
113 334
112 334
111 334
110 334
109 334
108 334
107 334
106 334
105 334
105 335
104 335
103 335
102 335
101 335
101 336
100 336
99 336
98 336
97 336
96 336
96 337
95 337
94 337
93 337
92 337
92 338
91 338
90 338
89 338
88 338
87 338
86 338
85 338
85 339
84 339
83 339
82 339
81 339
80 339
79 339
78 339
78 340
77 340
76 340
75 340
74 340
73 340
73 341
72 341
72 340
71 340
71 341
70 341
69 341
68 341
68 342
67 342
66 342
65 342
64 342
63 342
63 343
62 343
61 343
60 343
60 344
59 344
59 345
58 345
57 345
56 345
55 345
55 346
55 347
54 347
53 347
52 347
52 348
51 348
51 349
50 349
50 350
49 350
49 351
48 351
48 352
47 352
47 353
46 353
46 354
45 354
45 355
45 356
44 356
44 357
44 358
44 359
43 359
43 0
42 0
41 0
41 1
41 2
41 3
41 4
40 4
40 5
40 6
40 7
40 8
40 9
40 10
40 11
40 12
41 12
41 13
41 14
41 15
41 16
41 17
42 17
42 18
42 19
42 20
43 20
43 21
44 21
44 22
44 23
44 24
45 24
45 25
45 26
45 27
45 28
45 29
45 30
45 31
45 32
45 33
45 34
44 34
44 35
44 36
44 37
43 37
43 38
43 39
42 39
42 40
42 41
41 41
40 41
40 42
39 42
39 43
39 44
38 44
37 44
37 45
36 45
35 45
34 45
34 46
33 46
32 46
31 46
30 46
29 46
28 46
27 46
27 45
26 45
25 45
25 44
25 43
24 43
23 43
22 43
21 43
20 43
20 42
20 41
19 41
18 41
18 40
18 39
18 38
17 38
16 38
16 37
15 37
15 36
14 36
13 36
13 35
13 34
13 33
13 32
12 32
11 32
11 31
11 30
10 30
10 29
10 28
10 27
11 27
11 26
10 26
10 25
10 24
10 23
11 23
11 22
11 21
10 21
9 21
9 20
9 19
9 18
10 18
10 17
9 17
9 16
9 15
9 14
10 14
10 13
11 13
11 12
10 12
9 12
9 11
9 10
9 9
10 9
10 8
10 7
9 7
8 7
8 6
8 5
8 4
9 4
9 3
9 2
9 1
8 1
8 0
9 0
9 359
9 358
9 357
9 356
8 356
8 355
8 354
8 353
9 353
10 353
10 352
9 352
9 351
9 350
8 350
8 349
8 348
8 347
9 347
10 347
10 346
9 346
9 345
8 345
8 344
8 343
8 342
9 342
9 341
9 340
8 340
8 339
8 338
8 337
9 337
10 337
10 336
10 335
9 335
9 334
9 333
9 332
8 332
8 331
8 330
8 329
9 329
9 328
8 328
8 327
8 326
8 325
9 325
10 325
10 324
9 324
9 323
9 322
9 321
10 321
10 320
10 319
10 318
10 317
11 317
11 316
10 316
10 315
10 314
11 314
11 313
11 312
11 311
11 310
12 310
12 309
12 308
13 308
13 307
13 306
13 305
14 305
15 305
15 304
16 304
16 303
16 302
16 301
17 301
17 300
17 299
18 299
18 298
19 298
19 297
19 296
20 296
20 295
21 295
22 295
23 295
23 294
24 294
24 293
25 293
25 292
26 292
27 292
28 292
29 292
30 292
30 293
31 293
32 293
33 293
34 293
35 293
36 293
37 293
38 293
39 293
39 294
40 294
41 294
41 295
42 295
43 295
44 295
45 295
45 296
46 296
47 296
48 296
49 296
50 296
50 297
51 297
52 297
53 297
54 297
55 297
56 297
56 298
57 298
58 298
58 299
59 299
60 299
61 299
61 300
62 300
63 300
64 300
65 300
65 299
64 299
63 299
63 298
62 298
61 298
61 297
61 296
60 296
59 296
58 296
58 295
58 294
57 294
57 293
57 292
56 292
56 291
56 290
55 290
55 289
54 289
54 288
53 288
52 288
51 288
51 287
51 286
50 286
49 286
49 285
49 284
49 283
49 282
48 282
47 282
47 281
47 280
46 280
46 279
45 279
44 279
44 278
44 277
44 276
44 275
44 274
44 273
44 272
44 271
43 271
43 270
43 269
43 268
42 268
42 267
42 266
42 265
41 265
41 264
41 263
41 262
40 262
40 261
40 260
39 260
39 259
39 258
39 257
40 257
40 256
40 255
40 254
40 253
40 252
40 251
40 250
39 250
39 249
39 248
39 247
39 246
39 245
39 244
39 243
39 242
39 241
39 240
39 239
39 238
39 237
39 236
40 236
40 235
40 234
40 233
40 232
40 231
39 231
39 230
39 229
40 229
40 228
40 227
40 226
40 225
40 224
40 223
40 222
40 221
40 220
40 219
40 218
40 217
40 216
41 216
41 215
41 214
40 214
40 213
40 212
40 211
41 211
41 210
41 209
42 209
42 208
42 207
42 206
42 205
41 205
41 204
41 203
41 202
41 201
41 200
41 199
41 198
41 197
41 196
42 196
42 195
42 194
43 194
43 193
43 192
43 191
43 190
43 189
43 188
43 187
43 186
43 185
43 184
43 183
43 182
43 181
43 180
44 180
44 179
45 179
45 178
45 177
46 177
46 176
47 176
47 175
47 174
48 174
48 173
48 172
48 171
49 171
49 170
50 170
50 169
51 169
51 168
52 168
52 167
53 167
53 166
53 165
53 164
54 164
54 163
55 163
55 162
55 161
56 161
57 161
58 161
58 160
58 159
59 159
60 159
60 158
61 158
61 157
62 157
62 156
62 155
62 154
63 154
63 153
64 153
64 152
65 152
65 151
66 151
67 151
67 150
68 150
69 150
70 150
70 149
71 149
71 148
72 148
72 147
72 146
73 146
74 146
74 145
75 145
75 144
76 144
76 143
77 143
77 142
78 142
78 141
79 141
80 141
80 140
81 140
81 139
82 139
82 138
83 138
83 137
84 137
85 137
85 136
86 136
86 135
87 135
88 135
88 134
89 134
90 134
91 134
91 133
92 133
92 132
93 132
94 132
94 131
95 131
96 131
96 130
97 130
98 130
98 129
99 129
100 129
100 128
101 128
102 128
102 127
103 127
103 126
104 126
105 126
106 126
106 125
107 125
108 125
108 124
109 124
109 123
110 123
111 123
111 122
112 122
112 121
113 121
113 120
113 119
114 119
114 118
113 118
113 117
112 117
112 116
111 116
111 115
110 115
110 114
109 114
109 113
109 112
108 112
108 111
107 111
107 110
106 110
106 109
106 108
105 108
104 108
104 107
103 107
103 106
102 106
101 106
101 105
100 105
100 104
99 104
99 103
98 103
98 102
97 102
96 102
95 102
94 102
94 103
94 104
94 105
94 106
94 107
94 108
93 108
93 109
93 110
93 111
92 111
92 112
92 113
92 114
92 115
92 116
91 116
91 117
91 118
91 119
91 120
90 120
90 121
89 121
89 122
88 122
88 123
87 123
86 123
86 124
85 124
85 125
84 125
83 125
83 126
82 126
81 126
81 127
80 127
79 127
79 128
78 128
77 128
76 128
76 129
75 129
74 129
73 129
73 130
72 130
71 130
70 130
70 131
69 131
68 131
67 131
66 131
66 130
65 130
64 130
63 130
63 131
62 131
61 131
61 130
60 130
59 130
58 130
57 130
56 130
56 129
55 129
54 129
53 129
53 128
52 128
51 128
51 127
51 126
50 126
50 125
49 125
49 124
49 123
48 123
47 123
47 122
46 122
46 121
46 120
45 120
45 119
44 119
44 118
43 118
43 117
43 116
43 115
42 115
42 114
42 113
42 112
41 112
41 111
41 110
41 109
41 108
40 108
40 107
40 106
40 105
41 105
41 104
41 103
40 103
40 102
40 101
40 100
40 99
40 98
41 98
41 97
41 96
41 95
41 94
41 93
41 92
41 91
41 90
42 90
42 89
42 88
42 87
43 87
43 86
44 86
44 85
44 84
45 84
45 83
45 82
45 81
46 81
46 80
46 79
47 79
47 78
48 78
49 78
49 77
49 76
50 76
50 75
51 75
51 74
52 74
53 74
54 74
54 73
55 73
55 72
56 72
57 72
57 71
58 71
59 71
59 70
60 70
61 70
62 70
63 70
64 70
65 70
66 70
67 70
68 70
69 70
70 70
71 70
71 69
72 69
73 69
73 70
74 70
75 70
76 70
77 70
78 70
79 70
79 71
80 71
81 71
82 71
83 71
84 71
84 72
85 72
86 72
87 72
88 72
88 73
89 73
90 73
90 74
91 74
92 74
92 75
93 75
94 75
94 76
95 76
96 76
97 76
97 77
98 77
99 77
100 77
101 77
101 78
102 78
103 78
104 78
104 79
105 79
105 80
106 80
107 80
108 80
108 81
109 81
110 81
111 81
112 81
112 82
113 82
114 82
114 83
115 83
115 84
116 84
117 84
118 84
118 85
119 85
119 86
120 86
121 86
122 86
122 87
123 87
123 88
124 88
125 88
125 89
125 90
126 90
127 90
128 90
128 91
128 92
129 92
130 92
130 93
131 93
132 93
132 94
133 94
133 95
133 96
133 97
134 97
134 98
135 98
135 99
136 99
136 100
137 100
138 100
138 101
139 101
140 101
140 102
140 103
141 103
141 104
141 105
142 105
142 106
143 106
143 107
143 108
142 108
142 109
142 110
142 111
143 111
143 112
143 113
143 114
143 115
143 116
143 117
143 118
142 118
142 119
142 120
142 121
141 121
141 122
141 123
141 124
140 124
140 125
140 126
140 127
139 127
139 128
139 129
139 130
139 131
139 132
138 132
138 133
138 134
138 135
137 135
137 136
137 137
136 137
136 138
136 139
136 140
136 141
136 142
135 142
135 143
134 143
134 144
134 145
134 146
133 146
133 147
132 147
132 148
131 148
130 148
130 149
129 149
129 150
129 151
128 151
128 152
127 152
127 153
126 153
126 154
125 154
125 155
124 155
123 155
123 156
122 156
122 157
121 157
121 158
120 158
119 158
119 159
118 159
118 160
118 161
117 161
117 162
116 162
116 163
116 164
115 164
114 164
114 165
113 165
113 166
112 166
111 166
111 167
110 167
109 167
109 168
109 169
109 170
108 170
107 170
107 171
107 172
106 172
106 173
105 173
104 173
103 173
103 174
103 175
102 175
102 176
102 177
101 177
101 178
100 178
100 179
99 179
99 180
98 180
97 180
97 181
97 182
97 183
96 183
95 183
95 184
95 185
94 185
93 185
93 186
93 187
92 187
92 188
92 189
91 189
91 190
91 191
90 191
90 192
90 193
89 193
89 194
89 195
88 195
88 196
87 196
87 197
87 198
87 199
86 199
86 200
86 201
85 201
85 202
85 203
84 203
84 204
84 205
84 206
84 207
83 207
83 208
83 209
82 209
82 210
82 211
81 211
81 212
81 213
81 214
80 214
80 215
80 216
79 216
79 217
79 218
80 218
80 219
79 219
79 220
79 221
78 221
78 222
78 223
78 224
78 225
78 226
78 227
77 227
77 228
77 229
77 230
77 231
77 232
77 233
76 233
76 234
77 234
77 235
77 236
77 237
77 238
76 238
76 239
75 239
75 240
75 241
75 242
76 242
76 243
76 244
76 245
76 246
76 247
76 248
75 248
75 249
75 250
75 251
76 251
76 252
77 252
77 253
77 254
76 254
76 255
77 255
77 256
77 257
76 257
76 258
77 258
77 259
78 259
78 260
78 261
79 261
79 262
79 263
79 264
79 265
79 266
79 267
79 268
79 269
79 270
80 270
81 270
81 271
81 272
82 272
83 272
83 273
84 273
84 274
84 275
84 276
84 277
84 278
85 278
85 279
85 280
85 281
85 282
86 282
87 282
87 283
88 283
88 284
89 284
90 284
90 285
91 285
91 286
92 286
92 287
92 288
93 288
93 289
94 289
94 290
95 290
95 291
95 292
96 292
96 293
97 293
98 293
99 293
99 294
100 294
101 294
101 295
102 295
103 295
103 296
104 296
104 297
105 297
105 298
106 298
106 299
107 299
108 299
108 300
109 300
110 300
111 300
112 300
113 300
113 301
114 301
115 301
115 302
116 302
116 303
117 303
118 303
119 303
120 303
121 303
121 304
122 304
122 303
123 303
123 304
124 304
124 305
125 305
126 305
127 305
127 306
128 306
129 306
130 306
131 306
131 307
132 307
133 307
134 307
135 307
135 308
136 308
137 308
137 309
138 309
139 309
140 309
141 309
142 309
143 309
144 309
145 309
146 309
146 310
147 310
148 310
149 310
150 310
151 310
152 310
153 310
154 310
155 310
156 310
157 310
158 310
159 310
160 310
161 310
162 310
163 310
164 310
165 310
165 309
166 309
167 309
168 309
169 309
170 309
170 308
171 308
172 308
173 308
174 308
175 308
176 308
177 308
178 308
179 308
180 308
180 307
181 307
181 308
182 308
182 307
183 307
184 307
185 307
186 307
186 308
187 308
188 308
189 308
190 308
191 308
192 308
193 308
194 308
194 309
195 309
196 309
197 309
197 310
198 310
-2 -2
