199 131
199 132
199 133
199 134
198 134
197 134
197 135
196 135
195 135
195 136
194 136
193 136
192 136
191 136
191 137
190 137
189 137
188 137
188 138
187 138
186 138
185 138
185 139
184 139
183 139
182 139
182 140
181 140
180 140
180 141
179 141
178 141
177 141
177 142
176 142
175 142
175 143
174 143
174 142
173 142
173 143
172 143
171 143
170 143
169 143
168 143
167 143
167 144
166 144
165 144
164 144
164 145
163 145
162 145
161 145
160 145
159 145
158 145
158 146
157 146
156 146
155 146
154 146
154 147
153 147
152 147
151 147
150 147
149 147
149 148
148 148
147 148
146 148
145 148
145 149
144 149
144 148
143 148
143 149
142 149
141 149
140 149
139 149
138 149
138 150
137 150
136 150
135 150
134 150
133 150
132 150
131 150
131 151
130 151
129 151
128 151
127 151
126 151
125 151
125 152
124 152
123 152
122 152
121 152
120 152
119 152
118 152
117 152
117 153
116 153
115 153
114 153
113 153
112 153
112 154
111 154
110 154
109 154
109 153
108 153
108 154
107 154
106 154
105 154
104 154
104 155
103 155
102 155
101 155
100 155
99 155
99 156
98 156
97 156
96 156
95 156
95 157
94 157
93 157
92 157
91 157
90 157
89 157
89 158
88 158
88 157
87 157
86 157
85 157
85 158
84 158
83 158
82 158
81 158
80 158
79 158
78 158
78 159
77 159
76 159
76 160
75 160
74 160
74 159
73 159
73 160
72 160
71 160
70 160
69 160
68 160
68 161
67 161
66 161
65 161
64 161
63 161
63 162
62 162
61 162
60 162
60 163
59 163
59 164
58 164
57 164
57 165
56 165
55 165
55 166
54 166
53 166
53 167
52 167
51 167
51 168
51 169
50 169
49 169
49 170
48 170
48 171
47 171
47 172
46 172
46 173
45 173
45 174
45 175
44 175
44 176
43 176
43 177
42 177
42 178
42 179
42 180
41 180
41 181
41 182
41 183
40 183
40 184
40 185
40 186
40 187
40 188
40 189
40 190
40 191
40 192
41 192
41 193
41 194
41 195
41 196
41 197
42 197
42 198
42 199
42 200
43 200
43 201
44 201
44 202
44 203
44 204
44 205
44 206
44 207
45 207
45 208
45 209
45 210
44 210
44 211
44 212
44 213
44 214
44 215
43 215
43 216
43 217
43 218
42 218
42 219
41 219
40 219
40 220
40 221
39 221
39 222
38 222
38 223
37 223
36 223
36 224
35 224
34 224
34 225
33 225
32 225
31 225
30 225
29 225
28 225
27 225
27 224
26 224
26 223
25 223
24 223
24 222
23 222
22 222
22 221
21 221
20 221
20 220
20 219
19 219
19 218
18 218
18 217
18 216
17 216
17 215
16 215
16 214
15 214
14 214
14 213
13 213
13 212
12 212
11 212
11 211
11 210
11 209
12 209
12 208
11 208
11 207
11 206
10 206
10 205
10 204
10 203
11 203
11 202
11 201
10 201
9 201
9 200
9 199
9 198
10 198
10 197
9 197
9 196
9 195
9 194
10 194
10 193
11 193
11 192
10 192
9 192
9 191
9 190
9 189
10 189
10 188
10 187
9 187
9 186
9 185
9 184
10 184
10 183
10 182
10 181
9 181
8 181
8 180
8 179
9 179
9 178
9 177
9 176
8 176
8 175
8 174
8 173
9 173
10 173
10 172
9 172
9 171
9 170
8 170
8 169
8 168
8 167
9 167
10 167
10 166
9 166
9 165
8 165
8 164
8 163
8 162
9 162
9 161
9 160
8 160
8 159
8 158
8 157
9 157
10 157
10 156
10 155
9 155
9 154
9 153
9 152
10 152
10 151
9 151
9 150
9 149
9 148
8 148
8 147
8 146
8 145
9 145
10 145
10 144
9 144
9 143
9 142
9 141
10 141
10 140
10 139
10 138
10 137
11 137
11 136
10 136
10 135
10 134
11 134
11 133
11 132
11 131
11 130
12 130
12 129
12 128
13 128
13 127
13 126
13 125
13 124
13 123
14 123
14 122
14 121
15 121
16 121
17 121
17 120
17 119
18 119
18 118
19 118
19 117
19 116
20 116
20 115
21 115
22 115
23 115
23 114
24 114
24 113
25 113
25 112
26 112
26 111
27 111
28 111
29 111
30 111
31 111
32 111
32 112
33 112
34 112
35 112
36 112
37 112
38 112
39 112
40 112
40 113
41 113
41 114
42 114
43 114
44 114
44 115
45 115
46 115
47 115
48 115
48 116
49 116
50 116
51 116
52 116
53 116
54 116
55 116
56 116
56 117
57 117
58 117
58 118
59 118
60 118
60 119
61 119
62 119
63 119
63 120
64 120
65 120
65 121
66 121
67 121
67 120
66 120
66 119
65 119
65 118
64 118
64 117
63 117
62 117
62 116
61 116
60 116
59 116
59 115
59 114
58 114
58 113
58 112
57 112
57 111
57 110
56 110
56 109
55 109
55 108
54 108
53 108
52 108
52 107
52 106
51 106
50 106
50 105
50 104
50 103
50 102
49 102
48 102
48 101
48 100
47 100
47 99
46 99
46 98
45 98
45 97
45 96
45 95
45 94
45 93
44 93
44 92
44 91
44 90
44 89
44 88
44 87
44 86
43 86
43 85
42 85
42 84
41 84
41 83
41 82
41 81
40 81
40 80
40 79
40 78
40 77
41 77
41 76
41 75
41 74
41 73
41 72
41 71
40 71
40 70
40 69
40 68
40 67
40 66
40 65
40 64
40 63
40 62
40 61
40 60
40 59
40 58
40 57
40 56
41 56
41 55
41 54
40 54
40 53
40 52
40 51
40 50
40 49
41 49
41 48
41 47
41 46
41 45
41 44
41 43
41 42
41 41
41 40
41 39
42 39
42 38
41 38
41 37
41 36
41 35
41 34
41 33
41 32
41 31
41 30
42 30
42 29
42 28
42 27
42 26
42 25
41 25
41 24
41 23
42 23
42 22
42 21
42 20
42 19
42 18
42 17
42 16
42 15
43 15
43 14
43 13
43 12
43 11
43 10
43 9
43 8
43 7
43 6
43 5
43 4
43 3
43 2
44 2
44 1
45 1
45 0
46 0
46 359
46 358
46 357
47 357
47 356
47 355
48 355
48 354
48 353
49 353
49 352
49 351
50 351
50 350
51 350
51 349
51 348
52 348
53 348
53 347
53 346
53 345
54 345
54 344
55 344
55 343
55 342
56 342
57 342
57 341
58 341
58 340
59 340
59 339
60 339
61 339
61 338
61 337
62 337
62 336
62 335
62 334
63 334
64 334
64 333
65 333
66 333
66 332
67 332
68 332
68 331
68 330
69 330
70 330
70 329
71 329
71 328
72 328
72 327
72 326
73 326
73 325
74 325
75 325
75 324
76 324
76 323
77 323
77 322
78 322
78 321
79 321
80 321
80 320
81 320
81 319
82 319
82 318
83 318
83 317
84 317
85 317
85 316
86 316
87 316
87 315
88 315
89 315
89 314
90 314
91 314
91 313
92 313
92 312
93 312
94 312
94 311
95 311
96 311
96 310
97 310
98 310
98 309
99 309
100 309
100 308
101 308
102 308
102 307
103 307
103 306
104 306
105 306
106 306
106 305
107 305
108 305
108 304
109 304
109 303
110 303
111 303
111 302
112 302
112 301
112 300
113 300
113 299
113 298
112 298
112 297
111 297
111 296
110 296
110 295
109 295
109 294
108 294
108 293
107 293
107 292
107 291
106 291
106 290
105 290
105 289
105 288
104 288
103 288
103 287
102 287
101 287
100 287
100 286
99 286
99 285
98 285
98 284
98 283
97 283
97 282
96 282
95 282
94 282
93 282
93 283
93 284
94 284
94 285
94 286
93 286
93 287
93 288
93 289
93 290
92 290
92 291
91 291
91 292
91 293
91 294
91 295
91 296
91 297
90 297
90 298
90 299
90 300
89 300
89 301
89 302
88 302
87 302
87 303
86 303
86 304
85 304
85 305
84 305
83 305
83 306
82 306
81 306
81 307
80 307
79 307
79 308
78 308
77 308
77 309
76 309
75 309
74 309
74 310
73 310
72 310
71 310
71 311
70 311
69 311
68 311
67 311
66 311
65 311
64 311
63 311
62 311
61 311
60 311
59 311
59 310
58 310
57 310
56 310
55 310
54 310
53 310
52 310
51 310
51 309
51 308
50 308
50 307
49 307
49 306
49 305
48 305
48 304
47 304
47 303
46 303
46 302
45 302
45 301
45 300
44 300
44 299
43 299
43 298
42 298
42 297
42 296
42 295
41 295
41 294
41 293
41 292
40 292
40 291
40 290
40 289
40 288
39 288
39 287
39 286
39 285
39 284
40 284
40 283
39 283
39 282
39 281
39 280
39 279
39 278
40 278
40 277
40 276
40 275
40 274
40 273
40 272
40 271
40 270
40 269
41 269
41 268
41 267
42 267
42 266
43 266
43 265
43 264
43 263
44 263
44 262
44 261
45 261
45 260
45 259
46 259
46 258
47 258
48 258
48 257
49 257
49 256
50 256
50 255
50 254
51 254
52 254
52 253
53 253
54 253
54 252
55 252
55 251
56 251
57 251
58 251
58 250
59 250
59 249
60 249
61 249
61 250
62 250
63 250
64 250
65 250
66 250
67 250
68 250
69 250
70 250
70 249
71 249
72 249
73 249
73 250
74 250
74 249
75 249
76 249
76 250
77 250
78 250
79 250
79 251
80 251
81 251
82 251
83 251
84 251
84 252
85 252
86 252
87 252
87 253
88 253
89 253
90 253
90 254
91 254
91 255
92 255
93 255
93 256
94 256
95 256
96 256
97 256
97 257
98 257
99 257
100 257
101 257
101 258
102 258
103 258
103 259
104 259
104 260
105 260
106 260
107 260
108 260
108 261
109 261
110 261
111 261
111 262
112 262
112 263
113 263
114 263
114 264
115 264
116 264
116 265
117 265
118 265
118 266
119 266
120 266
121 266
121 267
122 267
122 268
123 268
123 269
124 269
124 270
125 270
126 270
127 270
127 271
128 271
128 272
129 272
129 273
130 273
131 273
131 274
132 274
132 275
132 276
132 277
133 277
133 278
134 278
134 279
135 279
136 279
136 280
137 280
137 281
138 281
139 281
139 282
139 283
140 283
140 284
140 285
141 285
141 286
141 287
141 288
141 289
141 290
141 291
142 291
142 292
142 293
142 294
142 295
142 296
142 297
142 298
142 299
141 299
141 300
141 301
140 301
140 302
140 303
140 304
139 304
139 305
139 306
139 307
139 308
139 309
138 309
138 310
138 311
138 312
138 313
137 313
137 314
137 315
137 316
136 316
136 317
136 318
136 319
135 319
135 320
135 321
135 322
134 322
134 323
134 324
133 324
133 325
133 326
133 327
132 327
132 328
131 328
130 328
130 329
129 329
129 330
129 331
128 331
128 332
127 332
127 333
126 333
126 334
125 334
125 335
124 335
124 336
123 336
122 336
122 337
121 337
121 338
120 338
120 339
119 339
118 339
118 340
118 341
117 341
117 342
116 342
116 343
116 344
115 344
115 345
114 345
113 345
113 346
113 347
112 347
111 347
110 347
110 348
109 348
109 349
108 349
107 349
107 350
107 351
107 352
107 353
106 353
105 353
104 353
104 354
103 354
103 355
103 356
102 356
102 357
102 358
101 358
101 359
100 359
100 0
99 0
98 0
98 1
98 2
97 2
97 3
96 3
96 4
96 5
95 5
94 5
94 6
93 6
93 7
93 8
93 9
93 10
92 10
91 10
91 11
90 11
90 12
90 13
90 14
90 15
89 15
89 16
88 16
88 17
87 17
87 18
87 19
87 20
87 21
86 21
86 22
86 23
85 23
85 24
85 25
85 26
84 26
84 27
84 28
83 28
83 29
83 30
83 31
82 31
82 32
82 33
81 33
81 34
81 35
81 36
81 37
80 37
80 38
80 39
80 40
80 41
79 41
79 42
79 43
79 44
78 44
78 45
78 46
78 47
78 48
78 49
78 50
78 51
78 52
78 53
77 53
77 54
77 55
78 55
78 56
78 57
78 58
77 58
77 59
76 59
76 60
76 61
76 62
77 62
77 63
77 64
77 65
77 66
77 67
77 68
76 68
76 69
76 70
76 71
77 71
77 72
77 73
77 74
77 75
77 76
77 77
77 78
78 78
78 79
78 80
78 81
79 81
80 81
80 82
80 83
80 84
80 85
80 86
80 87
80 88
80 89
80 90
81 90
82 90
82 91
83 91
83 92
84 92
84 93
85 93
85 94
85 95
85 96
85 97
85 98
86 98
86 99
86 100
86 101
86 102
87 102
88 102
88 103
89 103
90 103
90 104
91 104
92 104
92 105
92 106
93 106
93 107
93 108
94 108
94 109
94 110
95 110
95 111
96 111
97 111
97 112
98 112
98 113
99 113
100 113
100 114
101 114
102 114
103 114
103 115
104 115
104 116
105 116
105 117
106 117
106 118
107 118
107 119
108 119
109 119
109 120
110 120
111 120
112 120
113 120
114 120
115 120
115 121
116 121
116 122
117 122
118 122
118 123
119 123
120 123
121 123
122 123
123 123
124 123
124 124
125 124
125 125
126 125
127 125
128 125
128 126
129 126
130 126
131 126
132 126
132 127
133 127
134 127
135 127
136 127
137 127
137 128
138 128
139 128
140 128
141 128
141 129
142 129
143 129
143 128
144 128
144 129
145 129
146 129
147 129
147 130
148 130
149 130
150 130
151 130
152 130
153 130
154 130
155 130
156 130
157 130
158 130
159 130
160 130
161 130
162 130
163 130
164 130
165 130
165 129
166 129
167 129
168 129
169 129
170 129
170 128
171 128
172 128
173 128
174 128
175 128
176 128
177 128
178 128
179 128
179 127
180 127
181 127
182 127
183 127
184 127
185 127
186 127
187 127
188 127
189 127
190 127
190 128
191 128
192 128
193 128
194 128
195 128
195 129
196 129
197 129
198 129
198 130
198 131
199 131
-2 -2
