114 236
114 237
114 238
113 238
113 239
113 240
112 240
112 241
112 242
112 243
111 243
111 244
110 244
110 245
109 245
109 246
108 246
108 247
107 247
107 248
106 248
105 248
105 249
104 249
103 249
103 250
103 251
102 251
101 251
100 251
100 252
99 252
98 252
97 252
96 252
95 252
95 253
94 253
93 253
92 253
91 253
90 253
89 253
89 254
88 254
87 254
86 254
85 254
84 254
84 253
83 253
82 253
81 253
80 253
79 253
79 252
78 252
77 252
76 252
75 252
75 251
74 251
73 251
72 251
72 250
71 250
70 250
69 250
68 250
68 249
67 249
66 249
65 249
64 249
63 249
63 248
62 248
61 248
60 248
60 247
60 246
59 246
58 246
58 245
57 245
56 245
56 244
55 244
54 244
54 243
53 243
52 243
52 242
51 242
50 242
50 243
50 244
50 245
50 246
50 247
50 248
50 249
50 250
51 250
51 251
51 252
52 252
52 253
52 254
51 254
51 255
52 255
52 256
52 257
52 258
52 259
53 259
53 260
54 260
54 261
54 262
55 262
55 263
55 264
56 264
56 265
57 265
57 266
57 267
58 267
58 268
59 268
59 269
59 270
60 270
60 271
61 271
61 272
61 273
62 273
62 274
63 274
63 275
64 275
64 276
64 277
65 277
65 278
65 279
66 279
67 279
67 280
68 280
68 281
69 281
69 282
69 283
70 283
71 283
71 284
71 285
71 286
72 286
73 286
73 287
74 287
74 288
75 288
75 289
76 289
76 290
77 290
78 290
78 291
78 292
79 292
79 293
80 293
81 293
81 294
81 295
82 295
82 296
83 296
83 297
83 298
84 298
84 299
85 299
85 300
86 300
86 301
87 301
87 302
88 302
88 303
89 303
89 304
90 304
90 305
91 305
91 306
92 306
92 307
93 307
93 308
94 308
95 308
95 309
96 309
96 310
96 311
97 311
98 311
98 312
99 312
99 313
100 313
100 314
100 315
100 316
101 316
102 316
102 317
103 317
103 318
104 318
105 318
105 319
105 320
106 320
106 321
107 321
107 322
108 322
108 323
108 324
109 324
109 325
109 326
110 326
110 327
110 328
110 329
111 329
111 330
111 331
111 332
111 333
111 334
111 335
111 336
111 337
111 338
111 339
112 339
112 340
111 340
111 341
111 342
111 343
110 343
110 344
110 345
110 346
110 347
110 348
110 349
110 350
109 350
109 351
109 352
109 353
108 353
108 354
108 355
108 356
108 357
108 358
107 358
107 359
106 359
106 0
106 1
106 2
105 2
105 3
105 4
104 4
103 4
103 5
102 5
102 6
101 6
101 7
100 7
100 8
99 8
99 9
98 9
98 10
97 10
97 11
96 11
95 11
94 11
94 12
94 13
93 13
93 14
92 14
91 14
91 15
90 15
90 16
89 16
89 17
88 17
88 18
87 18
86 18
86 19
85 19
84 19
83 19
82 19
82 20
81 20
80 20
79 20
78 20
78 21
77 21
76 21
75 21
75 22
74 22
73 22
72 22
72 23
71 23
70 23
70 22
69 22
69 23
68 23
67 23
66 23
65 23
64 23
63 23
63 22
62 22
61 22
60 22
59 22
58 22
58 21
57 21
56 21
55 21
55 20
55 19
54 19
53 19
52 19
51 19
51 18
50 18
50 17
49 17
48 17
48 16
48 15
48 14
47 14
46 14
46 13
46 12
45 12
45 11
44 11
44 10
43 10
43 9
43 8
42 8
42 7
42 6
42 5
42 4
42 3
41 3
41 2
41 1
41 0
41 359
40 359
40 358
40 357
40 356
40 355
40 354
40 353
40 352
40 351
40 350
40 349
41 349
41 348
41 347
42 347
42 346
42 345
43 345
43 344
43 343
43 342
44 342
44 341
45 341
45 340
46 340
46 339
47 339
48 339
49 339
49 338
49 337
50 337
51 337
51 336
51 335
52 335
53 335
54 335
54 334
55 334
56 334
56 333
57 333
58 333
59 333
60 333
61 333
62 333
63 333
64 333
65 333
66 333
67 333
68 333
69 333
70 333
70 334
71 334
72 334
72 335
73 335
73 336
74 336
75 336
75 337
76 337
77 337
77 338
77 339
78 339
78 340
79 340
79 341
80 341
81 341
81 342
81 343
81 344
82 344
82 343
83 343
83 342
84 342
84 341
84 340
85 340
85 339
85 338
85 337
85 336
85 335
85 334
84 334
84 333
83 333
83 332
83 331
83 330
82 330
82 329
81 329
81 328
80 328
80 327
80 326
79 326
79 325
78 325
78 324
78 323
77 323
76 323
76 322
75 322
75 321
74 321
73 321
73 320
72 320
72 319
71 319
71 318
70 318
70 317
69 317
69 316
68 316
68 315
68 314
67 314
67 313
66 313
65 313
65 314
64 314
63 314
63 315
62 315
61 315
60 315
59 315
59 316
58 316
58 317
57 317
57 318
56 318
56 319
55 319
54 319
54 320
53 320
53 321
52 321
52 322
52 323
51 323
51 324
50 324
50 325
50 326
49 326
49 327
48 327
48 328
48 329
47 329
47 330
47 331
46 331
46 332
45 332
45 333
44 333
44 334
43 334
43 335
43 336
42 336
41 336
41 337
40 337
40 338
39 338
39 339
38 339
38 340
37 340
37 341
37 342
36 342
35 342
35 343
34 343
33 343
33 344
33 345
32 345
32 346
31 346
31 347
30 347
29 347
28 347
27 347
27 348
27 349
26 349
26 350
25 350
25 351
25 352
24 352
24 353
24 354
23 354
22 354
21 354
20 354
20 355
19 355
18 355
17 355
16 355
15 355
15 354
14 354
13 354
13 353
12 353
11 353
11 352
10 352
10 351
9 351
9 350
8 350
8 349
7 349
7 348
7 347
6 347
6 346
5 346
5 345
5 344
5 343
4 343
4 342
4 341
4 340
3 340
3 339
3 338
3 337
3 336
3 335
2 335
2 334
2 333
2 332
3 332
3 331
3 330
2 330
2 329
2 328
1 328
1 327
1 326
1 325
2 325
2 324
2 323
2 322
2 321
2 320
2 319
1 319
1 318
1 317
1 316
0 316
0 315
0 314
1 314
1 313
1 312
1 311
1 310
1 309
1 308
1 307
1 306
1 305
1 304
1 303
1 302
1 301
1 300
1 299
1 298
0 298
0 297
0 296
0 295
1 295
1 294
1 293
1 292
1 291
1 290
1 289
1 288
1 287
1 286
1 285
1 284
1 283
1 282
1 281
1 280
1 279
1 278
1 277
1 276
1 275
1 274
1 273
1 272
1 271
0 271
0 270
0 269
1 269
1 268
1 267
1 266
1 265
1 264
1 263
1 262
1 261
1 260
1 259
1 258
1 257
1 256
1 255
1 254
1 253
1 252
1 251
1 250
1 249
1 248
1 247
1 246
1 245
0 245
0 244
0 243
0 242
1 242
1 241
1 240
0 240
0 239
0 238
0 237
0 236
0 235
0 234
0 233
0 232
0 231
0 230
0 229
0 228
0 227
0 226
0 225
0 224
0 223
0 222
0 221
0 220
0 219
0 218
0 217
0 216
0 215
0 214
0 213
0 212
0 211
0 210
1 210
1 209
1 208
0 208
0 207
0 206
0 205
1 205
1 204
1 203
1 202
1 201
1 200
1 199
1 198
1 197
1 196
1 195
1 194
1 193
1 192
1 191
1 190
1 189
1 188
1 187
1 186
1 185
1 184
1 183
1 182
1 181
0 181
0 180
0 179
1 179
1 178
1 177
1 176
1 175
1 174
1 173
1 172
1 171
1 170
1 169
1 168
1 167
1 166
1 165
1 164
1 163
1 162
1 161
1 160
1 159
1 158
1 157
1 156
1 155
0 155
0 154
0 153
0 152
1 152
1 151
1 150
1 149
1 148
1 147
1 146
1 145
1 144
1 143
1 142
1 141
1 140
1 139
1 138
1 137
1 136
0 136
0 135
0 134
1 134
1 133
1 132
1 131
2 131
2 130
2 129
2 128
2 127
2 126
2 125
1 125
1 124
1 123
1 122
2 122
2 121
2 120
3 120
3 119
3 118
2 118
2 117
2 116
2 115
3 115
3 114
3 113
3 112
3 111
3 110
4 110
4 109
4 108
4 107
5 107
5 106
5 105
5 104
6 104
6 103
7 103
7 102
7 101
8 101
8 100
9 100
9 99
10 99
10 98
11 98
11 97
12 97
13 97
13 96
14 96
15 96
15 95
16 95
17 95
18 95
18 94
19 94
20 94
21 94
21 95
21 96
22 96
23 96
24 96
24 97
24 98
25 98
25 99
25 100
26 100
26 101
27 101
27 102
27 103
28 103
29 103
30 103
31 103
31 104
32 104
32 105
33 105
33 106
33 107
34 107
35 107
35 108
36 108
37 108
37 109
37 110
38 110
38 111
39 111
39 112
40 112
40 113
41 113
41 114
42 114
43 114
43 115
43 116
44 116
44 117
45 117
45 118
46 118
46 119
47 119
47 120
47 121
48 121
48 122
48 123
49 123
49 124
50 124
50 125
50 126
51 126
51 127
52 127
52 128
52 129
53 129
53 130
54 130
54 131
55 131
56 131
56 132
57 132
57 133
58 133
58 134
59 134
59 135
60 135
61 135
61 136
62 136
63 136
64 136
65 136
65 137
66 137
67 137
67 136
68 136
68 135
68 134
69 134
69 133
70 133
70 132
71 132
72 132
72 131
73 131
73 130
73 129
74 129
75 129
75 128
76 128
76 127
77 127
78 127
78 126
78 125
79 125
79 124
80 124
80 123
80 122
81 122
81 121
82 121
82 120
83 120
83 119
83 118
84 118
84 117
84 116
85 116
85 115
85 114
85 113
85 112
85 111
85 110
84 110
84 109
84 108
83 108
83 107
82 107
82 106
81 106
81 107
81 108
81 109
80 109
79 109
79 110
78 110
78 111
77 111
77 112
77 113
76 113
75 113
75 114
74 114
73 114
73 115
72 115
72 116
71 116
70 116
70 117
69 117
68 117
67 117
66 117
65 117
64 117
63 117
62 117
61 117
60 117
59 117
58 117
57 117
56 117
56 116
55 116
54 116
54 115
53 115
52 115
51 115
51 114
51 113
50 113
49 113
49 112
49 111
48 111
47 111
46 111
46 110
45 110
45 109
44 109
44 108
43 108
43 107
43 106
43 105
42 105
42 104
42 103
41 103
41 102
41 101
40 101
40 100
40 99
40 98
40 97
40 96
40 95
40 94
40 93
41 93
41 92
41 91
41 90
41 89
41 88
41 87
41 86
42 86
42 85
42 84
42 83
42 82
43 82
43 81
43 80
44 80
44 79
44 78
45 78
45 77
46 77
46 76
47 76
47 75
47 74
48 74
49 74
49 73
50 73
50 72
51 72
51 71
52 71
52 70
53 70
54 70
55 70
55 69
56 69
57 69
58 69
58 68
59 68
60 68
61 68
62 68
63 68
63 67
64 67
65 67
66 67
67 67
68 67
69 67
70 67
71 67
72 67
72 68
73 68
74 68
75 68
75 69
76 69
77 69
78 69
78 70
79 70
80 70
81 70
82 70
82 71
83 71
84 71
85 71
86 71
86 72
87 72
88 72
88 73
89 73
90 73
90 74
90 75
91 75
91 76
92 76
93 76
93 77
94 77
94 78
95 78
95 79
96 79
97 79
97 80
98 80
98 81
99 81
99 82
100 82
100 83
101 83
101 84
102 84
102 85
103 85
103 86
104 86
105 86
105 87
105 88
106 88
106 89
106 90
106 91
107 91
107 92
108 92
108 93
108 94
108 95
108 96
108 97
109 97
109 98
109 99
109 100
110 100
110 101
110 102
110 103
110 104
110 105
110 106
110 107
111 107
111 108
111 109
111 110
112 110
112 111
111 111
111 112
111 113
111 114
111 115
111 116
111 117
111 118
111 119
111 120
111 121
110 121
110 122
110 123
110 124
109 124
109 125
109 126
108 126
108 127
108 128
107 128
107 129
106 129
106 130
105 130
105 131
104 131
104 132
103 132
103 133
102 133
102 134
101 134
100 134
100 135
100 136
100 137
99 137
99 138
98 138
98 139
97 139
97 140
96 140
96 141
95 141
95 142
94 142
93 142
93 143
92 143
92 144
91 144
91 145
90 145
90 146
89 146
89 147
88 147
88 148
87 148
87 149
86 149
86 150
85 150
85 151
84 151
84 152
83 152
83 153
83 154
82 154
82 155
81 155
81 156
81 157
80 157
80 158
79 158
78 158
78 159
78 160
77 160
76 160
76 161
75 161
75 162
74 162
74 163
73 163
73 164
72 164
71 164
71 165
71 166
71 167
70 167
69 167
69 168
69 169
68 169
68 170
67 170
67 171
66 171
65 171
65 172
65 173
64 173
64 174
64 175
63 175
63 176
62 176
62 177
61 177
61 178
61 179
60 179
60 180
59 180
59 181
59 182
58 182
58 183
57 183
57 184
57 185
56 185
56 186
55 186
55 187
55 188
54 188
54 189
54 190
53 190
53 191
52 191
52 192
52 193
52 194
52 195
52 196
52 197
52 198
51 198
51 199
51 200
50 200
50 201
50 202
50 203
50 204
50 205
50 206
50 207
50 208
51 208
52 208
52 207
53 207
54 207
54 206
55 206
56 206
56 205
57 205
58 205
58 204
58 203
59 203
60 203
60 202
61 202
62 202
63 202
63 201
64 201
65 201
65 200
66 200
67 200
68 200
69 200
70 200
71 200
72 200
72 199
73 199
74 199
75 199
75 198
76 198
77 198
78 198
79 198
79 197
80 197
81 197
82 197
83 197
84 197
84 196
85 196
86 196
87 196
88 196
89 196
89 197
90 197
91 197
92 197
93 197
94 197
95 197
95 198
96 198
97 198
98 198
99 198
100 198
101 198
101 199
102 199
102 200
103 200
103 201
104 201
105 201
105 202
106 202
107 202
107 203
108 203
108 204
109 204
110 204
110 205
111 205
111 206
111 207
112 207
112 208
112 209
112 210
113 210
113 211
113 212
113 213
113 214
113 215
113 216
113 217
113 218
112 218
112 219
111 219
111 220
110 220
110 221
109 221
109 222
109 223
108 223
107 223
107 224
106 224
105 224
105 225
105 226
106 226
107 226
107 227
108 227
109 227
109 228
109 229
110 229
110 230
111 230
111 231
112 231
112 232
112 233
113 233
113 234
113 235
113 236
114 236
-2 -2
