37 113
37 114
37 115
37 116
37 117
37 118
37 119
36 119
36 120
35 120
35 121
35 122
35 123
35 124
35 125
35 126
35 127
35 128
35 129
35 130
35 131
35 132
35 133
34 133
34 134
34 135
34 136
34 137
34 138
34 139
34 140
34 141
34 142
34 143
34 144
34 145
34 146
34 147
34 148
34 149
33 149
33 150
33 151
33 152
32 152
32 153
32 154
32 155
32 156
32 157
32 158
32 159
32 160
31 160
31 161
31 162
31 163
31 164
31 165
31 166
30 166
30 167
30 168
30 169
30 170
30 171
30 172
30 173
30 174
30 175
30 176
30 177
30 178
30 179
30 180
30 181
30 182
30 183
30 184
30 185
30 186
30 187
30 188
30 189
30 190
30 191
30 192
30 193
30 194
31 194
31 195
31 196
31 197
31 198
31 199
31 200
32 200
32 201
32 202
32 203
32 204
31 204
31 205
32 205
32 206
32 207
32 208
33 208
33 209
33 210
33 211
33 212
33 213
33 214
33 215
33 216
33 217
33 218
33 219
33 220
33 221
33 222
34 222
34 223
34 224
34 225
34 226
34 227
34 228
35 228
35 229
35 230
35 231
35 232
35 233
35 234
35 235
35 236
34 236
34 237
35 237
35 238
35 239
35 240
36 240
36 241
36 242
36 243
36 244
36 245
36 246
35 246
35 247
35 248
35 249
35 250
35 251
35 252
35 253
35 254
35 255
35 256
34 256
34 257
35 257
35 258
35 259
35 260
35 261
35 262
35 263
35 264
35 265
35 266
35 267
35 268
35 269
35 270
34 270
34 271
34 272
34 273
34 274
34 275
34 276
34 277
34 278
34 279
34 280
33 280
33 281
33 282
33 283
33 284
34 284
34 285
34 286
34 287
33 287
33 288
33 289
33 290
33 291
33 292
33 293
32 293
32 294
32 295
32 296
32 297
32 298
32 299
32 300
32 301
32 302
32 303
32 304
32 305
31 305
31 306
31 307
31 308
32 308
32 309
32 310
32 311
32 312
32 313
32 314
32 315
32 316
32 317
32 318
32 319
32 320
32 321
32 322
32 323
32 324
32 325
32 326
32 327
32 328
32 329
33 329
33 330
33 331
33 332
32 332
32 333
32 334
32 335
32 336
32 337
32 338
32 339
32 340
32 341
32 342
33 342
33 343
33 344
33 345
33 346
33 347
33 348
33 349
33 350
33 351
33 352
33 353
33 354
33 355
33 356
33 357
34 357
34 358
34 359
34 0
33 0
33 1
33 2
33 3
33 4
33 5
33 6
33 7
33 8
33 9
33 10
33 11
33 12
33 13
33 14
34 14
34 15
34 16
34 17
33 17
33 18
33 19
33 20
33 21
33 22
33 23
33 24
33 25
33 26
33 27
33 28
33 29
33 30
33 31
33 32
33 33
33 34
33 35
33 36
33 37
33 38
33 39
33 40
32 40
32 41
32 42
32 43
32 44
33 44
33 45
33 46
32 46
32 47
32 48
32 49
32 50
32 51
32 52
33 52
33 53
33 54
33 55
33 56
33 57
33 58
33 59
33 60
33 61
33 62
33 63
33 64
33 65
33 66
33 67
34 67
34 68
34 69
34 70
34 71
34 72
34 73
35 73
35 74
35 75
35 76
34 76
34 77
34 78
34 79
34 80
35 80
35 81
35 82
35 83
35 84
35 85
35 86
35 87
35 88
35 89
35 90
36 90
36 91
36 92
36 93
36 94
36 95
36 96
36 97
36 98
36 99
36 100
36 101
36 102
36 103
36 104
36 105
36 106
36 107
36 108
36 109
36 110
36 111
36 112
36 113
37 113
-2 -2
