42 70
42 71
42 72
42 73
41 73
41 74
41 75
41 76
41 77
41 78
40 78
40 79
40 80
40 81
40 82
40 83
40 84
40 85
40 86
40 87
40 88
40 89
40 90
40 91
40 92
40 93
40 94
40 95
40 96
40 97
40 98
40 99
40 100
40 101
40 102
41 102
41 103
41 104
41 105
41 106
41 107
41 108
41 109
41 110
40 110
40 111
40 112
39 112
39 113
39 114
39 115
39 116
39 117
39 118
39 119
39 120
39 121
39 122
39 123
38 123
38 124
38 125
38 126
38 127
38 128
38 129
38 130
38 131
38 132
38 133
37 133
37 134
37 135
38 135
38 136
38 137
38 138
38 139
38 140
38 141
38 142
38 143
38 144
38 145
39 145
39 146
39 147
39 148
38 148
38 149
39 149
39 150
39 151
39 152
39 153
39 154
39 155
39 156
39 157
39 158
40 158
40 159
40 160
40 161
40 162
40 163
40 164
40 165
40 166
40 167
40 168
39 168
39 169
39 170
39 171
39 172
39 173
39 174
39 175
39 176
39 177
39 178
39 179
39 180
39 181
39 182
39 183
39 184
39 185
39 186
39 187
39 188
39 189
39 190
39 191
39 192
40 192
40 193
40 194
40 195
40 196
40 197
40 198
40 199
40 200
40 201
39 201
39 202
39 203
39 204
39 205
39 206
39 207
39 208
39 209
39 210
39 211
40 211
40 212
40 213
40 214
39 214
39 215
39 216
39 217
39 218
39 219
39 220
39 221
39 222
39 223
39 224
39 225
39 226
39 227
39 228
39 229
39 230
39 231
39 232
39 233
39 234
39 235
39 236
38 236
38 237
38 238
38 239
38 240
38 241
38 242
38 243
38 244
38 245
39 245
39 246
39 247
39 248
38 248
38 249
38 250
38 251
37 251
37 252
38 252
38 253
38 254
38 255
38 256
38 257
37 257
37 258
37 259
37 260
37 261
37 262
37 263
37 264
37 265
37 266
37 267
37 268
37 269
37 270
37 271
37 272
37 273
38 273
38 274
38 275
38 276
38 277
38 278
38 279
38 280
38 281
38 282
38 283
39 283
39 284
39 285
38 285
38 286
38 287
38 288
39 288
39 289
39 290
39 291
39 292
39 293
39 294
39 295
39 296
39 297
39 298
39 299
39 300
39 301
39 302
39 303
39 304
39 305
39 306
39 307
38 307
38 308
38 309
38 310
37 310
37 311
37 312
37 313
37 314
37 315
38 315
38 316
38 317
38 318
37 318
37 319
37 320
38 320
38 321
38 322
38 323
39 323
39 324
39 325
39 326
39 327
39 328
39 329
39 330
39 331
39 332
39 333
39 334
39 335
40 335
40 336
40 337
40 338
40 339
40 340
40 341
40 342
39 342
39 343
39 344
39 345
39 346
39 347
38 347
38 348
39 348
39 349
39 350
39 351
39 352
39 353
39 354
39 355
39 356
39 357
39 358
38 358
38 359
38 0
38 1
38 2
38 3
38 4
38 5
38 6
38 7
38 8
38 9
38 10
38 11
38 12
38 13
39 13
39 14
39 15
39 16
39 17
39 18
40 18
40 19
40 20
40 21
40 22
40 23
40 24
40 25
39 25
39 26
40 26
40 27
40 28
40 29
39 29
39 30
39 31
40 31
40 32
40 33
40 34
40 35
40 36
40 37
40 38
40 39
40 40
40 41
40 42
40 43
40 44
40 45
40 46
40 47
41 47
41 48
41 49
41 50
40 50
40 51
40 52
40 53
40 54
41 54
41 55
41 56
41 57
41 58
41 59
40 59
40 60
40 61
40 62
41 62
41 63
41 64
41 65
41 66
41 67
41 68
41 69
41 70
42 70
-2 -2
