152 80
152 81
152 82
152 83
152 84
151 84
151 85
151 86
151 87
151 88
151 89
151 90
151 91
151 92
150 92
150 93
149 93
148 93
148 94
147 94
147 95
146 95
146 96
145 96
145 97
144 97
144 98
143 98
143 99
142 99
141 99
141 100
140 100
140 101
139 101
139 102
138 102
137 102
137 103
136 103
136 104
135 104
135 105
134 105
133 105
133 106
133 107
132 107
131 107
130 107
130 108
129 108
129 109
129 110
128 110
127 110
127 111
126 111
126 112
125 112
125 113
124 113
123 113
122 113
121 113
120 113
120 114
119 114
118 114
117 114
116 114
115 114
114 114
113 114
112 114
111 114
110 114
110 113
109 113
109 112
108 112
107 112
107 111
106 111
105 111
104 111
104 110
103 110
102 110
102 109
101 109
100 109
99 109
99 108
98 108
97 108
97 107
96 107
95 107
95 106
94 106
93 106
93 105
92 105
91 105
90 105
89 105
89 104
88 104
87 104
86 104
85 104
85 103
84 103
84 104
83 104
82 104
81 104
80 104
79 104
78 104
78 103
77 103
76 103
75 103
74 103
73 103
72 103
71 103
70 103
69 103
68 103
67 103
66 103
66 104
65 104
64 104
63 104
62 104
62 105
61 105
60 105
59 105
59 104
58 104
57 104
57 105
56 105
55 105
54 105
54 104
53 104
52 104
51 104
50 104
49 104
48 104
47 104
46 104
45 104
44 104
43 104
42 104
41 104
40 104
40 105
39 105
38 105
38 106
37 106
36 106
35 106
35 107
34 107
33 107
33 108
32 108
31 108
31 109
30 109
29 109
29 110
28 110
28 111
27 111
26 111
26 112
25 112
25 113
24 113
24 114
23 114
23 115
22 115
22 116
22 117
21 117
21 118
20 118
20 119
19 119
19 120
19 121
18 121
18 122
19 122
19 123
19 124
19 125
18 125
18 126
18 127
18 128
18 129
18 130
18 131
18 132
17 132
17 133
17 134
17 135
17 136
17 137
17 138
17 139
16 139
16 140
16 141
17 141
17 142
17 143
17 144
16 144
16 145
16 146
16 147
16 148
16 149
16 150
15 150
15 151
15 152
16 152
16 153
16 154
16 155
16 156
16 157
16 158
15 158
14 158
14 159
15 159
15 160
15 161
15 162
14 162
14 163
15 163
15 164
15 165
15 166
15 167
16 167
16 168
16 169
16 170
15 170
15 171
16 171
16 172
16 173
16 174
15 174
15 175
16 175
17 175
17 176
17 177
17 178
16 178
16 179
17 179
17 180
17 181
17 182
18 182
19 182
19 183
19 184
19 185
19 186
19 187
19 188
19 189
19 190
19 191
19 192
19 193
20 193
20 194
20 195
20 196
20 197
20 198
21 198
22 198
22 199
23 199
23 200
23 201
24 201
24 202
25 202
26 202
26 203
26 204
27 204
28 204
28 205
29 205
30 205
30 206
31 206
31 207
32 207
32 208
33 208
34 208
35 208
35 209
36 209
37 209
38 209
38 210
39 210
40 210
41 210
42 210
43 210
44 210
45 210
46 210
46 211
47 211
47 210
48 210
49 210
50 210
51 210
52 210
53 210
53 211
54 211
55 211
56 211
57 211
58 211
59 211
60 211
61 211
62 211
62 212
63 212
63 211
64 211
64 212
65 212
65 211
66 211
67 211
68 211
69 211
70 211
70 212
71 212
72 212
73 212
74 212
74 211
75 211
76 211
77 211
77 212
78 212
79 212
80 212
80 211
81 211
81 212
82 212
82 211
83 211
84 211
85 211
86 211
86 210
87 210
88 210
89 210
89 209
90 209
90 210
91 210
91 209
92 209
93 209
93 208
94 208
95 208
96 208
96 207
97 207
98 207
99 207
99 206
100 206
101 206
101 205
102 205
103 205
104 205
104 204
105 204
106 204
106 203
107 203
108 203
108 202
109 202
110 202
110 201
111 201
112 201
113 201
113 200
114 200
114 201
115 201
116 201
117 201
118 201
119 201
120 201
121 201
122 201
122 202
123 202
124 202
124 203
125 203
126 203
127 203
128 203
128 204
129 204
129 205
130 205
130 206
131 206
131 207
132 207
132 208
133 208
133 209
134 209
135 209
135 210
136 210
136 211
137 211
137 212
138 212
138 213
139 213
139 214
140 214
140 215
141 215
141 216
142 216
142 217
143 217
143 218
144 218
145 218
145 219
146 219
146 220
147 220
147 221
148 221
148 222
148 223
149 223
150 223
150 224
150 225
150 226
151 226
151 227
151 228
151 229
151 230
151 231
152 231
152 232
152 233
151 233
151 234
151 235
151 236
151 237
150 237
150 238
149 238
149 239
149 240
148 240
148 241
148 242
147 242
147 243
147 244
146 244
145 244
145 245
144 245
144 246
143 246
143 247
142 247
142 248
141 248
141 249
140 249
140 250
139 250
139 251
138 251
138 252
137 252
136 252
136 253
135 253
134 253
134 254
133 254
133 255
132 255
131 255
131 256
130 256
130 257
129 257
129 258
128 258
128 259
128 260
127 260
126 260
126 261
125 261
125 262
124 262
124 263
123 263
122 263
122 264
121 264
121 265
121 266
120 266
120 267
119 267
119 268
118 268
118 269
117 269
117 270
116 270
115 270
114 270
114 271
114 272
113 272
112 272
112 273
111 273
110 273
110 274
109 274
108 274
108 275
107 275
107 276
106 276
105 276
105 277
104 277
103 277
103 278
102 278
101 278
101 279
101 280
100 280
99 280
98 280
98 281
97 281
97 282
96 282
96 283
95 283
94 283
93 283
93 284
92 284
91 284
90 284
90 285
90 286
89 286
88 286
87 286
87 287
86 287
85 287
85 288
84 288
83 288
82 288
82 289
82 290
81 290
80 290
80 291
80 292
80 293
81 293
82 293
82 294
82 295
83 295
83 296
84 296
84 297
84 298
85 298
86 298
86 299
87 299
87 300
88 300
88 301
89 301
89 302
90 302
90 303
91 303
91 304
92 304
92 305
92 306
93 306
93 307
94 307
95 307
95 308
96 308
96 309
97 309
97 310
98 310
99 310
99 311
99 312
100 312
100 313
100 314
100 315
101 315
102 315
102 316
102 317
103 317
103 318
103 319
104 319
104 320
104 321
105 321
105 322
106 322
106 323
107 323
107 324
107 325
107 326
108 326
108 327
108 328
108 329
109 329
109 330
109 331
109 332
109 333
110 333
110 334
110 335
109 335
109 336
109 337
109 338
110 338
110 339
110 340
110 341
109 341
109 342
109 343
109 344
109 345
108 345
108 346
108 347
108 348
108 349
107 349
107 350
107 351
106 351
106 352
106 353
105 353
105 354
105 355
104 355
104 356
104 357
104 358
104 359
103 359
103 0
102 0
101 0
101 1
101 2
100 2
100 3
99 3
99 4
99 5
98 5
98 6
97 6
96 6
96 7
95 7
95 8
95 9
95 10
94 10
93 10
92 10
92 11
92 12
92 13
91 13
90 13
90 14
89 14
89 15
88 15
88 16
87 16
87 17
86 17
85 17
85 18
85 19
84 19
84 20
83 20
83 21
83 22
82 22
81 22
80 22
80 23
79 23
78 23
78 24
79 24
80 24
80 25
81 25
82 25
82 26
83 26
84 26
85 26
85 27
86 27
86 28
87 28
88 28
88 29
88 30
89 30
90 30
90 31
91 31
92 31
93 31
94 31
94 32
95 32
95 33
96 33
97 33
97 34
98 34
98 35
99 35
100 35
100 36
101 36
101 37
102 37
102 38
103 38
104 38
105 38
105 39
106 39
107 39
107 40
108 40
108 41
109 41
110 41
110 42
110 43
111 43
112 43
112 44
113 44
114 44
114 45
115 45
116 45
116 46
117 46
117 47
118 47
119 47
119 48
120 48
121 48
121 49
121 50
122 50
122 51
123 51
123 52
124 52
125 52
125 53
126 53
126 54
126 55
127 55
128 55
128 56
129 56
129 57
130 57
130 58
131 58
131 59
132 59
132 60
133 60
134 60
134 61
134 62
135 62
136 62
136 63
137 63
138 63
138 64
139 64
139 65
140 65
140 66
141 66
142 66
142 67
143 67
143 68
144 68
144 69
145 69
145 70
145 71
146 71
147 71
147 72
147 73
148 73
148 74
148 75
149 75
150 75
150 76
150 77
150 78
150 79
151 79
151 80
152 80
-2 -2
