41 22
41 23
41 24
41 25
41 26
41 27
41 28
40 28
40 29
40 30
40 31
40 32
40 33
40 34
39 34
39 35
39 36
39 37
39 38
39 39
39 40
38 40
38 41
39 41
39 42
39 43
39 44
39 45
39 46
39 47
39 48
39 49
38 49
38 50
39 50
39 51
39 52
39 53
39 54
39 55
39 56
40 56
40 57
40 58
40 59
39 59
39 60
39 61
40 61
40 62
41 62
41 63
41 64
41 65
41 66
41 67
41 68
40 68
40 69
40 70
40 71
40 72
39 72
39 73
39 74
40 74
40 75
40 76
40 77
40 78
39 78
39 79
39 80
39 81
39 82
39 83
39 84
39 85
39 86
39 87
39 88
38 88
38 89
38 90
38 91
38 92
38 93
38 94
38 95
38 96
38 97
38 98
38 99
38 100
38 101
38 102
38 103
39 103
39 104
39 105
39 106
39 107
39 108
40 108
40 109
40 110
40 111
39 111
39 112
39 113
39 114
39 115
39 116
39 117
39 118
39 119
39 120
39 121
39 122
39 123
39 124
39 125
39 126
40 126
40 127
40 128
40 129
40 130
40 131
39 131
39 132
39 133
39 134
39 135
39 136
39 137
39 138
39 139
40 139
40 140
40 141
40 142
40 143
40 144
40 145
40 146
40 147
40 148
40 149
39 149
39 150
39 151
39 152
39 153
39 154
39 155
40 155
40 156
40 157
40 158
40 159
40 160
41 160
41 161
41 162
41 163
40 163
40 164
40 165
40 166
40 167
40 168
39 168
39 169
39 170
39 171
39 172
39 173
39 174
39 175
39 176
39 177
39 178
39 179
39 180
39 181
39 182
39 183
39 184
39 185
39 186
39 187
39 188
39 189
39 190
39 191
39 192
40 192
40 193
40 194
40 195
40 196
40 197
40 198
39 198
39 199
39 200
39 201
38 201
38 202
39 202
39 203
39 204
39 205
38 205
38 206
39 206
39 207
39 208
38 208
38 209
39 209
39 210
39 211
38 211
38 212
38 213
38 214
38 215
38 216
38 217
38 218
38 219
38 220
37 220
37 221
37 222
37 223
37 224
37 225
37 226
37 227
37 228
37 229
37 230
38 230
38 231
38 232
38 233
38 234
38 235
38 236
38 237
38 238
38 239
39 239
39 240
39 241
38 241
38 242
39 242
39 243
39 244
38 244
38 245
39 245
39 246
39 247
39 248
39 249
40 249
40 250
40 251
40 252
40 253
40 254
40 255
40 256
40 257
40 258
39 258
39 259
39 260
39 261
39 262
39 263
39 264
39 265
39 266
39 267
39 268
39 269
39 270
39 271
39 272
39 273
39 274
39 275
39 276
39 277
39 278
39 279
39 280
39 281
39 282
40 282
40 283
40 284
40 285
40 286
40 287
41 287
41 288
41 289
41 290
40 290
40 291
40 292
40 293
40 294
40 295
39 295
39 296
39 297
39 298
39 299
39 300
39 301
40 301
40 302
40 303
40 304
40 305
40 306
40 307
40 308
40 309
40 310
40 311
39 311
39 312
39 313
39 314
39 315
39 316
39 317
39 318
39 319
40 319
40 320
40 321
40 322
40 323
40 324
39 324
39 325
39 326
39 327
39 328
39 329
39 330
39 331
39 332
39 333
39 334
39 335
39 336
39 337
39 338
39 339
39 340
39 341
39 342
39 343
39 344
39 345
39 346
39 347
38 347
38 348
38 349
38 350
38 351
38 352
38 353
38 354
38 355
38 356
38 357
38 358
38 359
38 0
38 1
38 2
38 3
38 4
38 5
39 5
39 6
39 7
39 8
39 9
39 10
39 11
39 12
40 12
40 13
40 14
40 15
39 15
39 16
39 17
39 18
40 18
40 19
40 20
40 21
40 22
41 22
-2 -2
