45 53
45 54
45 55
45 56
45 57
45 58
45 59
45 60
44 60
44 61
44 62
44 63
44 64
44 65
44 66
43 66
43 67
43 68
43 69
42 69
41 69
41 70
41 71
41 72
41 73
40 73
40 74
40 75
40 76
40 77
39 77
38 77
38 78
37 78
37 79
36 79
36 80
35 80
35 81
34 81
33 81
33 82
33 83
32 83
32 84
31 84
31 85
31 86
30 86
29 86
28 86
27 86
27 87
26 87
26 88
26 89
25 89
24 89
24 90
24 91
25 91
25 92
25 93
25 94
25 95
25 96
24 96
24 97
24 98
24 99
23 99
23 100
23 101
23 102
22 102
22 103
22 104
22 105
22 106
22 107
21 107
21 108
22 108
22 109
22 110
22 111
22 112
22 113
22 114
22 115
23 115
23 116
23 117
23 118
23 119
24 119
24 120
24 121
24 122
23 122
23 123
24 123
24 124
24 125
24 126
24 127
25 127
25 128
25 129
25 130
26 130
26 131
26 132
27 132
27 133
27 134
28 134
29 134
29 135
29 136
30 136
31 136
32 136
32 137
32 138
33 138
33 139
33 140
34 140
34 141
35 141
35 142
35 143
36 143
36 144
36 145
37 145
37 146
38 146
38 147
38 148
38 149
39 149
39 150
39 151
40 151
40 152
40 153
40 154
40 155
41 155
41 156
41 157
41 158
41 159
42 159
42 160
43 160
43 161
43 162
43 163
42 163
42 164
42 165
42 166
42 167
41 167
41 168
41 169
41 170
41 171
41 172
41 173
41 174
40 174
40 175
40 176
39 176
39 177
39 178
38 178
38 179
38 180
37 180
37 181
37 182
37 183
36 183
36 184
36 185
36 186
35 186
35 187
35 188
34 188
34 189
34 190
33 190
32 190
32 191
32 192
32 193
32 194
32 195
32 196
31 196
31 197
30 197
30 198
30 199
29 199
29 200
29 201
29 202
29 203
29 204
28 204
28 205
28 206
28 207
28 208
28 209
28 210
27 210
27 211
27 212
27 213
27 214
26 214
26 215
26 216
26 217
26 218
26 219
26 220
26 221
26 222
26 223
25 223
25 224
25 225
25 226
25 227
25 228
25 229
25 230
25 231
25 232
25 233
25 234
25 235
26 235
26 236
26 237
26 238
26 239
26 240
26 241
26 242
26 243
25 243
25 244
25 245
26 245
26 246
26 247
26 248
25 248
25 249
25 250
26 250
26 251
26 252
26 253
27 253
27 254
27 255
27 256
28 256
28 257
28 258
28 259
28 260
29 260
29 261
29 262
29 263
30 263
31 263
31 264
31 265
32 265
32 266
32 267
33 267
33 268
33 269
33 270
34 270
34 271
34 272
35 272
35 273
36 273
37 273
37 274
37 275
37 276
38 276
38 277
39 277
39 278
39 279
39 280
40 280
41 280
41 281
41 282
42 282
43 282
43 283
43 284
43 285
43 286
43 287
44 287
44 288
44 289
44 290
44 291
45 291
45 292
45 293
45 294
45 295
45 296
45 297
44 297
44 298
44 299
44 300
44 301
44 302
43 302
43 303
43 304
43 305
43 306
43 307
43 308
42 308
42 309
41 309
41 310
41 311
40 311
40 312
39 312
39 313
39 314
38 314
38 315
37 315
37 316
37 317
36 317
36 318
36 319
35 319
35 320
35 321
34 321
34 322
34 323
33 323
33 324
33 325
32 325
32 326
32 327
32 328
31 328
31 329
31 330
31 331
30 331
30 332
30 333
30 334
30 335
29 335
29 336
29 337
29 338
29 339
28 339
28 340
28 341
28 342
28 343
28 344
27 344
27 345
27 346
27 347
27 348
27 349
27 350
28 350
28 351
28 352
28 353
28 354
28 355
28 356
28 357
28 358
28 359
27 359
27 0
28 0
28 1
29 1
29 2
29 3
29 4
29 5
29 6
29 7
29 8
30 8
30 9
30 10
30 11
30 12
30 13
31 13
31 14
32 14
32 15
32 16
32 17
32 18
32 19
32 20
33 20
33 21
33 22
33 23
33 24
34 24
34 25
34 26
34 27
34 28
35 28
35 29
35 30
35 31
36 31
36 32
36 33
37 33
37 34
37 35
38 35
38 36
38 37
39 37
39 38
39 39
40 39
40 40
41 40
41 41
41 42
42 42
42 43
42 44
42 45
42 46
42 47
43 47
43 48
43 49
43 50
43 51
43 52
44 52
44 53
45 53
-2 -2
