73 293
73 294
73 295
73 296
72 296
72 297
73 297
73 298
72 298
72 299
72 300
71 300
71 301
70 301
70 302
69 302
69 303
68 303
67 303
67 304
67 305
66 305
66 306
65 306
64 306
64 307
63 307
63 308
62 308
61 308
61 309
61 310
60 310
60 311
59 311
59 312
59 313
58 313
58 314
58 315
57 315
57 316
57 317
57 318
56 318
56 319
55 319
55 320
54 320
54 321
54 322
54 323
53 323
53 324
53 325
52 325
52 326
52 327
52 328
52 329
52 330
51 330
51 331
51 332
51 333
51 334
51 335
51 336
51 337
51 338
50 338
50 339
50 340
50 341
49 341
49 342
49 343
49 344
49 345
49 346
49 347
50 347
50 348
50 349
49 349
49 350
50 350
50 351
50 352
50 353
51 353
51 354
51 355
51 356
51 357
51 358
51 359
51 0
51 1
51 2
51 3
52 3
52 4
52 5
52 6
53 6
53 7
53 8
53 9
54 9
54 10
55 10
56 10
56 11
56 12
56 13
57 13
57 14
57 15
58 15
58 16
58 17
58 18
59 18
59 19
59 20
59 21
60 21
60 22
60 23
61 23
61 24
61 25
62 25
62 26
62 27
63 27
63 28
63 29
63 30
63 31
63 32
63 33
63 34
63 35
64 35
64 36
64 37
64 38
65 38
65 39
65 40
65 41
65 42
65 43
65 44
65 45
65 46
65 47
65 48
64 48
64 49
64 50
65 50
65 51
65 52
65 53
65 54
64 54
64 55
64 56
63 56
63 57
63 58
63 59
63 60
63 61
63 62
64 62
64 63
63 63
63 64
63 65
63 66
63 67
63 68
62 68
62 69
62 70
61 70
61 71
62 71
62 72
62 73
61 73
61 74
61 75
61 76
61 77
61 78
61 79
61 80
61 81
61 82
61 83
61 84
61 85
61 86
61 87
61 88
61 89
61 90
60 90
60 91
60 92
60 93
60 94
59 94
59 95
59 96
59 97
59 98
59 99
59 100
59 101
59 102
59 103
59 104
59 105
59 106
59 107
59 108
59 109
59 110
59 111
58 111
58 112
58 113
58 114
58 115
58 116
59 116
59 117
59 118
59 119
59 120
58 120
58 121
58 122
58 123
58 124
58 125
59 125
59 126
59 127
58 127
58 128
58 129
58 130
58 131
59 131
59 132
59 133
58 133
58 134
58 135
58 136
58 137
59 137
59 138
59 139
59 140
59 141
59 142
59 143
59 144
59 145
59 146
59 147
59 148
60 148
60 149
60 150
60 151
60 152
60 153
60 154
60 155
60 156
60 157
61 157
61 158
61 159
61 160
61 161
61 162
60 162
60 163
60 164
60 165
60 166
60 167
61 167
61 168
61 169
61 170
62 170
62 171
62 172
62 173
62 174
62 175
62 176
62 177
62 178
62 179
62 180
62 181
62 182
62 183
62 184
62 185
62 186
61 186
61 187
61 188
60 188
60 189
60 190
60 191
60 192
60 193
59 193
59 194
59 195
59 196
59 197
58 197
58 198
58 199
57 199
57 200
57 201
57 202
57 203
56 203
56 204
56 205
56 206
55 206
54 206
54 207
54 208
54 209
54 210
54 211
54 212
53 212
53 213
53 214
52 214
52 215
52 216
51 216
51 217
50 217
50 218
50 219
50 220
49 220
49 221
49 222
49 223
49 224
48 224
48 225
48 226
48 227
47 227
47 228
47 229
47 230
47 231
47 232
47 233
47 234
47 235
47 236
47 237
46 237
46 238
46 239
47 239
47 240
47 241
47 242
47 243
47 244
47 245
47 246
47 247
47 248
47 249
47 250
48 250
48 251
48 252
49 252
49 253
49 254
48 254
48 255
49 255
49 256
49 257
49 258
49 259
50 259
50 260
50 261
51 261
51 262
51 263
52 263
52 264
52 265
52 266
53 266
53 267
53 268
53 269
53 270
54 270
55 270
55 271
56 271
56 272
56 273
57 273
57 274
57 275
58 275
58 276
59 276
59 277
60 277
60 278
61 278
61 279
61 280
62 280
63 280
63 281
64 281
64 282
65 282
65 283
66 283
66 284
67 284
68 284
68 285
68 286
69 286
69 287
70 287
70 288
70 289
71 289
71 290
71 291
72 291
72 292
72 293
73 293
-2 -2
