152 96
152 97
152 98
152 99
152 100
151 100
151 101
150 101
150 102
150 103
150 104
149 104
149 105
148 105
148 106
147 106
147 107
147 108
146 108
146 109
145 109
144 109
144 110
144 111
143 111
142 111
142 112
141 112
141 113
140 113
140 114
139 114
139 115
138 115
137 115
137 116
136 116
136 117
135 117
134 117
134 118
133 118
133 119
133 120
132 120
131 120
131 121
130 121
130 122
129 122
129 123
128 123
128 124
127 124
126 124
126 125
125 125
125 126
124 126
124 127
124 128
123 128
122 128
122 129
121 129
121 130
120 130
120 131
120 132
119 132
118 132
118 133
117 133
116 133
116 134
115 134
115 135
114 135
113 135
113 136
112 136
111 136
111 137
110 137
109 137
109 138
108 138
107 138
107 139
107 140
106 140
105 140
105 141
104 141
104 142
103 142
103 141
102 141
102 142
101 142
101 143
100 143
100 144
99 144
98 144
98 145
97 145
97 146
96 146
96 147
95 147
94 147
94 148
93 148
93 149
92 149
91 149
90 149
89 149
89 150
88 150
87 150
87 151
86 151
86 152
85 152
84 152
84 153
84 154
83 154
82 154
81 154
80 154
80 155
79 155
79 156
78 156
78 157
79 157
80 157
80 158
81 158
81 159
82 159
82 160
83 160
83 161
84 161
84 162
85 162
85 163
86 163
87 163
87 164
87 165
88 165
88 166
89 166
89 167
90 167
91 167
91 168
90 168
90 169
91 169
92 169
92 170
93 170
94 170
94 171
94 172
94 173
95 173
95 174
96 174
97 174
97 175
98 175
98 176
98 177
99 177
99 178
100 178
100 179
100 180
101 180
101 181
102 181
103 181
103 182
103 183
103 184
103 185
103 186
104 186
104 187
105 187
105 188
105 189
106 189
106 190
106 191
107 191
107 192
107 193
107 194
107 195
108 195
108 196
108 197
108 198
108 199
109 199
109 200
109 201
109 202
108 202
108 203
108 204
108 205
109 205
109 206
109 207
108 207
108 208
108 209
108 210
108 211
108 212
107 212
107 213
107 214
106 214
106 215
106 216
106 217
105 217
105 218
105 219
104 219
104 220
103 220
103 221
103 222
103 223
102 223
102 224
101 224
101 225
100 225
100 226
100 227
99 227
99 228
99 229
98 229
98 230
97 230
97 231
96 231
96 232
95 232
95 233
94 233
93 233
93 234
92 234
92 235
92 236
91 236
91 237
90 237
90 238
89 238
89 239
88 239
88 240
87 240
87 241
86 241
86 242
85 242
84 242
84 243
84 244
83 244
83 245
82 245
82 246
82 247
81 247
81 248
80 248
80 249
80 250
80 251
81 251
81 252
82 252
82 253
83 253
84 253
85 253
86 253
87 253
87 254
88 254
88 255
89 255
90 255
90 256
91 256
91 257
92 257
93 257
93 258
94 258
95 258
96 258
96 259
97 259
97 260
98 260
99 260
99 261
100 261
100 262
101 262
102 262
102 263
103 263
104 263
104 264
105 264
106 264
106 265
107 265
108 265
108 266
109 266
109 267
110 267
111 267
112 267
112 268
113 268
113 269
113 270
114 270
115 270
116 270
116 271
117 271
117 272
118 272
118 273
119 273
119 274
120 274
121 274
121 275
121 276
121 277
122 277
123 277
123 278
124 278
124 279
125 279
126 279
126 280
127 280
127 281
128 281
128 282
129 282
129 283
129 284
130 284
131 284
131 285
132 285
133 285
133 286
134 286
134 287
135 287
136 287
136 288
137 288
137 289
138 289
139 289
139 290
140 290
140 291
141 291
141 292
142 292
142 293
143 293
143 294
144 294
144 295
145 295
145 296
146 296
147 296
147 297
148 297
148 298
148 299
149 299
149 300
149 301
150 301
150 302
150 303
151 303
151 304
151 305
152 305
152 306
152 307
152 308
152 309
152 310
152 311
151 311
151 312
151 313
151 314
150 314
150 315
150 316
150 317
150 318
149 318
149 319
148 319
148 320
147 320
147 321
146 321
146 322
145 322
144 322
144 323
143 323
143 324
142 324
142 325
141 325
141 326
140 326
140 327
140 328
139 328
139 329
138 329
137 329
137 330
136 330
136 331
135 331
134 331
134 332
133 332
133 333
132 333
132 334
131 334
131 335
130 335
130 336
129 336
129 337
128 337
127 337
127 338
126 338
125 338
124 338
124 339
123 339
122 339
121 339
120 339
119 339
119 340
118 340
118 339
117 339
117 340
116 340
116 339
115 339
115 340
114 340
113 340
113 339
112 339
111 339
110 339
110 338
109 338
109 337
108 337
107 337
107 336
106 336
105 336
105 335
104 335
103 335
102 335
101 335
101 334
100 334
99 334
99 333
98 333
97 333
96 333
96 332
95 332
94 332
93 332
93 331
92 331
91 331
90 331
89 331
89 330
88 330
87 330
86 330
86 329
85 329
84 329
83 329
82 329
81 329
80 329
79 329
78 329
77 329
76 329
75 329
74 329
73 329
72 329
71 329
70 329
69 329
68 329
67 329
66 329
65 329
64 329
63 329
62 329
62 330
61 330
61 329
60 329
59 329
58 329
57 329
56 329
55 329
55 330
54 330
53 330
53 331
52 331
51 331
51 330
50 330
49 330
49 331
48 331
47 331
46 331
45 331
44 331
43 331
42 331
41 331
40 331
39 331
38 331
38 332
38 333
37 333
36 333
35 333
34 333
33 333
33 334
32 334
32 335
31 335
30 335
30 336
29 336
29 337
28 337
28 338
27 338
26 338
26 339
26 340
26 341
25 341
25 342
24 342
23 342
23 343
22 343
21 343
21 344
21 345
21 346
21 347
20 347
20 348
20 349
20 350
20 351
20 352
20 353
20 354
20 355
20 356
20 357
20 358
19 358
18 358
18 359
18 0
18 1
17 1
17 2
18 2
18 3
18 4
18 5
17 5
16 5
15 5
15 6
16 6
17 6
17 7
17 8
17 9
17 10
17 11
17 12
16 12
16 13
16 14
16 15
16 16
15 16
15 17
16 17
16 18
16 19
16 20
17 20
17 21
17 22
17 23
16 23
16 24
17 24
17 25
17 26
17 27
16 27
16 28
17 28
17 29
17 30
17 31
17 32
17 33
17 34
18 34
18 35
18 36
18 37
18 38
18 39
18 40
18 41
18 42
18 43
18 44
17 44
17 45
17 46
18 46
18 47
18 48
19 48
19 49
19 50
19 51
18 51
18 52
19 52
19 53
19 54
20 54
20 55
20 56
20 57
19 57
19 58
20 58
20 59
21 59
21 60
21 61
22 61
22 62
23 62
23 63
24 63
24 64
25 64
25 65
26 65
26 66
26 67
27 67
28 67
28 68
29 68
29 69
30 69
31 69
31 70
32 70
32 71
33 71
34 71
34 72
35 72
36 72
36 73
37 73
38 73
39 73
39 74
40 74
41 74
42 74
43 74
44 74
45 74
46 74
46 75
47 75
47 74
48 74
49 74
50 74
50 75
51 75
51 74
52 74
53 74
54 74
54 75
55 75
55 74
56 74
57 74
57 75
58 75
59 75
59 74
60 74
61 74
61 75
62 75
63 75
64 75
65 75
66 75
66 76
67 76
68 76
69 76
70 76
71 76
71 77
72 77
73 77
74 77
74 76
75 76
75 77
76 77
76 76
77 76
78 76
79 76
80 76
80 75
81 75
82 75
82 76
83 76
84 76
85 76
85 75
86 75
86 76
87 76
88 76
88 75
89 75
90 75
91 75
91 74
92 74
93 74
93 73
94 73
95 73
96 73
96 72
97 72
98 72
98 71
99 71
100 71
101 71
101 70
102 70
103 70
103 69
104 69
105 69
106 69
106 68
107 68
108 68
109 68
109 67
109 66
110 66
111 66
112 66
112 65
113 65
114 65
115 65
116 65
117 65
118 65
118 66
119 66
120 66
121 66
122 66
122 67
123 67
124 67
125 67
126 67
127 67
127 68
127 69
128 69
128 70
129 70
130 70
130 71
130 72
131 72
132 72
132 73
133 73
133 74
134 74
135 74
135 75
136 75
136 76
137 76
137 77
138 77
139 77
139 78
139 79
140 79
141 79
141 80
142 80
142 81
143 81
143 82
144 82
145 82
145 83
146 83
146 84
147 84
147 85
147 86
148 86
149 86
149 87
150 87
150 88
151 88
151 89
151 90
151 91
151 92
151 93
151 94
151 95
151 96
152 96
-2 -2
