153 36
153 37
153 38
153 39
153 40
152 40
152 41
152 42
152 43
152 44
151 44
151 45
151 46
151 47
150 47
150 48
149 48
149 49
149 50
148 50
147 50
147 51
146 51
146 52
145 52
145 53
144 53
143 53
143 54
142 54
142 55
141 55
141 56
141 57
140 57
140 58
139 58
139 59
138 59
137 59
137 60
136 60
136 61
135 61
134 61
134 62
133 62
133 63
132 63
132 64
131 64
131 65
130 65
130 66
129 66
129 67
128 67
127 67
126 67
126 68
125 68
124 68
123 68
122 68
122 69
121 69
120 69
119 69
118 69
117 69
116 69
115 69
114 69
113 69
112 69
111 69
111 68
110 68
110 67
109 67
108 67
107 67
107 66
106 66
106 65
105 65
104 65
103 65
103 64
102 64
101 64
100 64
100 63
99 63
99 62
98 62
97 62
96 62
95 62
95 61
94 61
93 61
93 60
92 60
91 60
90 60
89 60
88 60
88 59
87 59
86 59
85 59
85 58
84 58
84 59
83 59
83 58
82 58
81 58
80 58
79 58
78 58
77 58
77 59
76 59
76 58
75 58
74 58
73 58
72 58
71 58
70 58
70 59
69 59
68 59
67 59
66 59
66 58
65 58
64 58
63 58
63 59
62 59
61 59
60 59
59 59
59 58
58 58
57 58
57 59
56 59
55 59
54 59
53 59
53 60
52 60
51 60
51 59
50 59
49 59
48 59
47 59
46 59
46 60
45 60
44 60
43 60
42 60
41 60
41 59
40 59
40 60
39 60
38 60
38 61
37 61
36 61
35 61
34 61
34 62
33 62
33 63
32 63
31 63
31 64
30 64
29 64
28 64
28 65
28 66
27 66
27 67
26 67
26 68
25 68
25 69
25 70
24 70
23 70
23 71
22 71
22 72
21 72
21 73
21 74
21 75
21 76
21 77
20 77
20 78
20 79
20 80
20 81
20 82
20 83
20 84
20 85
19 85
19 86
19 87
19 88
18 88
17 88
17 89
17 90
17 91
16 91
16 92
17 92
17 93
17 94
17 95
16 95
15 95
15 96
16 96
17 96
17 97
17 98
17 99
16 99
15 99
15 100
16 100
16 101
16 102
16 103
16 104
16 105
16 106
15 106
15 107
16 107
16 108
16 109
16 110
17 110
17 111
17 112
17 113
16 113
16 114
16 115
16 116
16 117
16 118
17 118
17 119
17 120
17 121
17 122
17 123
17 124
16 124
16 125
16 126
17 126
17 127
17 128
17 129
18 129
18 130
18 131
18 132
17 132
17 133
17 134
17 135
17 136
18 136
18 137
18 138
18 139
18 140
18 141
18 142
19 142
19 143
19 144
19 145
19 146
19 147
19 148
20 148
20 149
21 149
21 150
21 151
22 151
22 152
23 152
23 153
24 153
24 154
25 154
25 155
26 155
26 156
26 157
27 157
28 157
28 158
29 158
29 159
30 159
31 159
31 160
32 160
32 161
33 161
34 161
34 162
35 162
36 162
36 163
37 163
38 163
39 163
39 164
40 164
41 164
42 164
43 164
44 164
45 164
46 164
47 164
48 164
49 164
50 164
51 164
52 164
53 164
54 164
55 164
56 164
57 164
57 165
58 165
58 164
59 164
60 164
61 164
61 165
62 165
63 165
64 165
65 165
66 165
66 166
67 166
68 166
69 166
70 166
71 166
71 167
72 167
72 166
73 166
74 166
75 166
76 166
77 166
77 165
78 165
78 166
79 166
79 165
80 165
81 165
82 165
82 166
83 166
84 166
84 165
85 165
86 165
86 166
87 166
87 165
88 165
89 165
90 165
90 164
91 164
92 164
93 164
93 163
94 163
95 163
95 162
96 162
96 161
97 161
98 161
99 161
100 161
100 160
101 160
101 159
102 159
103 159
103 158
104 158
105 158
106 158
107 158
107 157
108 157
108 156
109 156
110 156
110 155
111 155
112 155
113 155
114 155
115 155
116 155
117 155
118 155
118 156
119 156
120 156
121 156
122 156
122 157
123 157
124 157
125 157
125 158
126 158
126 159
127 159
128 159
128 160
129 160
129 161
129 162
130 162
131 162
131 163
132 163
132 164
133 164
134 164
134 165
135 165
135 166
136 166
136 167
137 167
138 167
138 168
138 169
139 169
140 169
140 170
141 170
141 171
142 171
142 172
143 172
144 172
144 173
145 173
145 174
145 175
146 175
146 176
147 176
148 176
148 177
149 177
149 178
150 178
150 179
150 180
150 181
150 182
150 183
150 184
150 185
150 186
151 186
151 187
151 188
151 189
151 190
150 190
150 191
149 191
149 192
149 193
149 194
148 194
148 195
147 195
147 196
146 196
146 197
146 198
145 198
145 199
144 199
144 200
143 200
143 201
142 201
142 202
141 202
141 203
140 203
140 204
139 204
138 204
138 205
137 205
137 206
136 206
136 207
135 207
134 207
134 208
133 208
133 209
132 209
132 210
131 210
131 211
130 211
130 212
129 212
128 212
128 213
128 214
127 214
126 214
126 215
125 215
125 216
124 216
124 217
123 217
123 218
122 218
121 218
121 219
120 219
120 220
119 220
119 221
118 221
118 222
118 223
117 223
117 224
116 224
115 224
115 225
114 225
113 225
113 226
112 226
111 226
111 227
110 227
109 227
109 228
108 228
108 229
107 229
107 230
106 230
105 230
105 231
104 231
104 232
103 232
102 232
101 232
101 233
100 233
100 234
99 234
98 234
98 235
97 235
97 236
96 236
96 237
95 237
95 238
94 238
93 238
93 239
92 239
91 239
90 239
89 239
89 240
88 240
87 240
87 241
86 241
86 242
85 242
84 242
84 243
84 244
83 244
82 244
82 245
81 245
80 245
79 245
79 246
78 246
77 246
77 247
77 248
78 248
79 248
80 248
80 249
81 249
81 250
82 250
82 251
83 251
83 252
84 252
84 253
85 253
86 253
86 254
86 255
87 255
87 256
88 256
88 257
89 257
90 257
90 258
90 259
91 259
91 260
92 260
92 261
93 261
93 262
94 262
94 263
95 263
95 264
96 264
96 265
97 265
98 265
98 266
98 267
99 267
99 268
99 269
99 270
100 270
101 270
101 271
102 271
102 272
103 272
103 273
103 274
103 275
103 276
104 276
104 277
105 277
105 278
105 279
105 280
106 280
106 281
107 281
107 282
107 283
107 284
107 285
108 285
108 286
108 287
108 288
108 289
109 289
109 290
109 291
109 292
109 293
108 293
108 294
109 294
109 295
109 296
109 297
109 298
109 299
109 300
108 300
108 301
108 302
108 303
108 304
107 304
107 305
107 306
107 307
106 307
106 308
105 308
105 309
105 310
104 310
104 311
104 312
103 312
103 313
103 314
102 314
102 315
101 315
101 316
100 316
100 317
100 318
100 319
99 319
99 320
99 321
98 321
97 321
97 322
96 322
96 323
95 323
95 324
94 324
93 324
93 325
92 325
92 326
92 327
91 327
91 328
90 328
90 329
89 329
89 330
88 330
88 331
88 332
87 332
87 333
86 333
85 333
85 334
84 334
84 335
83 335
83 336
83 337
82 337
82 338
81 338
81 339
81 340
81 341
81 342
82 342
83 342
83 343
84 343
85 343
86 343
87 343
87 344
88 344
89 344
89 345
90 345
90 346
91 346
92 346
92 347
93 347
93 348
94 348
95 348
96 348
97 348
97 349
98 349
98 350
99 350
100 350
100 351
101 351
101 352
102 352
103 352
103 353
104 353
105 353
105 354
106 354
106 355
107 355
108 355
108 356
109 356
110 356
110 357
111 357
112 357
112 358
113 358
114 358
114 359
114 0
115 0
116 0
117 0
117 1
118 1
118 2
119 2
119 3
120 3
120 4
121 4
122 4
122 5
122 6
123 6
123 7
124 7
124 8
125 8
125 9
126 9
127 9
127 10
128 10
128 11
129 11
129 12
130 12
130 13
131 13
131 14
132 14
132 15
133 15
134 15
134 16
135 16
135 17
136 17
137 17
137 18
138 18
139 18
139 19
140 19
140 20
141 20
141 21
142 21
142 22
143 22
143 23
144 23
144 24
145 24
145 25
146 25
146 26
147 26
148 26
148 27
149 27
149 28
150 28
150 29
150 30
150 31
150 32
151 32
151 33
152 33
152 34
152 35
152 36
153 36
-2 -2
