114 120
114 121
114 122
114 123
114 124
114 125
114 126
114 127
113 127
113 128
112 128
112 129
111 129
111 130
110 130
110 131
109 131
109 132
109 133
108 133
107 133
107 134
106 134
105 134
105 135
106 135
106 136
107 136
108 136
108 137
109 137
110 137
110 138
110 139
110 140
111 140
111 141
112 141
112 142
113 142
113 143
114 143
114 144
113 144
113 145
114 145
114 146
114 147
114 148
114 149
113 149
113 150
113 151
112 151
112 152
112 153
111 153
111 154
111 155
110 155
110 156
109 156
108 156
108 157
107 157
107 158
106 158
105 158
104 158
104 159
103 159
103 160
102 160
102 161
101 161
100 161
99 161
99 162
98 162
97 162
96 162
95 162
94 162
93 162
93 163
92 163
92 162
91 162
91 163
90 163
89 163
88 163
87 163
86 163
85 163
84 163
83 163
83 162
82 162
81 162
80 162
79 162
78 162
78 161
77 161
76 161
75 161
75 160
74 160
73 160
72 160
71 160
71 159
70 159
69 159
68 159
67 159
66 159
65 159
65 158
64 158
63 158
62 158
62 157
61 157
60 157
60 156
59 156
58 156
58 155
58 154
57 154
56 154
56 153
55 153
54 153
54 152
53 152
52 152
52 151
51 151
51 152
50 152
50 153
51 153
51 154
51 155
50 155
50 156
50 157
50 158
51 158
51 159
51 160
52 160
52 161
52 162
52 163
52 164
52 165
52 166
53 166
53 167
53 168
53 169
54 169
54 170
54 171
55 171
55 172
55 173
56 173
56 174
57 174
57 175
57 176
58 176
58 177
58 178
59 178
59 179
59 180
60 180
61 180
61 181
61 182
62 182
62 183
63 183
63 184
64 184
64 185
64 186
64 187
65 187
65 188
66 188
66 189
67 189
67 190
68 190
69 190
69 191
69 192
69 193
70 193
71 193
71 194
71 195
72 195
72 196
73 196
73 197
74 197
74 198
75 198
76 198
76 199
77 199
77 200
78 200
78 201
78 202
79 202
80 202
80 203
81 203
81 204
81 205
82 205
82 206
83 206
83 207
83 208
84 208
84 209
85 209
85 210
86 210
86 211
87 211
87 212
88 212
88 213
89 213
89 214
90 214
90 215
91 215
91 216
92 216
92 217
93 217
93 218
94 218
95 218
95 219
96 219
96 220
96 221
97 221
98 221
98 222
98 223
99 223
99 224
100 224
100 225
100 226
101 226
101 227
102 227
103 227
103 228
104 228
104 229
105 229
105 230
106 230
106 231
106 232
107 232
107 233
108 233
108 234
108 235
109 235
109 236
109 237
109 238
110 238
110 239
110 240
110 241
110 242
111 242
111 243
111 244
111 245
110 245
110 246
110 247
110 248
110 249
110 250
110 251
110 252
110 253
109 253
109 254
109 255
109 256
109 257
109 258
109 259
109 260
108 260
108 261
108 262
108 263
107 263
107 264
107 265
107 266
107 267
107 268
106 268
106 269
106 270
105 270
105 271
105 272
104 272
104 273
104 274
103 274
102 274
102 275
101 275
101 276
100 276
100 277
99 277
99 278
98 278
98 279
97 279
97 280
96 280
96 281
95 281
94 281
94 282
93 282
93 283
92 283
92 284
91 284
90 284
90 285
89 285
89 286
88 286
88 287
87 287
87 288
86 288
85 288
85 289
84 289
83 289
82 289
82 290
81 290
80 290
79 290
78 290
78 291
77 291
76 291
75 291
75 292
74 292
73 292
72 292
72 293
71 293
70 293
69 293
69 294
68 294
67 294
67 293
66 293
66 294
65 294
64 294
64 293
63 293
62 293
61 293
60 293
59 293
59 292
58 292
57 292
56 292
55 292
55 291
54 291
53 291
53 290
52 290
51 290
51 289
50 289
49 289
49 288
48 288
48 287
47 287
47 286
46 286
46 285
46 284
45 284
45 283
45 282
44 282
43 282
43 281
42 281
42 280
42 279
42 278
41 278
41 277
41 276
41 275
41 274
41 273
40 273
40 272
40 271
40 270
40 269
39 269
39 268
39 267
39 266
39 265
39 264
39 263
39 262
39 261
39 260
39 259
40 259
40 258
40 257
41 257
41 256
41 255
42 255
42 254
42 253
42 252
43 252
44 252
44 251
44 250
45 250
45 249
46 249
47 249
47 248
48 248
48 247
48 246
49 246
50 246
50 245
51 245
51 244
52 244
53 244
54 244
54 243
55 243
56 243
57 243
58 243
59 243
60 243
61 243
61 242
62 242
63 242
63 243
64 243
64 242
65 242
66 242
67 242
68 242
68 243
69 243
70 243
70 244
71 244
71 245
72 245
73 245
73 246
74 246
74 247
75 247
75 248
76 248
76 249
77 249
78 249
78 250
79 250
79 251
80 251
80 252
80 253
80 254
81 254
81 253
82 253
82 252
83 252
83 251
83 250
84 250
84 249
84 248
84 247
84 246
84 245
84 244
83 244
83 243
83 242
82 242
82 241
82 240
81 240
81 239
80 239
80 238
79 238
79 237
78 237
78 236
78 235
78 234
77 234
77 233
76 233
76 232
75 232
75 231
74 231
73 231
73 230
72 230
72 229
71 229
70 229
70 228
70 227
69 227
69 226
68 226
68 225
67 225
67 224
67 223
66 223
65 223
64 223
63 223
62 223
61 223
61 224
60 224
59 224
58 224
58 225
57 225
57 226
56 226
56 227
56 228
55 228
54 228
53 228
53 229
53 230
52 230
52 231
51 231
51 232
50 232
50 233
50 234
49 234
49 235
48 235
48 236
48 237
47 237
47 238
47 239
46 239
45 239
45 240
44 240
44 241
44 242
44 243
43 243
43 244
42 244
42 245
41 245
41 246
40 246
39 246
39 247
38 247
38 248
37 248
37 249
36 249
36 250
36 251
35 251
35 252
34 252
34 253
33 253
32 253
31 253
31 254
30 254
30 255
30 256
29 256
28 256
28 257
27 257
26 257
26 258
25 258
25 259
25 260
24 260
24 261
24 262
23 262
22 262
22 263
21 263
20 263
19 263
19 264
19 265
18 265
17 265
16 265
15 265
15 264
14 264
13 264
13 263
12 263
11 263
11 262
10 262
10 261
9 261
9 260
8 260
8 259
7 259
7 258
7 257
6 257
6 256
5 256
5 255
5 254
5 253
4 253
4 252
4 251
4 250
3 250
3 249
3 248
3 247
3 246
3 245
2 245
2 244
2 243
2 242
3 242
3 241
3 240
2 240
2 239
2 238
1 238
1 237
1 236
1 235
2 235
2 234
2 233
2 232
2 231
2 230
2 229
1 229
1 228
1 227
1 226
0 226
0 225
0 224
1 224
1 223
1 222
1 221
1 220
1 219
1 218
1 217
1 216
1 215
1 214
1 213
1 212
1 211
1 210
1 209
1 208
0 208
0 207
0 206
0 205
1 205
1 204
1 203
1 202
1 201
1 200
1 199
1 198
1 197
1 196
1 195
1 194
1 193
1 192
1 191
1 190
1 189
1 188
1 187
1 186
1 185
1 184
1 183
1 182
1 181
0 181
0 180
0 179
1 179
1 178
1 177
1 176
1 175
1 174
1 173
1 172
1 171
1 170
1 169
1 168
1 167
1 166
1 165
1 164
1 163
1 162
1 161
1 160
1 159
1 158
1 157
1 156
1 155
0 155
0 154
0 153
0 152
1 152
1 151
1 150
1 149
1 148
1 147
1 146
1 145
1 144
1 143
1 142
1 141
1 140
1 139
1 138
1 137
1 136
0 136
0 135
0 134
1 134
1 133
1 132
1 131
1 130
1 129
1 128
1 127
1 126
1 125
1 124
1 123
1 122
1 121
1 120
1 119
1 118
2 118
2 117
2 116
2 115
1 115
1 114
1 113
1 112
1 111
1 110
1 109
1 108
1 107
2 107
2 106
2 105
2 104
2 103
2 102
2 101
2 100
2 99
2 98
2 97
2 96
2 95
2 94
2 93
2 92
2 91
1 91
1 90
1 89
2 89
2 88
2 87
2 86
2 85
2 84
2 83
2 82
2 81
2 80
2 79
2 78
2 77
2 76
2 75
2 74
2 73
1 73
1 72
1 71
1 70
2 70
2 69
2 68
2 67
2 66
2 65
2 64
2 63
2 62
2 61
2 60
2 59
2 58
1 58
1 57
1 56
1 55
2 55
2 54
2 53
2 52
2 51
2 50
2 49
2 48
3 48
3 47
3 46
2 46
2 45
2 44
3 44
3 43
3 42
3 41
3 40
3 39
3 38
3 37
3 36
3 35
4 35
4 34
4 33
4 32
3 32
3 31
3 30
3 29
4 29
5 29
5 28
4 28
4 27
4 26
4 25
5 25
5 24
5 23
5 22
6 22
6 21
6 20
6 19
7 19
7 18
7 17
8 17
8 16
8 15
9 15
9 14
10 14
10 13
11 13
11 12
11 11
12 11
13 11
13 10
14 10
14 9
15 9
16 9
16 8
17 8
17 7
18 7
19 7
20 7
20 8
20 9
21 9
22 9
23 9
23 10
24 10
25 10
25 11
25 12
26 12
26 13
27 13
28 13
28 14
29 14
30 14
30 15
31 15
32 15
32 16
33 16
33 17
33 18
34 18
35 18
35 19
36 19
36 20
36 21
37 21
37 22
38 22
39 22
39 23
39 24
40 24
41 24
41 25
42 25
42 26
43 26
43 27
44 27
45 27
45 28
45 29
46 29
46 30
46 31
47 31
48 31
48 32
48 33
49 33
49 34
50 34
50 35
50 36
51 36
51 37
52 37
52 38
52 39
53 39
53 40
54 40
54 41
55 41
55 42
56 42
57 42
57 43
58 43
58 44
59 44
59 45
60 45
61 45
61 46
62 46
63 46
63 47
64 47
65 47
66 47
67 47
68 47
68 46
69 46
69 45
69 44
70 44
70 43
71 43
72 43
72 42
72 41
73 41
73 40
74 40
75 40
75 39
76 39
76 38
77 38
78 38
78 37
78 36
79 36
79 35
79 34
80 34
80 33
81 33
81 32
82 32
82 31
83 31
83 30
84 30
84 29
84 28
84 27
85 27
85 26
86 26
86 25
85 25
85 24
85 23
85 22
85 21
85 20
84 20
84 19
84 18
83 18
83 17
82 17
81 17
81 18
81 19
81 20
80 20
80 21
79 21
78 21
78 22
77 22
77 23
76 23
76 24
75 24
75 25
74 25
73 25
73 26
72 26
72 27
71 27
70 27
70 28
69 28
68 28
67 28
66 28
65 28
64 28
63 28
62 28
61 28
60 28
59 28
58 28
57 28
57 27
56 27
55 27
54 27
54 26
53 26
52 26
51 26
51 25
51 24
50 24
50 23
49 23
49 22
48 22
47 22
46 22
46 21
45 21
45 20
45 19
44 19
44 18
43 18
43 17
43 16
42 16
42 15
42 14
42 13
41 13
41 12
40 12
40 11
40 10
40 9
40 8
40 7
40 6
40 5
40 4
41 4
41 3
41 2
41 1
41 0
42 0
42 359
42 358
42 357
42 356
42 355
42 354
42 353
43 353
43 352
43 351
44 351
44 350
45 350
45 349
45 348
46 348
47 348
47 347
47 346
48 346
48 345
49 345
49 344
49 343
50 343
51 343
51 342
52 342
52 341
53 341
54 341
55 341
55 340
56 340
56 339
57 339
58 339
59 339
60 339
61 339
62 339
62 338
63 338
64 338
65 338
66 338
67 338
68 338
69 338
70 338
71 338
72 338
72 339
73 339
74 339
75 339
76 339
76 340
77 340
78 340
79 340
79 341
80 341
81 341
82 341
83 341
84 341
84 342
85 342
85 343
86 343
87 343
88 343
88 344
89 344
89 345
90 345
90 346
91 346
92 346
92 347
93 347
93 348
94 348
94 349
95 349
96 349
96 350
97 350
97 351
98 351
98 352
99 352
99 353
100 353
101 353
101 354
102 354
102 355
102 356
103 356
104 356
104 357
105 357
105 358
106 358
106 359
106 0
106 1
107 1
107 2
107 3
108 3
108 4
108 5
108 6
108 7
109 7
109 8
109 9
109 10
110 10
110 11
110 12
110 13
110 14
110 15
110 16
110 17
111 17
111 18
111 19
111 20
112 20
112 21
112 22
111 22
111 23
111 24
111 25
112 25
112 26
112 27
112 28
112 29
112 30
112 31
111 31
111 32
111 33
110 33
110 34
110 35
110 36
109 36
109 37
108 37
108 38
107 38
107 39
106 39
106 40
106 41
105 41
105 42
104 42
104 43
103 43
102 43
102 44
102 45
101 45
101 46
100 46
100 47
100 48
99 48
99 49
98 49
98 50
97 50
97 51
96 51
96 52
95 52
95 53
94 53
93 53
93 54
92 54
92 55
91 55
91 56
90 56
90 57
89 57
89 58
88 58
88 59
87 59
87 60
86 60
86 61
85 61
85 62
84 62
84 63
84 64
83 64
83 65
82 65
82 66
82 67
81 67
81 68
80 68
80 69
79 69
79 70
78 70
78 71
77 71
77 72
76 72
75 72
75 73
74 73
74 74
73 74
72 74
72 75
72 76
72 77
71 77
70 77
70 78
70 79
69 79
69 80
68 80
67 80
67 81
66 81
66 82
66 83
65 83
65 84
65 85
64 85
64 86
63 86
63 87
62 87
62 88
61 88
61 89
61 90
60 90
59 90
59 91
59 92
59 93
58 93
58 94
57 94
57 95
57 96
56 96
56 97
56 98
55 98
55 99
55 100
54 100
54 101
53 101
53 102
53 103
53 104
53 105
53 106
53 107
53 108
52 108
52 109
52 110
51 110
51 111
51 112
51 113
51 114
51 115
51 116
51 117
52 117
53 117
54 117
54 116
55 116
56 116
56 115
57 115
58 115
58 114
59 114
60 114
60 113
60 112
61 112
62 112
63 112
63 111
64 111
65 111
65 110
66 110
67 110
68 110
69 110
70 110
71 110
72 110
72 109
73 109
74 109
75 109
75 108
76 108
77 108
78 108
79 108
79 107
80 107
81 107
82 107
83 107
84 107
84 106
85 106
86 106
87 106
88 106
89 106
90 106
90 107
91 107
91 106
92 106
92 107
93 107
94 107
95 107
96 107
97 107
98 107
98 108
99 108
100 108
101 108
101 109
102 109
103 109
104 109
104 110
104 111
105 111
105 110
106 110
106 111
106 112
107 112
108 112
108 113
109 113
109 114
110 114
110 115
111 115
111 116
112 116
112 117
113 117
113 118
113 119
113 120
114 120
-2 -2
