152 139
152 140
152 141
152 142
152 143
152 144
152 145
151 145
151 146
151 147
150 147
150 148
149 148
149 149
149 150
149 151
148 151
148 152
148 153
147 153
147 154
146 154
145 154
145 155
144 155
144 156
143 156
143 157
142 157
142 158
141 158
141 159
140 159
140 160
139 160
139 161
138 161
138 162
137 162
136 162
136 163
135 163
134 163
134 164
133 164
133 165
132 165
131 165
131 166
130 166
129 166
129 167
129 168
128 168
128 169
127 169
127 170
126 170
126 171
125 171
124 171
124 172
123 172
123 173
122 173
122 174
121 174
121 175
120 175
120 176
119 176
119 177
118 177
118 178
117 178
117 179
116 179
116 180
115 180
114 180
113 180
113 181
113 182
112 182
112 183
111 183
110 183
109 183
109 184
108 184
108 185
107 185
106 185
106 186
105 186
104 186
104 187
103 187
102 187
102 188
101 188
100 188
100 189
99 189
99 190
98 190
97 190
97 191
96 191
96 192
95 192
94 192
93 192
92 192
92 193
91 193
91 194
90 194
90 195
89 195
88 195
88 196
87 196
87 197
86 197
85 197
84 197
83 197
82 197
82 198
81 198
81 199
80 199
80 200
80 201
80 202
81 202
81 203
82 203
82 204
82 205
83 205
83 206
84 206
84 207
85 207
86 207
86 208
86 209
87 209
87 210
88 210
88 211
89 211
89 212
90 212
90 213
91 213
91 214
92 214
92 215
92 216
93 216
93 217
94 217
95 217
95 218
96 218
96 219
97 219
97 220
98 220
98 221
99 221
99 222
99 223
100 223
100 224
100 225
101 225
101 226
102 226
102 227
102 228
103 228
103 229
103 230
104 230
104 231
105 231
105 232
105 233
106 233
106 234
106 235
106 236
107 236
107 237
107 238
108 238
108 239
108 240
108 241
108 242
109 242
109 243
109 244
109 245
108 245
108 246
108 247
108 248
109 248
109 249
109 250
109 251
108 251
108 252
108 253
108 254
108 255
107 255
107 256
107 257
107 258
107 259
106 259
106 260
105 260
105 261
105 262
105 263
104 263
104 264
103 264
103 265
103 266
103 267
103 268
103 269
102 269
101 269
101 270
100 270
100 271
100 272
99 272
99 273
98 273
98 274
98 275
97 275
97 276
96 276
95 276
95 277
94 277
94 278
93 278
93 279
93 280
92 280
92 281
91 281
91 282
90 282
90 283
89 283
89 284
88 284
88 285
87 285
87 286
87 287
86 287
85 287
85 288
84 288
84 289
83 289
83 290
82 290
82 291
81 291
81 292
80 292
80 293
79 293
78 293
78 294
79 294
79 295
80 295
80 296
81 296
82 296
83 296
84 296
84 297
84 298
85 298
86 298
86 299
87 299
87 300
88 300
89 300
89 301
90 301
91 301
92 301
93 301
93 302
94 302
95 302
95 303
96 303
96 304
97 304
97 305
98 305
98 306
99 306
100 306
100 307
101 307
101 308
102 308
102 309
103 309
103 308
104 308
104 309
105 309
105 310
106 310
107 310
107 311
108 311
108 312
109 312
109 313
110 313
111 313
111 314
112 314
113 314
113 315
114 315
115 315
115 316
116 316
117 316
117 317
118 317
118 318
119 318
119 319
120 319
120 320
121 320
121 321
122 321
122 322
123 322
123 323
124 323
124 324
125 324
125 325
126 325
126 326
127 326
128 326
128 327
129 327
129 328
130 328
130 329
131 329
131 330
132 330
133 330
133 331
134 331
134 332
134 333
135 333
136 333
136 334
137 334
137 335
138 335
139 335
139 336
140 336
140 337
141 337
142 337
142 338
142 339
143 339
144 339
144 340
144 341
145 341
146 341
146 342
147 342
147 343
147 344
148 344
148 345
149 345
149 346
150 346
150 347
150 348
150 349
151 349
151 350
152 350
152 351
152 352
152 353
152 354
151 354
151 355
151 356
151 357
151 358
151 359
151 0
151 1
151 2
150 2
150 3
149 3
149 4
148 4
147 4
147 5
146 5
146 6
146 7
145 7
145 8
144 8
143 8
143 9
142 9
142 10
142 11
141 11
140 11
140 12
139 12
139 13
138 13
137 13
137 14
136 14
136 15
135 15
135 16
134 16
133 16
133 17
132 17
132 18
131 18
130 18
130 19
130 20
129 20
128 20
128 21
127 21
127 22
126 22
126 23
125 23
124 23
123 23
122 23
122 24
121 24
120 24
119 24
118 24
118 25
117 25
116 25
115 25
114 25
113 25
112 25
112 24
111 24
110 24
109 24
109 23
109 22
108 22
107 22
106 22
106 21
105 21
104 21
104 20
103 20
102 20
101 20
101 19
100 19
99 19
98 19
98 18
97 18
96 18
96 17
95 17
95 16
94 16
93 16
92 16
91 16
90 16
90 15
89 15
88 15
88 14
87 14
86 14
86 15
85 15
85 14
84 14
83 14
82 14
82 15
81 15
80 15
79 15
79 14
78 14
77 14
76 14
76 13
75 13
75 14
74 14
73 14
72 14
72 13
71 13
71 14
70 14
69 14
68 14
67 14
66 14
66 15
65 15
64 15
63 15
62 15
61 15
61 16
60 16
59 16
59 15
58 15
57 15
57 16
56 16
55 16
54 16
53 16
52 16
51 16
51 15
50 15
50 16
49 16
48 16
47 16
47 15
46 15
46 16
45 16
44 16
43 16
43 15
42 15
42 16
41 16
40 16
39 16
39 17
38 17
37 17
36 17
36 18
35 18
34 18
34 19
33 19
32 19
32 20
31 20
31 21
30 21
29 21
29 22
28 22
28 23
27 23
26 23
26 24
26 25
25 25
25 26
24 26
24 27
23 27
23 28
22 28
22 29
21 29
21 30
21 31
20 31
20 32
19 32
19 33
20 33
20 34
20 35
20 36
19 36
19 37
19 38
18 38
18 39
19 39
19 40
19 41
19 42
18 42
18 43
18 44
17 44
17 45
17 46
18 46
18 47
18 48
18 49
18 50
18 51
17 51
17 52
17 53
18 53
18 54
18 55
18 56
17 56
17 57
17 58
17 59
17 60
17 61
17 62
16 62
16 63
17 63
17 64
17 65
17 66
16 66
16 67
17 67
17 68
17 69
17 70
16 70
16 71
16 72
16 73
15 73
15 74
16 74
16 75
16 76
16 77
16 78
17 78
17 79
17 80
17 81
17 82
17 83
17 84
16 84
15 84
15 85
16 85
17 85
18 85
18 86
18 87
18 88
17 88
17 89
18 89
18 90
18 91
18 92
19 92
20 92
20 93
20 94
20 95
20 96
20 97
20 98
20 99
20 100
21 100
21 101
21 102
21 103
21 104
21 105
21 106
21 107
22 107
23 107
23 108
24 108
24 109
25 109
26 109
26 110
26 111
26 112
27 112
28 112
28 113
29 113
29 114
30 114
30 115
31 115
32 115
32 116
33 116
33 117
34 117
35 117
36 117
37 117
38 117
38 118
39 118
39 119
40 119
41 119
42 119
43 119
44 119
44 118
45 118
46 118
46 119
47 119
48 119
49 119
49 120
50 120
51 120
51 119
52 119
53 119
53 120
54 120
55 120
55 121
56 121
57 121
58 121
59 121
59 120
60 120
61 120
62 120
62 121
63 121
64 121
65 121
66 121
67 121
68 121
69 121
70 121
71 121
72 121
73 121
74 121
75 121
76 121
77 121
78 121
79 121
80 121
81 121
82 121
83 121
84 121
85 121
86 121
86 120
87 120
88 120
89 120
89 119
90 119
91 119
92 119
93 119
93 118
94 118
95 118
96 118
96 117
97 117
98 117
99 117
99 116
100 116
101 116
101 115
102 115
103 115
104 115
104 114
105 114
106 114
107 114
107 113
108 113
109 113
109 112
110 112
110 111
111 111
112 111
113 111
113 110
114 110
115 110
116 110
117 110
118 110
119 110
119 111
120 111
121 111
122 111
123 111
124 111
124 112
125 112
126 112
127 112
127 113
128 113
129 113
129 114
130 114
130 115
131 115
131 116
132 116
132 117
133 117
133 118
134 118
134 119
135 119
136 119
136 120
137 120
137 121
138 121
139 121
139 122
140 122
140 123
141 123
141 124
141 125
142 125
142 126
143 126
143 127
144 127
144 128
145 128
146 128
146 129
147 129
147 130
148 130
148 131
149 131
149 132
149 133
150 133
150 134
150 135
150 136
151 136
151 137
151 138
151 139
152 139
-2 -2
