72 199
72 200
72 201
72 202
72 203
72 204
72 205
72 206
72 207
72 208
72 209
71 209
70 209
70 210
70 211
69 211
69 212
68 212
67 212
67 213
66 213
66 214
66 215
65 215
64 215
64 216
63 216
62 216
62 217
61 217
61 218
60 218
60 219
60 220
59 220
59 221
59 222
58 222
58 223
58 224
57 224
57 225
56 225
56 226
56 227
56 228
55 228
55 229
54 229
54 230
53 230
53 231
53 232
53 233
52 233
52 234
51 234
51 235
51 236
51 237
51 238
51 239
51 240
51 241
51 242
50 242
50 243
50 244
50 245
50 246
50 247
49 247
49 248
49 249
49 250
48 250
48 251
48 252
49 252
49 253
49 254
48 254
48 255
48 256
48 257
49 257
49 258
49 259
48 259
48 260
49 260
49 261
49 262
49 263
50 263
50 264
50 265
50 266
50 267
50 268
50 269
50 270
50 271
50 272
51 272
51 273
51 274
51 275
51 276
52 276
52 277
52 278
53 278
53 279
53 280
54 280
55 280
55 281
55 282
55 283
56 283
56 284
56 285
57 285
57 286
57 287
57 288
58 288
58 289
58 290
58 291
59 291
59 292
59 293
60 293
60 294
60 295
61 295
61 296
61 297
61 298
61 299
62 299
62 300
62 301
62 302
62 303
62 304
62 305
63 305
63 306
63 307
63 308
64 308
64 309
64 310
64 311
64 312
64 313
64 314
64 315
64 316
64 317
64 318
64 319
64 320
64 321
64 322
64 323
64 324
64 325
63 325
63 326
63 327
63 328
62 328
62 329
63 329
63 330
63 331
63 332
63 333
63 334
63 335
63 336
63 337
63 338
62 338
62 339
62 340
61 340
61 341
61 342
61 343
61 344
61 345
61 346
61 347
61 348
61 349
61 350
61 351
61 352
61 353
61 354
62 354
62 355
62 356
62 357
62 358
62 359
62 0
61 0
61 1
61 2
60 2
60 3
60 4
60 5
60 6
59 6
59 7
59 8
59 9
59 10
59 11
59 12
59 13
59 14
60 14
60 15
60 16
60 17
60 18
60 19
60 20
59 20
59 21
59 22
59 23
59 24
59 25
59 26
59 27
60 27
60 28
60 29
59 29
59 30
59 31
59 32
58 32
58 33
59 33
59 34
59 35
59 36
60 36
60 37
60 38
60 39
60 40
59 40
59 41
59 42
59 43
59 44
60 44
60 45
60 46
60 47
60 48
59 48
59 49
59 50
60 50
60 51
60 52
60 53
60 54
60 55
60 56
60 57
60 58
60 59
61 59
61 60
61 61
61 62
61 63
60 63
60 64
60 65
61 65
61 66
61 67
61 68
62 68
62 69
62 70
62 71
62 72
62 73
61 73
61 74
62 74
62 75
62 76
61 76
61 77
62 77
62 78
62 79
62 80
62 81
63 81
63 82
63 83
63 84
63 85
63 86
63 87
63 88
63 89
63 90
63 91
63 92
63 93
63 94
63 95
63 96
63 97
62 97
62 98
61 98
61 99
61 100
61 101
61 102
60 102
60 103
60 104
60 105
60 106
60 107
59 107
59 108
58 108
58 109
58 110
58 111
58 112
58 113
57 113
57 114
56 114
56 115
56 116
55 116
55 117
55 118
55 119
55 120
55 121
54 121
54 122
53 122
53 123
53 124
52 124
52 125
52 126
51 126
51 127
51 128
51 129
51 130
51 131
50 131
50 132
49 132
49 133
49 134
49 135
49 136
48 136
48 137
48 138
48 139
48 140
48 141
47 141
47 142
47 143
47 144
47 145
47 146
47 147
47 148
47 149
47 150
48 150
48 151
48 152
47 152
47 153
47 154
47 155
48 155
48 156
48 157
48 158
48 159
48 160
49 160
49 161
49 162
49 163
49 164
49 165
49 166
49 167
50 167
50 168
50 169
51 169
51 170
51 171
51 172
51 173
52 173
52 174
52 175
53 175
53 176
53 177
54 177
54 178
54 179
54 180
55 180
55 181
56 181
56 182
56 183
57 183
57 184
57 185
58 185
59 185
59 186
60 186
60 187
61 187
61 188
61 189
62 189
62 190
63 190
64 190
64 191
65 191
65 192
66 192
66 193
66 194
67 194
68 194
68 195
68 196
69 196
69 197
70 197
71 197
71 198
71 199
72 199
-2 -2
