45 201
45 202
45 203
45 204
44 204
44 205
44 206
44 207
43 207
43 208
43 209
43 210
43 211
43 212
43 213
42 213
42 214
42 215
42 216
42 217
41 217
41 218
40 218
40 219
40 220
40 221
39 221
39 222
38 222
38 223
37 223
37 224
37 225
36 225
36 226
35 226
35 227
35 228
34 228
34 229
34 230
33 230
33 231
33 232
32 232
32 233
32 234
31 234
31 235
31 236
31 237
30 237
30 238
30 239
30 240
30 241
29 241
29 242
29 243
29 244
28 244
28 245
28 246
28 247
28 248
27 248
27 249
27 250
27 251
27 252
27 253
27 254
26 254
26 255
26 256
26 257
26 258
26 259
26 260
27 260
27 261
27 262
27 263
27 264
27 265
27 266
27 267
27 268
27 269
27 270
27 271
28 271
28 272
28 273
28 274
28 275
28 276
28 277
28 278
28 279
29 279
29 280
29 281
29 282
29 283
29 284
30 284
30 285
30 286
31 286
31 287
31 288
31 289
31 290
32 290
32 291
32 292
32 293
32 294
33 294
33 295
33 296
33 297
33 298
34 298
34 299
34 300
34 301
35 301
35 302
35 303
36 303
36 304
36 305
36 306
37 306
37 307
38 307
38 308
38 309
39 309
39 310
39 311
40 311
40 312
41 312
41 313
41 314
41 315
41 316
42 316
42 317
42 318
42 319
42 320
42 321
43 321
43 322
43 323
44 323
44 324
44 325
44 326
45 326
45 327
45 328
45 329
45 330
44 330
44 331
44 332
44 333
43 333
43 334
43 335
43 336
43 337
43 338
43 339
42 339
41 339
41 340
41 341
41 342
41 343
40 343
40 344
40 345
40 346
40 347
40 348
39 348
38 348
38 349
37 349
37 350
36 350
36 351
36 352
35 352
35 353
34 353
33 353
33 354
32 354
32 355
32 356
31 356
30 356
30 357
30 358
29 358
28 358
28 359
27 359
26 359
26 0
25 0
25 1
25 2
25 3
25 4
25 5
25 6
25 7
25 8
25 9
24 9
24 10
24 11
23 11
23 12
23 13
23 14
22 14
22 15
22 16
22 17
23 17
23 18
23 19
23 20
22 20
22 21
22 22
22 23
22 24
22 25
23 25
23 26
23 27
23 28
23 29
24 29
24 30
24 31
24 32
24 33
24 34
24 35
24 36
24 37
25 37
25 38
25 39
25 40
26 40
26 41
26 42
27 42
27 43
27 44
27 45
28 45
29 45
29 46
30 46
30 47
31 47
31 48
32 48
33 48
33 49
33 50
34 50
34 51
35 51
35 52
35 53
36 53
36 54
37 54
37 55
37 56
38 56
38 57
39 57
39 58
40 58
40 59
40 60
40 61
40 62
41 62
41 63
41 64
41 65
41 66
42 66
42 67
42 68
42 69
43 69
43 70
43 71
44 71
44 72
44 73
43 73
43 74
43 75
43 76
43 77
43 78
42 78
42 79
42 80
42 81
42 82
42 83
41 83
41 84
41 85
41 86
41 87
40 87
40 88
40 89
39 89
38 89
38 90
37 90
37 91
37 92
37 93
37 94
37 95
37 96
36 96
36 97
36 98
35 98
34 98
34 99
34 100
33 100
33 101
33 102
33 103
33 104
33 105
33 106
32 106
31 106
31 107
31 108
31 109
30 109
29 109
29 110
29 111
30 111
30 112
30 113
30 114
29 114
29 115
29 116
28 116
28 117
28 118
28 119
28 120
27 120
27 121
27 122
27 123
27 124
27 125
27 126
27 127
27 128
27 129
27 130
27 131
27 132
26 132
26 133
25 133
25 134
26 134
26 135
26 136
25 136
25 137
26 137
26 138
26 139
26 140
26 141
26 142
26 143
26 144
26 145
26 146
26 147
26 148
26 149
26 150
26 151
26 152
26 153
25 153
25 154
25 155
26 155
26 156
26 157
26 158
26 159
26 160
26 161
27 161
28 161
28 162
28 163
28 164
28 165
28 166
28 167
28 168
29 168
29 169
29 170
29 171
30 171
31 171
31 172
31 173
32 173
32 174
32 175
32 176
32 177
33 177
33 178
33 179
33 180
34 180
35 180
35 181
35 182
36 182
36 183
37 183
37 184
37 185
38 185
38 186
39 186
39 187
39 188
40 188
41 188
41 189
41 190
41 191
42 191
42 192
43 192
43 193
43 194
43 195
43 196
43 197
44 197
44 198
44 199
44 200
44 201
45 201
-2 -2
