168 134
168 135
168 136
167 136
166 136
165 136
165 137
164 137
163 137
162 137
162 138
161 138
160 138
160 139
159 139
158 139
157 139
157 140
156 140
155 140
155 141
154 141
153 141
152 141
151 141
150 141
149 141
149 142
148 142
148 141
147 141
147 142
146 142
145 142
145 143
144 143
143 143
143 144
142 144
142 145
141 145
140 145
140 146
139 146
138 146
138 147
137 147
137 148
136 148
135 148
135 149
134 149
133 149
132 149
132 150
131 150
130 150
130 151
129 151
129 152
128 152
127 152
127 153
126 153
126 154
125 154
125 155
124 155
124 156
123 156
123 157
122 157
122 158
121 158
121 159
121 160
120 160
120 161
119 161
119 162
119 163
119 164
118 164
118 165
118 166
117 166
117 167
116 167
116 168
116 169
115 169
115 170
114 170
114 171
113 171
113 172
113 173
112 173
111 173
111 174
111 175
110 175
110 176
110 177
110 178
110 179
109 179
109 180
108 180
108 181
108 182
107 182
107 183
106 183
106 184
106 185
106 186
105 186
105 187
106 187
106 188
106 189
105 189
105 190
105 191
105 192
105 193
105 194
105 195
105 196
105 197
106 197
106 198
106 199
107 199
107 200
107 201
107 202
107 203
107 204
107 205
107 206
107 207
108 207
108 208
108 209
108 210
107 210
107 211
107 212
108 212
108 213
108 214
107 214
107 215
107 216
107 217
106 217
106 218
106 219
105 219
105 220
105 221
104 221
104 222
103 222
103 223
103 224
102 224
102 225
102 226
101 226
101 227
100 227
99 227
99 228
98 228
98 229
97 229
96 229
96 230
95 230
95 231
94 231
93 231
93 232
92 232
92 233
91 233
91 234
90 234
90 235
89 235
89 236
88 236
88 237
87 237
86 237
85 237
85 238
84 238
84 239
83 239
82 239
81 239
81 240
80 240
79 240
79 241
78 241
77 241
77 242
76 242
75 242
75 243
74 243
73 243
72 243
72 244
71 244
71 245
70 245
70 246
70 247
71 247
71 248
72 248
72 249
72 250
72 251
73 251
73 252
74 252
75 252
75 253
75 254
76 254
76 255
76 256
76 257
77 257
78 257
78 258
79 258
79 259
80 259
80 260
80 261
81 261
81 262
82 262
82 263
83 263
83 264
84 264
84 265
85 265
85 266
86 266
86 267
86 268
87 268
87 269
87 270
87 271
87 272
87 273
87 274
87 275
87 276
87 277
87 278
87 279
87 280
87 281
86 281
86 282
85 282
85 283
85 284
84 284
84 285
84 286
83 286
83 287
83 288
82 288
82 289
83 289
83 290
83 291
84 291
85 291
85 292
86 292
87 292
88 292
89 292
90 292
91 292
92 292
93 292
94 292
94 293
95 293
96 293
97 293
98 293
99 293
99 294
100 294
101 294
101 295
102 295
103 295
104 295
104 296
105 296
106 296
107 296
107 297
108 297
108 298
109 298
109 299
110 299
111 299
112 299
112 300
113 300
114 300
115 300
116 300
116 301
117 301
118 301
119 301
119 302
120 302
121 302
121 303
122 303
123 303
123 302
124 302
124 303
125 303
126 303
126 304
127 304
128 304
128 305
129 305
129 306
130 306
131 306
132 306
132 307
133 307
134 307
135 307
136 307
137 307
138 307
139 307
139 308
140 308
141 308
141 309
142 309
143 309
143 310
144 310
145 310
146 310
147 310
147 311
148 311
149 311
150 311
151 311
152 311
153 311
153 312
154 312
155 312
156 312
157 312
157 313
158 313
159 313
159 314
160 314
161 314
161 315
161 316
161 317
160 317
159 317
158 317
158 318
157 318
156 318
156 319
155 319
154 319
153 319
152 319
152 320
151 320
150 320
149 320
148 320
147 320
146 320
146 321
145 321
145 320
144 320
144 321
143 321
142 321
142 322
141 322
140 322
140 323
139 323
138 323
137 323
137 324
136 324
135 324
134 324
133 324
132 324
131 324
131 325
130 325
129 325
129 326
128 326
127 326
127 327
126 327
126 328
125 328
124 328
123 328
122 328
121 328
120 328
120 329
119 329
118 329
118 330
117 330
116 330
116 331
115 331
114 331
113 331
112 331
112 332
111 332
110 332
109 332
109 333
108 333
108 334
107 334
107 335
106 335
105 335
104 335
104 336
103 336
102 336
101 336
100 336
100 337
99 337
99 338
98 338
97 338
96 338
95 338
94 338
93 338
93 339
92 339
91 339
90 339
89 339
88 339
87 339
86 339
85 339
84 339
84 340
84 341
83 341
83 342
83 343
83 344
84 344
84 345
85 345
85 346
85 347
85 348
86 348
86 349
87 349
87 350
87 351
87 352
88 352
88 353
88 354
88 355
88 356
88 357
88 358
88 359
88 0
88 1
88 2
88 3
88 4
87 4
87 5
86 5
86 6
85 6
85 7
84 7
83 7
83 8
83 9
82 9
82 10
81 10
81 11
80 11
80 12
79 12
79 13
79 14
78 14
78 15
77 15
77 16
76 16
76 17
76 18
75 18
74 18
74 19
74 20
73 20
73 21
73 22
72 22
72 23
71 23
71 24
71 25
72 25
72 26
72 27
73 27
74 27
75 27
76 27
77 27
77 28
78 28
78 29
79 29
80 29
80 30
81 30
81 31
82 31
83 31
84 31
84 32
85 32
86 32
87 32
87 33
88 33
89 33
89 34
90 34
90 35
91 35
91 36
92 36
92 37
93 37
93 38
94 38
95 38
95 39
96 39
96 40
97 40
98 40
98 41
99 41
99 42
100 42
101 42
101 43
102 43
102 44
103 44
104 44
104 45
104 46
105 46
105 47
105 48
105 49
106 49
106 50
107 50
107 51
107 52
108 52
108 53
108 54
109 54
109 55
109 56
109 57
109 58
109 59
109 60
109 61
110 61
110 62
109 62
109 63
109 64
109 65
109 66
109 67
109 68
109 69
109 70
108 70
108 71
107 71
107 72
107 73
106 73
106 74
106 75
106 76
106 77
106 78
106 79
106 80
107 80
107 81
107 82
107 83
106 83
106 84
107 84
107 85
107 86
108 86
108 87
109 87
109 88
110 88
110 89
110 90
111 90
111 91
111 92
111 93
111 94
112 94
112 95
112 96
113 96
113 97
114 97
114 98
115 98
115 99
115 100
116 100
116 101
117 101
117 102
118 102
118 103
118 104
119 104
119 105
119 106
120 106
120 107
120 108
120 109
121 109
121 110
122 110
122 111
122 112
123 112
123 113
124 113
124 114
125 114
125 115
126 115
126 116
127 116
127 117
128 117
129 117
129 118
130 118
130 119
131 119
132 119
132 120
133 120
134 120
135 120
135 121
136 121
136 122
137 122
138 122
138 123
139 123
139 124
140 124
141 124
141 125
142 125
143 125
143 126
144 126
145 126
145 127
146 127
147 127
147 128
148 128
149 128
150 128
150 129
151 129
152 129
153 129
154 129
155 129
156 129
156 130
157 130
158 130
159 130
159 131
160 131
161 131
161 132
162 132
163 132
164 132
164 133
165 133
166 133
166 134
167 134
168 134
-2 -2
