46 154
46 155
46 156
45 156
45 157
45 158
45 159
44 159
44 160
44 161
44 162
44 163
43 163
43 164
43 165
43 166
43 167
43 168
42 168
41 168
41 169
40 169
40 170
39 170
39 171
39 172
39 173
38 173
38 174
37 174
37 175
37 176
37 177
36 177
35 177
35 178
34 178
34 179
34 180
33 180
33 181
33 182
33 183
32 183
32 184
32 185
31 185
31 186
31 187
30 187
29 187
29 188
29 189
29 190
28 190
28 191
28 192
28 193
28 194
27 194
27 195
27 196
27 197
27 198
27 199
26 199
26 200
25 200
25 201
25 202
26 202
26 203
26 204
26 205
25 205
25 206
25 207
26 207
26 208
26 209
26 210
25 210
25 211
25 212
26 212
26 213
26 214
26 215
25 215
25 216
25 217
25 218
25 219
25 220
25 221
25 222
25 223
25 224
26 224
26 225
26 226
25 226
25 227
26 227
26 228
26 229
26 230
26 231
26 232
26 233
26 234
26 235
26 236
27 236
27 237
27 238
27 239
27 240
27 241
27 242
27 243
28 243
28 244
28 245
28 246
29 246
29 247
29 248
29 249
29 250
29 251
30 251
30 252
30 253
31 253
31 254
32 254
32 255
32 256
32 257
32 258
33 258
33 259
33 260
34 260
34 261
34 262
35 262
35 263
35 264
36 264
36 265
36 266
36 267
37 267
37 268
37 269
37 270
38 270
38 271
38 272
39 272
39 273
39 274
40 274
40 275
40 276
40 277
41 277
41 278
41 279
41 280
41 281
41 282
41 283
42 283
42 284
42 285
42 286
42 287
42 288
42 289
42 290
42 291
41 291
41 292
41 293
41 294
41 295
40 295
40 296
40 297
40 298
40 299
39 299
39 300
39 301
39 302
39 303
38 303
38 304
37 304
37 305
36 305
36 306
35 306
35 307
35 308
35 309
34 309
34 310
33 310
33 311
33 312
32 312
32 313
32 314
31 314
30 314
29 314
29 315
29 316
28 316
28 317
28 318
27 318
26 318
26 319
26 320
25 320
25 321
25 322
25 323
24 323
24 324
24 325
24 326
24 327
23 327
23 328
23 329
22 329
22 330
23 330
23 331
23 332
23 333
23 334
23 335
22 335
22 336
22 337
22 338
22 339
22 340
22 341
22 342
21 342
21 343
22 343
22 344
22 345
22 346
22 347
22 348
23 348
23 349
23 350
23 351
24 351
24 352
24 353
24 354
24 355
24 356
25 356
25 357
25 358
25 359
24 359
24 0
24 1
25 1
26 1
26 2
26 3
27 3
28 3
28 4
29 4
30 4
30 5
30 6
31 6
32 6
32 7
33 7
34 7
34 8
34 9
35 9
35 10
36 10
36 11
37 11
37 12
38 12
38 13
39 13
40 13
40 14
40 15
40 16
40 17
41 17
41 18
41 19
41 20
41 21
42 21
42 22
43 22
43 23
43 24
44 24
44 25
44 26
44 27
44 28
44 29
44 30
45 30
45 31
45 32
45 33
45 34
45 35
45 36
45 37
44 37
44 38
44 39
44 40
43 40
43 41
43 42
43 43
42 43
42 44
42 45
42 46
42 47
42 48
41 48
41 49
41 50
40 50
40 51
39 51
39 52
39 53
38 53
38 54
38 55
37 55
37 56
37 57
36 57
36 58
36 59
35 59
35 60
35 61
35 62
34 62
34 63
34 64
34 65
34 66
33 66
33 67
33 68
33 69
33 70
32 70
32 71
32 72
32 73
32 74
32 75
32 76
31 76
31 77
31 78
30 78
30 79
30 80
30 81
30 82
30 83
30 84
29 84
29 85
29 86
29 87
29 88
29 89
28 89
28 90
28 91
28 92
28 93
28 94
28 95
28 96
28 97
28 98
28 99
28 100
28 101
28 102
28 103
28 104
27 104
27 105
27 106
28 106
28 107
28 108
28 109
28 110
28 111
29 111
29 112
29 113
29 114
29 115
30 115
30 116
30 117
30 118
30 119
31 119
31 120
31 121
31 122
32 122
32 123
32 124
32 125
33 125
33 126
33 127
34 127
34 128
34 129
35 129
35 130
35 131
36 131
36 132
36 133
37 133
37 134
37 135
38 135
38 136
39 136
39 137
39 138
40 138
40 139
40 140
40 141
41 141
42 141
42 142
43 142
43 143
43 144
43 145
43 146
43 147
43 148
44 148
44 149
44 150
44 151
44 152
45 152
45 153
45 154
46 154
-2 -2
