201 181
201 182
201 183
201 184
200 184
200 185
199 185
198 185
197 185
197 186
196 186
195 186
194 186
194 187
193 187
192 187
191 187
190 187
189 187
188 187
187 187
186 187
185 187
184 187
183 187
182 187
181 187
180 187
179 187
178 187
177 187
176 187
175 187
174 187
174 186
173 186
172 186
171 186
170 186
169 186
168 186
167 186
167 185
166 185
165 185
164 185
163 185
162 185
162 184
161 184
160 184
159 184
158 184
157 184
156 184
155 184
154 184
153 184
152 184
151 184
150 184
149 184
148 184
147 184
147 185
146 185
145 185
144 185
144 186
143 186
142 186
141 186
140 186
140 187
139 187
138 187
137 187
136 187
135 187
134 187
133 187
133 188
132 188
132 189
131 189
130 189
129 189
128 189
127 189
127 190
126 190
125 190
125 191
124 191
124 192
123 192
122 192
121 192
120 192
119 192
118 192
117 192
116 192
115 192
115 193
114 193
114 194
113 194
112 194
112 195
111 195
110 195
110 196
109 196
108 196
108 197
107 197
106 197
106 198
105 198
105 199
104 199
103 199
102 199
101 199
101 200
100 200
100 201
99 201
99 202
98 202
98 203
97 203
97 204
96 204
95 204
95 205
94 205
94 206
93 206
93 207
92 207
92 208
91 208
91 209
90 209
90 210
90 211
89 211
89 212
88 212
88 213
87 213
86 213
86 214
85 214
85 215
86 215
86 216
86 217
85 217
85 218
84 218
84 219
83 219
83 220
82 220
82 221
82 222
82 223
82 224
82 225
81 225
81 226
82 226
82 227
82 228
82 229
81 229
80 229
80 230
79 230
79 231
78 231
78 232
78 233
79 233
79 234
80 234
80 235
80 236
79 236
79 237
78 237
78 238
77 238
77 239
76 239
76 240
76 241
76 242
76 243
76 244
77 244
77 245
77 246
77 247
77 248
76 248
76 249
76 250
75 250
75 251
75 252
75 253
75 254
76 254
76 255
77 255
77 256
77 257
76 257
76 258
76 259
76 260
76 261
76 262
76 263
76 264
77 264
77 265
77 266
77 267
77 268
78 268
78 269
78 270
78 271
79 271
79 272
79 273
79 274
80 274
80 275
80 276
80 277
80 278
80 279
81 279
81 280
81 281
81 282
82 282
82 283
82 284
82 285
83 285
83 286
83 287
84 287
84 288
84 289
85 289
85 290
85 291
85 292
85 293
85 294
85 295
85 296
86 296
86 297
86 298
86 299
87 299
87 300
88 300
88 301
88 302
89 302
89 303
90 303
90 304
91 304
91 305
91 306
91 307
92 307
92 308
92 309
92 310
93 310
94 310
94 311
95 311
95 312
95 313
96 313
97 313
97 314
97 315
97 316
98 316
98 317
99 317
100 317
100 318
100 319
101 319
102 319
102 320
103 320
103 321
104 321
104 322
104 323
105 323
105 324
106 324
106 325
107 325
108 325
108 326
108 327
109 327
109 328
110 328
110 329
111 329
112 329
112 330
113 330
113 331
114 331
114 332
115 332
115 333
116 333
116 334
117 334
117 335
118 335
118 336
119 336
120 336
120 337
120 338
121 338
121 339
122 339
122 340
123 340
124 340
124 341
124 342
125 342
126 342
126 343
127 343
127 344
128 344
128 345
129 345
129 346
130 346
130 347
130 348
131 348
131 349
132 349
133 349
133 350
133 351
133 352
133 353
133 354
134 354
134 355
135 355
135 356
136 356
136 357
136 358
136 359
136 0
136 1
137 1
137 2
137 3
137 4
137 5
137 6
138 6
138 7
138 8
138 9
138 10
138 11
139 11
139 12
139 13
140 13
140 14
140 15
141 15
141 16
142 16
142 17
142 18
142 19
142 20
142 21
142 22
143 22
143 23
143 24
142 24
142 25
141 25
141 26
141 27
141 28
140 28
140 29
140 30
139 30
139 31
139 32
138 32
138 33
138 34
137 34
137 35
136 35
136 36
136 37
135 37
134 37
134 38
133 38
133 39
133 40
132 40
132 41
131 41
131 42
130 42
129 42
129 43
129 44
128 44
128 45
127 45
126 45
126 46
125 46
125 47
124 47
123 47
123 48
122 48
121 48
121 49
120 49
119 49
119 50
118 50
117 50
117 51
116 51
115 51
115 52
114 52
114 53
113 53
112 53
112 54
111 54
110 54
110 55
109 55
108 55
108 56
107 56
106 56
105 56
104 56
104 57
103 57
102 57
102 58
101 58
100 58
100 59
99 59
99 60
98 60
98 59
97 59
97 60
96 60
95 60
94 60
94 61
93 61
92 61
92 62
91 62
90 62
89 62
89 63
88 63
87 63
86 63
85 63
85 64
84 64
83 64
82 64
81 64
80 64
80 65
79 65
78 65
78 66
77 66
76 66
75 66
74 66
73 66
72 66
71 66
70 66
70 67
69 67
68 67
67 67
66 67
65 67
65 66
64 66
63 66
62 66
61 66
60 66
60 65
59 65
58 65
58 64
57 64
56 64
56 63
55 63
54 63
54 62
53 62
52 62
52 61
51 61
51 60
50 60
49 60
49 59
48 59
48 58
47 58
47 57
47 56
46 56
46 55
45 55
45 54
44 54
43 54
43 53
42 53
42 52
42 51
42 50
41 50
41 49
41 48
41 47
41 46
41 45
40 45
40 44
40 43
40 42
40 41
39 41
39 40
39 39
39 38
39 37
39 36
39 35
39 34
39 33
39 32
39 31
39 30
39 29
39 28
39 27
39 26
40 26
40 25
40 24
40 23
40 22
41 22
41 21
41 20
41 19
42 19
42 18
43 18
43 17
44 17
44 16
44 15
45 15
45 14
45 13
46 13
46 12
47 12
47 11
47 10
48 10
48 9
49 9
50 9
50 8
51 8
52 8
52 7
53 7
54 7
55 7
56 7
56 6
57 6
58 6
59 6
60 6
61 6
62 6
63 6
64 6
65 6
65 5
66 5
67 5
68 5
69 5
70 5
70 6
71 6
72 6
73 6
74 6
75 6
76 6
76 7
77 7
78 7
79 7
79 8
80 8
80 9
81 9
82 9
83 9
83 10
84 10
84 11
85 11
86 11
86 12
87 12
87 13
87 14
88 14
89 14
89 15
89 16
89 17
90 17
90 18
90 19
91 19
91 20
91 21
91 22
92 22
92 23
92 24
92 25
92 26
92 27
92 28
92 29
93 29
93 30
93 31
94 31
94 32
95 32
95 33
95 34
96 34
97 34
97 33
98 33
98 32
99 32
99 31
100 31
100 30
101 30
101 29
102 29
102 28
103 28
104 28
104 27
105 27
105 26
106 26
106 25
107 25
107 24
108 24
108 23
109 23
109 22
110 22
110 21
110 20
111 20
111 19
112 19
112 18
112 17
113 17
113 16
113 15
112 15
112 14
111 14
110 14
110 13
109 13
108 13
108 12
108 11
107 11
106 11
106 10
105 10
105 9
104 9
103 9
103 8
102 8
101 8
101 7
100 7
99 7
99 6
98 6
97 6
97 5
96 5
96 4
95 4
94 4
93 4
93 3
92 3
92 2
91 2
90 2
90 1
89 1
88 1
88 0
87 0
87 359
86 359
85 359
84 359
84 358
83 358
83 357
82 357
82 356
81 356
80 356
80 355
79 355
78 355
78 354
77 354
77 353
76 353
76 352
75 352
75 351
74 351
73 351
73 350
72 350
72 349
71 349
71 348
70 348
70 347
69 347
69 346
68 346
68 345
67 345
66 345
66 344
66 343
65 343
64 343
64 342
63 342
63 341
62 341
62 340
61 340
61 339
60 339
60 338
59 338
59 337
59 336
58 336
58 335
57 335
57 334
56 334
56 333
55 333
55 332
54 332
54 331
53 331
53 330
52 330
51 330
51 329
51 328
50 328
50 327
50 326
49 326
49 325
49 324
48 324
48 323
47 323
47 322
47 321
47 320
46 320
46 319
45 319
45 318
44 318
44 317
43 317
43 316
42 316
42 315
42 314
42 313
42 312
41 312
41 311
41 310
42 310
42 309
42 308
42 307
43 307
43 306
42 306
42 305
42 304
42 303
42 302
42 301
41 301
41 300
41 299
41 298
41 297
41 296
42 296
42 295
42 294
42 293
42 292
42 291
42 290
42 289
42 288
41 288
41 287
41 286
41 285
41 284
41 283
40 283
40 282
40 281
40 280
40 279
40 278
40 277
40 276
40 275
40 274
40 273
40 272
40 271
40 270
40 269
40 268
40 267
40 266
40 265
40 264
40 263
40 262
40 261
40 260
40 259
39 259
39 258
39 257
40 257
40 256
40 255
40 254
40 253
40 252
40 251
40 250
39 250
39 249
39 248
39 247
39 246
39 245
39 244
39 243
39 242
39 241
40 241
40 240
40 239
40 238
40 237
40 236
40 235
40 234
40 233
40 232
40 231
40 230
40 229
41 229
41 228
41 227
41 226
42 226
42 225
42 224
43 224
43 223
44 223
44 222
44 221
44 220
45 220
45 219
45 218
45 217
45 216
46 216
46 215
46 214
47 214
47 213
48 213
48 212
49 212
50 212
50 211
50 210
51 210
51 209
52 209
52 208
52 207
53 207
53 206
53 205
54 205
54 204
55 204
55 203
55 202
56 202
57 202
57 201
58 201
59 201
60 201
60 200
60 199
61 199
61 198
62 198
62 197
62 196
63 196
64 196
64 195
65 195
65 194
64 194
63 194
62 194
62 195
61 195
60 195
59 195
58 195
57 195
57 196
56 196
55 196
54 196
54 197
53 197
52 197
51 197
50 197
50 198
49 198
48 198
48 199
47 199
46 199
46 200
45 200
44 200
43 200
43 201
42 201
41 201
41 202
40 202
39 202
38 202
37 202
36 202
35 202
35 201
34 201
34 200
33 200
32 200
31 200
31 201
30 201
29 201
28 201
27 201
26 201
25 201
25 200
24 200
23 200
23 199
23 198
22 198
22 197
21 197
20 197
20 196
19 196
18 196
18 195
18 194
18 193
17 193
17 192
17 191
16 191
16 190
16 189
15 189
14 189
14 188
14 187
14 186
15 186
15 185
14 185
13 185
13 184
13 183
13 182
14 182
14 181
13 181
12 181
12 180
12 179
13 179
13 178
13 177
12 177
11 177
11 176
11 175
11 174
12 174
12 173
11 173
11 172
10 172
10 171
10 170
10 169
11 169
11 168
11 167
10 167
10 166
9 166
9 165
9 164
9 163
10 163
10 162
9 162
9 161
9 160
8 160
8 159
8 158
8 157
9 157
10 157
10 156
10 155
9 155
9 154
9 153
9 152
10 152
10 151
9 151
9 150
9 149
9 148
8 148
8 147
8 146
8 145
9 145
10 145
10 144
9 144
9 143
9 142
9 141
10 141
10 140
10 139
10 138
10 137
10 136
9 136
9 135
9 134
10 134
10 133
10 132
10 131
10 130
10 129
10 128
10 127
11 127
11 126
10 126
10 125
10 124
10 123
11 123
11 122
11 121
11 120
10 120
10 119
10 118
10 117
11 117
11 116
11 115
12 115
12 114
11 114
11 113
11 112
11 111
11 110
12 110
12 109
12 108
13 108
13 107
14 107
14 106
15 106
15 105
16 105
16 104
16 103
16 102
16 101
17 101
17 100
18 100
19 100
19 99
20 99
21 99
21 98
22 98
22 97
22 96
23 96
23 95
24 95
25 95
25 94
25 93
26 93
27 93
27 92
27 91
27 90
28 90
29 90
30 90
31 90
32 90
33 90
34 90
35 90
36 90
37 90
38 90
38 91
38 92
39 92
39 93
40 93
41 93
41 94
42 94
42 95
43 95
43 96
43 97
43 98
43 99
43 100
44 100
44 101
44 102
45 102
45 103
45 104
45 105
45 106
45 107
45 108
45 109
45 110
45 111
46 111
46 112
46 113
46 114
45 114
45 115
44 115
44 116
43 116
43 117
43 118
43 119
43 120
42 120
41 120
41 121
41 122
41 123
41 124
41 125
41 126
41 127
41 128
41 129
41 130
41 131
41 132
42 132
42 133
42 134
42 135
43 135
43 136
43 137
44 137
44 138
44 139
45 139
45 140
45 141
46 141
47 141
47 142
48 142
48 143
49 143
49 144
50 144
50 145
51 145
51 146
52 146
53 146
53 147
54 147
54 148
55 148
56 148
56 149
57 149
57 150
58 150
59 150
59 151
60 151
61 151
61 152
62 152
63 152
63 153
64 153
65 153
66 153
66 154
67 154
68 154
68 155
69 155
69 154
70 154
70 155
71 155
72 155
73 155
73 156
74 156
74 155
75 155
76 155
76 156
77 156
78 156
79 156
80 156
81 156
82 156
83 156
84 156
85 156
86 156
87 156
87 157
88 157
89 157
90 157
90 158
91 158
92 158
93 158
94 158
94 159
95 159
96 159
97 159
98 159
99 159
99 160
100 160
101 160
102 160
103 160
104 160
104 161
105 161
106 161
107 161
108 161
109 161
110 161
110 162
111 162
112 162
113 162
114 162
115 162
116 162
116 163
117 163
118 163
119 163
120 163
121 163
122 163
123 163
123 164
124 164
125 164
126 164
127 164
128 164
129 164
130 164
131 164
131 165
132 165
133 165
134 165
135 165
136 165
137 165
138 165
139 165
140 165
140 166
141 166
142 166
143 166
144 166
145 166
146 166
146 167
147 167
148 167
149 167
150 167
150 168
151 168
152 168
153 168
154 168
155 168
155 169
156 169
157 169
158 169
159 169
160 169
161 169
161 170
162 170
163 170
164 170
165 170
165 171
166 171
167 171
168 171
169 171
170 171
171 171
172 171
172 172
173 172
174 172
174 173
175 173
176 173
177 173
178 173
179 173
179 174
180 174
181 174
181 175
182 175
183 175
183 176
184 176
185 176
186 176
187 176
187 177
188 177
189 177
190 177
190 178
191 178
192 178
193 178
193 179
194 179
195 179
195 180
196 180
197 180
198 180
198 181
199 181
200 181
201 181
-2 -2
