73 109
73 110
73 111
73 112
73 113
73 114
73 115
73 116
73 117
73 118
72 118
72 119
72 120
71 120
71 121
70 121
69 121
69 122
68 122
67 122
67 123
67 124
66 124
66 125
65 125
64 125
64 126
63 126
62 126
62 127
61 127
61 128
61 129
60 129
60 130
60 131
59 131
59 132
59 133
58 133
58 134
57 134
57 135
57 136
56 136
56 137
56 138
55 138
55 139
54 139
54 140
53 140
53 141
53 142
53 143
52 143
52 144
52 145
52 146
51 146
51 147
51 148
51 149
51 150
51 151
51 152
50 152
50 153
51 153
51 154
51 155
50 155
50 156
50 157
49 157
49 158
49 159
49 160
49 161
49 162
49 163
49 164
48 164
48 165
49 165
49 166
49 167
49 168
49 169
49 170
49 171
49 172
50 172
50 173
50 174
50 175
50 176
50 177
50 178
50 179
50 180
50 181
51 181
51 182
51 183
51 184
51 185
52 185
52 186
52 187
52 188
53 188
53 189
54 189
54 190
55 190
55 191
55 192
56 192
56 193
56 194
56 195
57 195
57 196
57 197
57 198
58 198
58 199
58 200
58 201
59 201
59 202
59 203
60 203
60 204
60 205
61 205
61 206
61 207
61 208
61 209
61 210
61 211
62 211
62 212
62 213
62 214
62 215
63 215
63 216
63 217
63 218
63 219
63 220
64 220
64 221
64 222
63 222
63 223
63 224
63 225
63 226
63 227
63 228
63 229
63 230
63 231
63 232
63 233
63 234
63 235
63 236
62 236
62 237
62 238
62 239
62 240
62 241
62 242
62 243
62 244
62 245
62 246
62 247
61 247
61 248
61 249
61 250
60 250
60 251
60 252
60 253
60 254
60 255
60 256
60 257
60 258
60 259
60 260
59 260
59 261
60 261
60 262
60 263
60 264
60 265
60 266
60 267
60 268
60 269
60 270
59 270
59 271
59 272
59 273
59 274
59 275
58 275
58 276
58 277
58 278
58 279
58 280
58 281
58 282
58 283
58 284
59 284
59 285
59 286
59 287
58 287
58 288
59 288
59 289
59 290
58 290
58 291
58 292
58 293
58 294
58 295
58 296
58 297
58 298
58 299
58 300
58 301
58 302
58 303
58 304
58 305
58 306
58 307
58 308
58 309
58 310
59 310
59 311
59 312
59 313
58 313
58 314
58 315
58 316
58 317
59 317
59 318
59 319
59 320
59 321
59 322
59 323
59 324
59 325
60 325
60 326
60 327
59 327
59 328
60 328
60 329
60 330
60 331
60 332
60 333
60 334
60 335
60 336
60 337
61 337
61 338
61 339
61 340
61 341
62 341
62 342
62 343
61 343
61 344
61 345
61 346
61 347
62 347
62 348
62 349
62 350
62 351
63 351
63 352
63 353
63 354
63 355
63 356
63 357
63 358
63 359
63 0
63 1
63 2
63 3
63 4
63 5
63 6
63 7
63 8
63 9
62 9
62 10
61 10
61 11
61 12
61 13
60 13
60 14
61 14
61 15
61 16
61 17
60 17
60 18
60 19
60 20
59 20
59 21
58 21
58 22
58 23
58 24
57 24
57 25
57 26
57 27
56 27
56 28
56 29
56 30
55 30
55 31
55 32
54 32
54 33
54 34
53 34
53 35
53 36
52 36
52 37
52 38
52 39
52 40
51 40
51 41
51 42
50 42
50 43
49 43
49 44
49 45
49 46
49 47
49 48
49 49
49 50
49 51
48 51
48 52
48 53
48 54
48 55
48 56
48 57
48 58
48 59
48 60
48 61
48 62
48 63
48 64
48 65
48 66
48 67
48 68
49 68
50 68
50 69
50 70
50 71
50 72
50 73
50 74
50 75
50 76
50 77
51 77
51 78
51 79
51 80
52 80
52 81
52 82
52 83
53 83
53 84
53 85
53 86
54 86
54 87
55 87
55 88
55 89
55 90
56 90
57 90
57 91
57 92
58 92
58 93
58 94
59 94
59 95
60 95
60 96
61 96
61 97
62 97
62 98
62 99
63 99
64 99
64 100
65 100
66 100
66 101
67 101
67 102
67 103
68 103
69 103
69 104
69 105
69 106
70 106
71 106
71 107
71 108
72 108
72 109
73 109
-2 -2
