74 23
74 24
74 25
73 25
73 26
73 27
73 28
73 29
72 29
72 30
71 30
71 31
71 32
70 32
69 32
69 33
68 33
68 34
67 34
67 35
66 35
66 36
65 36
64 36
64 37
63 37
63 38
62 38
62 39
61 39
61 40
60 40
60 41
60 42
59 42
59 43
59 44
58 44
58 45
58 46
58 47
57 47
57 48
56 48
56 49
55 49
55 50
54 50
54 51
54 52
54 53
53 53
53 54
53 55
53 56
53 57
52 57
52 58
52 59
52 60
52 61
52 62
51 62
51 63
51 64
51 65
51 66
51 67
51 68
50 68
50 69
50 70
50 71
50 72
50 73
50 74
49 74
49 75
49 76
50 76
50 77
50 78
50 79
50 80
50 81
50 82
51 82
51 83
51 84
51 85
51 86
51 87
51 88
51 89
51 90
51 91
52 91
52 92
52 93
52 94
52 95
53 95
53 96
53 97
53 98
54 98
54 99
55 99
55 100
56 100
56 101
57 101
57 102
57 103
57 104
57 105
58 105
58 106
58 107
58 108
59 108
59 109
59 110
59 111
60 111
60 112
60 113
61 113
61 114
61 115
62 115
62 116
62 117
62 118
62 119
62 120
62 121
62 122
62 123
62 124
63 124
63 125
63 126
63 127
64 127
64 128
64 129
64 130
64 131
64 132
64 133
64 134
64 135
64 136
64 137
64 138
64 139
64 140
64 141
64 142
64 143
63 143
63 144
63 145
63 146
62 146
62 147
62 148
62 149
63 149
63 150
63 151
63 152
63 153
62 153
62 154
62 155
62 156
62 157
61 157
61 158
61 159
61 160
61 161
61 162
60 162
60 163
60 164
60 165
60 166
60 167
60 168
60 169
60 170
60 171
60 172
60 173
60 174
60 175
60 176
60 177
60 178
60 179
60 180
59 180
59 181
59 182
59 183
59 184
59 185
58 185
58 186
58 187
58 188
58 189
58 190
58 191
58 192
58 193
58 194
58 195
58 196
58 197
58 198
58 199
58 200
58 201
58 202
58 203
57 203
57 204
57 205
57 206
58 206
58 207
58 208
58 209
58 210
57 210
57 211
57 212
57 213
57 214
57 215
58 215
58 216
58 217
58 218
58 219
57 219
57 220
58 220
58 221
58 222
58 223
58 224
58 225
58 226
58 227
58 228
58 229
58 230
58 231
58 232
58 233
59 233
59 234
59 235
59 236
59 237
58 237
58 238
59 238
59 239
59 240
59 241
60 241
60 242
60 243
59 243
59 244
59 245
59 246
59 247
60 247
60 248
60 249
60 250
61 250
61 251
61 252
60 252
60 253
60 254
60 255
60 256
60 257
60 258
61 258
61 259
61 260
61 261
61 262
62 262
62 263
62 264
62 265
62 266
62 267
62 268
62 269
62 270
62 271
62 272
62 273
62 274
62 275
62 276
62 277
62 278
61 278
61 279
60 279
60 280
60 281
60 282
60 283
60 284
59 284
59 285
59 286
59 287
59 288
58 288
58 289
58 290
58 291
58 292
58 293
57 293
57 294
56 294
56 295
56 296
56 297
55 297
55 298
55 299
55 300
55 301
54 301
54 302
54 303
53 303
53 304
53 305
52 305
52 306
52 307
51 307
51 308
51 309
51 310
51 311
50 311
50 312
50 313
49 313
49 314
49 315
49 316
49 317
49 318
48 318
48 319
48 320
48 321
48 322
48 323
48 324
48 325
47 325
47 326
47 327
47 328
47 329
47 330
48 330
48 331
48 332
48 333
48 334
48 335
48 336
48 337
48 338
48 339
48 340
49 340
49 341
49 342
50 342
50 343
50 344
49 344
49 345
49 346
50 346
50 347
50 348
50 349
51 349
51 350
51 351
52 351
52 352
52 353
52 354
53 354
53 355
53 356
54 356
54 357
54 358
54 359
54 0
55 0
56 0
56 1
56 2
57 2
57 3
58 3
58 4
59 4
59 5
59 6
60 6
60 7
61 7
61 8
62 8
62 9
63 9
63 10
64 10
64 11
65 11
65 12
66 12
67 12
67 13
68 13
68 14
69 14
69 15
69 16
70 16
70 17
71 17
71 18
71 19
72 19
73 19
73 20
73 21
73 22
73 23
74 23
-2 -2
