153 47
153 48
152 48
152 49
152 50
153 50
153 51
153 52
153 53
153 54
152 54
152 55
152 56
152 57
151 57
151 58
150 58
150 59
150 60
150 61
149 61
149 62
149 63
148 63
148 64
147 64
146 64
146 65
145 65
145 66
144 66
144 67
143 67
143 68
142 68
142 69
141 69
141 70
140 70
140 71
139 71
139 72
138 72
137 72
137 73
136 73
135 73
135 74
134 74
134 75
133 75
132 75
132 76
131 76
130 76
130 77
130 78
129 78
129 79
128 79
128 80
127 80
127 81
126 81
125 81
125 82
124 82
124 83
123 83
123 84
122 84
122 85
122 86
121 86
120 86
120 87
119 87
119 88
118 88
118 89
117 89
117 90
116 90
115 90
114 90
113 90
113 91
113 92
112 92
112 93
111 93
110 93
110 94
109 94
108 94
108 95
107 95
107 96
106 96
105 96
105 97
104 97
104 98
103 98
102 98
101 98
101 99
100 99
100 100
99 100
98 100
98 101
97 101
97 102
96 102
95 102
94 102
93 102
93 103
92 103
92 104
91 104
90 104
90 105
89 105
88 105
88 106
87 106
87 107
86 107
85 107
84 107
83 107
83 108
82 108
81 108
81 109
81 110
81 111
81 112
82 112
82 113
83 113
83 114
83 115
84 115
84 116
85 116
85 117
86 117
87 117
87 118
88 118
88 119
88 120
89 120
89 121
90 121
90 122
91 122
91 123
92 123
92 124
93 124
93 125
93 126
94 126
95 126
95 127
96 127
96 128
97 128
97 129
98 129
99 129
99 130
99 131
100 131
100 132
100 133
100 134
101 134
101 135
102 135
102 136
103 136
103 137
104 137
104 138
104 139
104 140
105 140
105 141
105 142
105 143
106 143
107 143
107 144
107 145
107 146
108 146
108 147
108 148
108 149
109 149
109 150
108 150
108 151
109 151
109 152
109 153
109 154
109 155
109 156
108 156
108 157
109 157
109 158
109 159
109 160
109 161
108 161
108 162
108 163
108 164
108 165
108 166
108 167
107 167
107 168
107 169
106 169
106 170
105 170
105 171
105 172
105 173
104 173
104 174
103 174
103 175
103 176
103 177
103 178
102 178
102 179
101 179
101 180
100 180
99 180
99 181
99 182
99 183
98 183
98 184
97 184
97 185
96 185
96 186
95 186
95 187
94 187
94 188
93 188
93 189
93 190
92 190
91 190
91 191
90 191
90 192
89 192
89 193
88 193
88 194
87 194
87 195
86 195
86 196
86 197
85 197
84 197
84 198
83 198
83 199
82 199
82 200
81 200
81 201
80 201
80 202
79 202
78 202
78 203
78 204
79 204
79 205
80 205
81 205
82 205
82 206
83 206
84 206
84 207
84 208
85 208
86 208
86 209
87 209
87 210
88 210
89 210
89 211
90 211
91 211
92 211
93 211
93 212
94 212
94 213
95 213
96 213
96 214
97 214
97 215
98 215
98 216
99 216
100 216
100 217
101 217
101 218
102 218
102 219
103 219
104 219
104 220
105 220
106 220
107 220
107 221
108 221
108 222
109 222
109 223
110 223
111 223
111 224
112 224
113 224
113 225
114 225
115 225
115 226
116 226
117 226
117 227
118 227
118 228
118 229
119 229
119 230
120 230
120 231
121 231
121 232
122 232
123 232
123 233
124 233
124 234
125 234
125 235
126 235
126 236
127 236
127 237
128 237
128 238
129 238
130 238
130 239
131 239
131 240
132 240
132 241
133 241
133 242
134 242
134 243
135 243
136 243
136 244
137 244
137 245
138 245
138 246
139 246
139 247
140 247
141 247
141 248
142 248
142 249
143 249
143 250
144 250
144 251
145 251
145 252
146 252
146 253
146 254
147 254
147 255
148 255
148 256
149 256
149 257
149 258
149 259
150 259
150 260
151 260
151 261
151 262
151 263
151 264
150 264
150 265
150 266
150 267
150 268
150 269
150 270
150 271
150 272
149 272
149 273
148 273
148 274
147 274
146 274
146 275
146 276
145 276
144 276
144 277
144 278
143 278
143 279
142 279
141 279
141 280
140 280
140 281
139 281
139 282
138 282
137 282
137 283
136 283
136 284
135 284
135 285
134 285
134 286
133 286
133 287
132 287
131 287
131 288
130 288
129 288
129 289
129 290
128 290
128 291
127 291
126 291
126 292
125 292
125 293
124 293
123 293
122 293
122 294
121 294
120 294
119 294
118 294
118 295
117 295
116 295
115 295
114 295
113 295
112 295
111 295
111 294
110 294
109 294
108 294
108 293
107 293
107 292
106 292
105 292
105 291
104 291
103 291
102 291
102 290
101 290
100 290
100 289
99 289
98 289
97 289
96 289
96 288
95 288
95 287
94 287
93 287
92 287
92 286
91 286
90 286
89 286
89 285
88 285
87 285
87 284
86 284
86 285
85 285
84 285
84 284
83 284
82 284
82 285
81 285
80 285
79 285
78 285
77 285
77 284
76 284
75 284
74 284
73 284
72 284
72 283
71 283
71 284
70 284
69 284
68 284
67 284
66 284
66 285
65 285
64 285
63 285
62 285
61 285
61 286
60 286
59 286
58 286
57 286
56 286
55 286
54 286
53 286
52 286
51 286
50 286
49 286
48 286
47 286
46 286
45 286
44 286
43 286
42 286
41 286
40 286
39 286
39 287
38 287
37 287
36 287
36 288
35 288
34 288
34 289
33 289
32 289
32 290
31 290
31 291
30 291
29 291
29 292
28 292
28 293
27 293
26 293
26 294
26 295
25 295
25 296
24 296
24 297
23 297
23 298
22 298
22 299
21 299
21 300
21 301
20 301
20 302
19 302
19 303
19 304
19 305
19 306
19 307
19 308
18 308
18 309
18 310
18 311
18 312
18 313
18 314
17 314
17 315
17 316
17 317
17 318
18 318
18 319
18 320
18 321
17 321
17 322
17 323
17 324
16 324
16 325
16 326
17 326
17 327
17 328
17 329
17 330
17 331
17 332
16 332
16 333
16 334
16 335
16 336
16 337
17 337
17 338
17 339
17 340
16 340
16 341
16 342
16 343
15 343
15 344
16 344
16 345
16 346
16 347
16 348
16 349
16 350
15 350
15 351
16 351
16 352
16 353
16 354
15 354
15 355
16 355
17 355
17 356
17 357
17 358
16 358
16 359
16 0
17 0
17 1
17 2
18 2
19 2
19 3
19 4
19 5
20 5
20 6
20 7
20 8
20 9
20 10
20 11
20 12
20 13
20 14
20 15
21 15
21 16
21 17
21 18
22 18
22 19
23 19
23 20
23 21
24 21
24 22
25 22
26 22
26 23
27 23
27 24
28 24
28 25
29 25
30 25
30 26
31 26
31 27
32 27
33 27
33 28
34 28
35 28
35 29
36 29
37 29
38 29
38 30
39 30
40 30
41 30
42 30
43 30
44 30
45 30
46 30
46 31
47 31
47 30
48 30
49 30
50 30
50 31
51 31
51 30
52 30
53 30
53 31
54 31
55 31
56 31
57 31
58 31
59 31
60 31
61 31
62 31
63 31
64 31
64 32
65 32
66 32
66 31
67 31
68 31
69 31
70 31
70 32
71 32
72 32
73 32
74 32
75 32
76 32
76 31
77 31
77 32
78 32
78 31
79 31
80 31
80 32
81 32
82 32
83 32
83 31
84 31
85 31
86 31
87 31
88 31
88 30
89 30
90 30
91 30
92 30
93 30
93 29
94 29
95 29
95 28
96 28
97 28
98 28
99 28
99 27
100 27
100 26
101 26
102 26
103 26
103 25
104 25
105 25
105 24
106 24
107 24
108 24
108 23
109 23
110 23
110 22
111 22
111 21
112 21
113 21
114 21
115 21
116 21
117 21
118 21
119 21
120 21
121 21
122 21
122 22
123 22
124 22
125 22
126 22
127 22
127 23
128 23
129 23
129 24
130 24
130 25
131 25
131 26
132 26
132 27
133 27
133 28
134 28
134 29
135 29
136 29
136 30
137 30
137 31
138 31
139 31
139 32
140 32
140 33
141 33
141 34
142 34
142 35
142 36
143 36
143 37
144 37
145 37
145 38
146 38
146 39
147 39
147 40
148 40
149 40
149 41
149 42
150 42
150 43
151 43
151 44
152 44
152 45
152 46
152 47
153 47
-2 -2
