988 93
988 94
987 94
986 94
985 94
984 94
983 94
983 95
982 95
981 95
981 96
980 96
980 97
979 97
979 98
978 98
977 98
977 99
976 99
976 100
975 100
975 101
974 101
974 102
973 102
973 103
972 103
972 104
971 104
971 105
970 105
970 106
969 106
969 107
968 107
968 108
967 108
967 109
966 109
966 110
965 110
965 111
965 112
964 112
964 113
963 113
963 114
963 115
962 115
962 116
962 117
961 117
961 118
961 119
961 120
961 121
961 122
961 123
960 123
960 124
960 125
960 126
960 127
960 128
960 129
959 129
959 130
959 131
959 132
960 132
960 133
960 134
960 135
960 136
960 137
961 137
961 138
961 139
961 140
961 141
961 142
962 142
962 143
962 144
962 145
963 145
963 146
964 146
964 147
965 147
965 148
965 149
966 149
966 150
966 151
967 151
967 152
968 152
968 153
969 153
969 154
970 154
970 155
970 156
971 156
971 157
972 157
972 158
973 158
973 159
974 159
974 160
974 161
975 161
975 162
976 162
976 163
977 163
977 164
978 164
978 165
979 165
979 166
980 166
981 166
981 167
982 167
983 167
983 168
984 168
985 168
985 169
986 169
986 170
987 170
988 170
988 171
989 171
990 171
991 171
992 171
993 171
994 171
995 171
996 171
997 171
998 171
999 171
1000 171
1001 171
1002 171
1003 171
1004 171
1005 171
1006 171
1007 171
1008 171
1009 171
1010 171
1010 170
1011 170
1012 170
1013 170
1013 169
1014 169
1014 168
1015 168
1016 168
1016 167
1017 167
1018 167
1018 166
1019 166
1020 166
1020 165
1021 165
1021 164
1022 164
1023 164
1023 163
1023 162
1024 162
1024 161
1025 161
1025 160
1026 160
1026 159
1027 159
1027 158
1028 158
1028 157
1028 156
1029 156
1029 155
1029 154
1030 154
1030 153
1031 153
1031 152
1032 152
1032 151
1033 151
1033 150
1033 149
1034 149
1034 148
1034 147
1035 147
1035 146
1036 146
1037 146
1037 145
1037 144
1037 143
1038 143
1038 142
1038 141
1038 140
1038 139
1038 138
1038 137
1039 137
1039 136
1039 135
1039 134
1039 133
1039 132
1039 131
1039 130
1039 129
1039 128
1039 127
1039 126
1039 125
1039 124
1039 123
1038 123
1038 122
1038 121
1038 120
1038 119
1038 118
1038 117
1037 117
1037 116
1037 115
1037 114
1036 114
1036 113
1035 113
1034 113
1034 112
1034 111
1033 111
1033 110
1033 109
1032 109
1032 108
1031 108
1031 107
1030 107
1030 106
1029 106
1029 105
1028 105
1028 104
1027 104
1027 103
1026 103
1026 102
1025 102
1025 101
1024 101
1024 100
1023 100
1023 99
1022 99
1022 98
1021 98
1020 98
1020 97
1019 97
1019 96
1018 96
1018 95
1017 95
1016 95
1016 94
1015 94
1014 94
1013 94
1012 94
1011 94
1010 94
1010 93
1009 93
1008 93
1007 93
1006 93
1005 93
1004 93
1003 93
1002 93
1001 93
1000 93
999 93
998 93
997 93
996 93
995 93
994 93
993 93
992 93
991 93
990 93
989 93
988 93
-2 -2
