1654 1306
1654 1307
1653 1307
1652 1307
1651 1307
1650 1307
1649 1307
1649 1308
1648 1308
1647 1308
1646 1308
1645 1308
1645 1309
1644 1309
1643 1309
1642 1309
1641 1309
1640 1309
1639 1309
1639 1310
1638 1310
1637 1310
1636 1310
1635 1310
1634 1310
1634 1311
1633 1311
1632 1311
1631 1311
1630 1311
1629 1311
1628 1311
1628 1312
1627 1312
1627 1313
1626 1313
1625 1313
1625 1314
1624 1314
1623 1314
1623 1315
1622 1315
1621 1315
1620 1315
1619 1315
1618 1315
1617 1315
1616 1315
1616 1316
1615 1316
1614 1316
1614 1317
1613 1317
1613 1318
1612 1318
1612 1319
1611 1319
1610 1319
1609 1319
1609 1320
1608 1320
1607 1320
1606 1320
1605 1320
1604 1320
1603 1320
1602 1320
1601 1320
1601 1321
1601 1322
1600 1322
1600 1323
1600 1324
1599 1324
1598 1324
1598 1325
1597 1325
1596 1325
1595 1325
1594 1325
1593 1325
1592 1325
1591 1325
1591 1326
1591 1327
1590 1327
1590 1328
1590 1329
1589 1329
1588 1329
1587 1329
1587 1330
1586 1330
1586 1331
1585 1331
1585 1332
1585 1333
1584 1333
1583 1333
1582 1333
1582 1334
1581 1334
1580 1334
1579 1334
1579 1335
1578 1335
1577 1335
1577 1336
1577 1337
1576 1337
1576 1338
1575 1338
1575 1339
1574 1339
1573 1339
1572 1339
1571 1339
1570 1339
1570 1340
1569 1340
1569 1341
1568 1341
1568 1342
1567 1342
1567 1343
1566 1343
1565 1343
1565 1344
1564 1344
1563 1344
1563 1345
1562 1345
1562 1346
1561 1346
1561 1347
1560 1347
1559 1347
1558 1347
1558 1348
1557 1348
1556 1348
1556 1349
1555 1349
1554 1349
1554 1350
1554 1351
1553 1351
1553 1352
1552 1352
1551 1352
1551 1353
1550 1353
1549 1353
1548 1353
1547 1353
1546 1353
1546 1354
1545 1354
1545 1355
1544 1355
1544 1356
1543 1356
1543 1357
1542 1357
1541 1357
1540 1357
1540 1358
1539 1358
1538 1358
1538 1359
1537 1359
1537 1360
1536 1360
1535 1360
1535 1361
1534 1361
1534 1362
1533 1362
1532 1362
1531 1362
1530 1362
1529 1362
1528 1362
1527 1362
1526 1362
1525 1362
1525 1363
1524 1363
1524 1364
1523 1364
1523 1365
1522 1365
1521 1365
1521 1366
1520 1366
1519 1366
1518 1366
1518 1367
1517 1367
1516 1367
1516 1368
1515 1368
1515 1369
1514 1369
1514 1370
1513 1370
1512 1370
1512 1371
1511 1371
1510 1371
1509 1371
1508 1371
1507 1371
1507 1372
1506 1372
1505 1372
1504 1372
1504 1373
1503 1373
1503 1374
1502 1374
1502 1375
1501 1375
1500 1375
1500 1376
1499 1376
1498 1376
1497 1376
1496 1376
1495 1376
1494 1376
1493 1376
1492 1376
1491 1376
1490 1376
1489 1376
1488 1376
1487 1376
1486 1376
1486 1375
1485 1375
1484 1375
1484 1374
1483 1374
1483 1373
1482 1373
1482 1372
1481 1372
1480 1372
1479 1372
1479 1371
1478 1371
1477 1371
1476 1371
1476 1370
1475 1370
1475 1369
1474 1369
1474 1368
1473 1368
1472 1368
1472 1367
1471 1367
1470 1367
1470 1366
1469 1366
1468 1366
1468 1365
1467 1365
1466 1365
1465 1365
1465 1364
1464 1364
1463 1364
1462 1364
1461 1364
1460 1364
1459 1364
1458 1364
1457 1364
1457 1365
1456 1365
1455 1365
1454 1365
1454 1366
1453 1366
1452 1366
1452 1367
1451 1367
1451 1368
1450 1368
1450 1369
1449 1369
1449 1370
1449 1371
1448 1371
1448 1372
1447 1372
1447 1373
1447 1374
1446 1374
1446 1375
1446 1376
1446 1377
1446 1378
1446 1379
1446 1380
1447 1380
1447 1381
1448 1381
1448 1382
1449 1382
1449 1383
1449 1384
1450 1384
1450 1385
1450 1386
1451 1386
1451 1387
1452 1387
1452 1388
1453 1388
1453 1389
1454 1389
1454 1390
1455 1390
1455 1391
1456 1391
1456 1392
1457 1392
1457 1393
1458 1393
1458 1394
1459 1394
1459 1395
1460 1395
1460 1396
1461 1396
1461 1397
1462 1397
1463 1397
1463 1398
1464 1398
1464 1399
1464 1400
1465 1400
1465 1401
1466 1401
1466 1402
1466 1403
1467 1403
1467 1404
1468 1404
1468 1405
1469 1405
1470 1405
1470 1406
1471 1406
1472 1406
1472 1407
1473 1407
1474 1407
1474 1408
1475 1408
1475 1409
1476 1409
1476 1410
1477 1410
1478 1410
1478 1411
1479 1411
1480 1411
1481 1411
1482 1411
1483 1411
1483 1412
1484 1412
1485 1412
1486 1412
1486 1413
1487 1413
1487 1414
1488 1414
1488 1415
1489 1415
1490 1415
1491 1415
1492 1415
1493 1415
1494 1415
1494 1416
1495 1416
1496 1416
1497 1416
1498 1416
1498 1417
1499 1417
1500 1417
1500 1418
1501 1418
1502 1418
1502 1419
1503 1419
1504 1419
1505 1419
1505 1420
1506 1420
1507 1420
1508 1420
1509 1420
1510 1420
1511 1420
1512 1420
1513 1420
1514 1420
1515 1420
1516 1420
1517 1420
1518 1420
1519 1420
1520 1420
1521 1420
1522 1420
1523 1420
1524 1420
1525 1420
1526 1420
1527 1420
1528 1420
1529 1420
1530 1420
1531 1420
1532 1420
1533 1420
1534 1420
1535 1420
1536 1420
1537 1420
1538 1420
1539 1420
1540 1420
1541 1420
1542 1420
1543 1420
1544 1420
1545 1420
1546 1420
1547 1420
1548 1420
1549 1420
1550 1420
1551 1420
1552 1420
1553 1420
1554 1420
1555 1420
1556 1420
1557 1420
1558 1420
1559 1420
1560 1420
1561 1420
1562 1420
1563 1420
1564 1420
1565 1420
1566 1420
1567 1420
1568 1420
1569 1420
1569 1419
1570 1419
1571 1419
1572 1419
1572 1418
1573 1418
1574 1418
1574 1417
1575 1417
1576 1417
1577 1417
1578 1417
1578 1416
1579 1416
1580 1416
1581 1416
1582 1416
1583 1416
1583 1415
1584 1415
1585 1415
1586 1415
1587 1415
1588 1415
1589 1415
1590 1415
1591 1415
1592 1415
1593 1415
1594 1415
1595 1415
1596 1415
1597 1415
1598 1415
1599 1415
1600 1415
1601 1415
1602 1415
1603 1415
1604 1415
1605 1415
1606 1415
1607 1415
1608 1415
1609 1415
1610 1415
1611 1415
1612 1415
1613 1415
1614 1415
1614 1416
1615 1416
1616 1416
1617 1416
1618 1416
1618 1417
1619 1417
1620 1417
1620 1418
1621 1418
1621 1419
1622 1419
1623 1419
1623 1420
1624 1420
1624 1421
1625 1421
1625 1422
1626 1422
1626 1423
1626 1424
1627 1424
1627 1425
1628 1425
1628 1426
1628 1427
1628 1428
1629 1428
1629 1429
1630 1429
1631 1429
1632 1429
1633 1429
1633 1430
1634 1430
1635 1430
1636 1430
1637 1430
1638 1430
1639 1430
1639 1429
1640 1429
1641 1429
1642 1429
1643 1429
1643 1428
1644 1428
1644 1427
1645 1427
1645 1426
1645 1425
1646 1425
1646 1424
1647 1424
1647 1423
1647 1422
1647 1421
1647 1420
1647 1419
1647 1418
1647 1417
1647 1416
1647 1415
1647 1414
1646 1414
1646 1413
1646 1412
1645 1412
1645 1411
1645 1410
1645 1409
1644 1409
1644 1408
1644 1407
1644 1406
1644 1405
1644 1404
1644 1403
1643 1403
1643 1402
1643 1401
1643 1400
1643 1399
1643 1398
1643 1397
1642 1397
1642 1396
1641 1396
1641 1395
1640 1395
1640 1394
1640 1393
1639 1393
1639 1392
1639 1391
1638 1391
1638 1390
1638 1389
1637 1389
1637 1388
1636 1388
1636 1387
1635 1387
1635 1386
1634 1386
1634 1385
1633 1385
1633 1384
1632 1384
1632 1383
1631 1383
1630 1383
1630 1382
1629 1382
1629 1381
1628 1381
1628 1380
1627 1380
1626 1380
1626 1379
1625 1379
1625 1378
1624 1378
1624 1377
1623 1377
1622 1377
1622 1376
1621 1376
1620 1376
1619 1376
1619 1375
1618 1375
1617 1375
1616 1375
1616 1374
1615 1374
1614 1374
1614 1373
1613 1373
1613 1372
1612 1372
1611 1372
1610 1372
1610 1371
1609 1371
1608 1371
1607 1371
1606 1371
1605 1371
1604 1371
1603 1371
1602 1371
1601 1371
1600 1371
1599 1371
1598 1371
1597 1371
1596 1371
1595 1371
1594 1371
1593 1371
1592 1371
1591 1371
1590 1371
1589 1371
1588 1371
1587 1371
1586 1371
1585 1371
1584 1371
1583 1371
1582 1371
1581 1371
1580 1371
1579 1371
1579 1370
1580 1370
1581 1370
1581 1369
1582 1369
1583 1369
1583 1368
1584 1368
1585 1368
1586 1368
1586 1367
1587 1367
1587 1366
1588 1366
1588 1365
1589 1365
1589 1364
1590 1364
1591 1364
1592 1364
1593 1364
1594 1364
1595 1364
1595 1363
1596 1363
1597 1363
1597 1362
1598 1362
1598 1361
1599 1361
1600 1361
1600 1360
1601 1360
1602 1360
1603 1360
1603 1359
1604 1359
1605 1359
1606 1359
1607 1359
1608 1359
1609 1359
1609 1358
1610 1358
1610 1357
1611 1357
1611 1356
1612 1356
1613 1356
1613 1355
1614 1355
1615 1355
1616 1355
1617 1355
1618 1355
1619 1355
1619 1354
1620 1354
1621 1354
1621 1353
1622 1353
1622 1352
1623 1352
1624 1352
1624 1351
1625 1351
1625 1350
1626 1350
1627 1350
1628 1350
1629 1350
1630 1350
1630 1349
1631 1349
1632 1349
1632 1348
1633 1348
1633 1347
1634 1347
1634 1346
1635 1346
1636 1346
1637 1346
1638 1346
1639 1346
1639 1345
1640 1345
1641 1345
1642 1345
1643 1345
1644 1345
1645 1345
1646 1345
1647 1345
1648 1345
1649 1345
1650 1345
1651 1345
1652 1345
1653 1345
1654 1345
1655 1345
1656 1345
1657 1345
1658 1345
1659 1345
1660 1345
1661 1345
1662 1345
1663 1345
1663 1346
1664 1346
1665 1346
1665 1347
1666 1347
1666 1348
1667 1348
1667 1349
1668 1349
1669 1349
1670 1349
1670 1350
1671 1350
1672 1350
1673 1350
1673 1351
1674 1351
1674 1352
1675 1352
1675 1353
1675 1354
1676 1354
1677 1354
1677 1355
1678 1355
1679 1355
1680 1355
1681 1355
1682 1355
1683 1355
1684 1355
1684 1356
1685 1356
1686 1356
1687 1356
1688 1356
1688 1357
1689 1357
1690 1357
1690 1358
1691 1358
1692 1358
1692 1359
1693 1359
1694 1359
1695 1359
1696 1359
1697 1359
1697 1360
1698 1360
1699 1360
1700 1360
1700 1361
1701 1361
1702 1361
1702 1362
1703 1362
1703 1363
1704 1363
1705 1363
1705 1364
1706 1364
1707 1364
1707 1365
1708 1365
1709 1365
1709 1366
1710 1366
1711 1366
1711 1367
1712 1367
1712 1368
1713 1368
1714 1368
1714 1369
1715 1369
1716 1369
1716 1370
1717 1370
1717 1371
1718 1371
1718 1372
1719 1372
1719 1373
1720 1373
1721 1373
1721 1374
1722 1374
1723 1374
1723 1375
1724 1375
1724 1376
1725 1376
1725 1377
1726 1377
1726 1378
1727 1378
1728 1378
1728 1379
1729 1379
1729 1380
1730 1380
1730 1381
1731 1381
1731 1382
1732 1382
1732 1383
1733 1383
1734 1383
1734 1384
1735 1384
1735 1385
1735 1386
1736 1386
1736 1387
1737 1387
1738 1387
1738 1388
1739 1388
1739 1389
1740 1389
1740 1390
1741 1390
1741 1391
1742 1391
1742 1392
1743 1392
1744 1392
1744 1393
1744 1394
1745 1394
1745 1395
1746 1395
1746 1396
1747 1396
1747 1397
1748 1397
1748 1398
1749 1398
1749 1399
1749 1400
1750 1400
1750 1401
1751 1401
1751 1402
1752 1402
1752 1403
1753 1403
1753 1404
1753 1405
1753 1406
1754 1406
1754 1407
1754 1408
1754 1409
1755 1409
1755 1410
1756 1410
1756 1411
1756 1412
1757 1412
1757 1413
1757 1414
1757 1415
1758 1415
1758 1416
1758 1417
1757 1417
1757 1418
1757 1419
1757 1420
1756 1420
1756 1421
1755 1421
1755 1422
1754 1422
1754 1423
1753 1423
1753 1424
1753 1425
1752 1425
1752 1426
1751 1426
1751 1427
1750 1427
1750 1428
1749 1428
1749 1429
1748 1429
1748 1430
1747 1430
1747 1431
1746 1431
1746 1432
1745 1432
1744 1432
1744 1433
1743 1433
1743 1434
1742 1434
1742 1435
1741 1435
1740 1435
1740 1436
1739 1436
1738 1436
1737 1436
1737 1437
1736 1437
1735 1437
1735 1438
1734 1438
1734 1439
1733 1439
1732 1439
1732 1440
1731 1440
1730 1440
1730 1441
1729 1441
1728 1441
1727 1441
1726 1441
1726 1440
1725 1440
1725 1439
1726 1439
1726 1438
1727 1438
1727 1437
1727 1436
1727 1435
1727 1434
1728 1434
1728 1433
1728 1432
1728 1431
1728 1430
1729 1430
1729 1429
1729 1428
1730 1428
1730 1427
1730 1426
1731 1426
1731 1425
1731 1424
1731 1423
1732 1423
1732 1422
1732 1421
1732 1420
1732 1419
1733 1419
1733 1418
1733 1417
1733 1416
1733 1415
1733 1414
1733 1413
1733 1412
1733 1411
1733 1410
1733 1409
1733 1408
1732 1408
1732 1407
1732 1406
1732 1405
1732 1404
1731 1404
1731 1403
1730 1403
1730 1402
1730 1401
1729 1401
1729 1400
1728 1400
1728 1399
1727 1399
1727 1398
1726 1398
1726 1397
1725 1397
1725 1396
1724 1396
1723 1396
1723 1395
1722 1395
1721 1395
1721 1394
1720 1394
1719 1394
1718 1394
1717 1394
1717 1393
1716 1393
1715 1393
1714 1393
1713 1393
1712 1393
1711 1393
1710 1393
1709 1393
1708 1393
1707 1393
1706 1393
1705 1393
1704 1393
1703 1393
1702 1393
1701 1393
1700 1393
1700 1394
1699 1394
1698 1394
1697 1394
1696 1394
1696 1395
1695 1395
1694 1395
1694 1396
1693 1396
1693 1397
1692 1397
1692 1398
1691 1398
1691 1399
1690 1399
1689 1399
1689 1400
1688 1400
1687 1400
1687 1401
1686 1401
1686 1402
1685 1402
1685 1403
1684 1403
1684 1404
1683 1404
1683 1405
1683 1406
1682 1406
1682 1407
1681 1407
1681 1408
1681 1409
1680 1409
1680 1410
1679 1410
1679 1411
1679 1412
1678 1412
1678 1413
1678 1414
1677 1414
1677 1415
1677 1416
1676 1416
1676 1417
1676 1418
1675 1418
1675 1419
1675 1420
1674 1420
1674 1421
1674 1422
1674 1423
1674 1424
1674 1425
1674 1426
1673 1426
1673 1427
1673 1428
1673 1429
1673 1430
1673 1431
1673 1432
1673 1433
1673 1434
1673 1435
1673 1436
1673 1437
1673 1438
1673 1439
1673 1440
1673 1441
1673 1442
1673 1443
1674 1443
1674 1444
1674 1445
1674 1446
1674 1447
1674 1448
1675 1448
1675 1449
1675 1450
1676 1450
1676 1451
1677 1451
1677 1452
1678 1452
1678 1453
1678 1454
1679 1454
1679 1455
1679 1456
1680 1456
1680 1457
1681 1457
1682 1457
1682 1458
1683 1458
1683 1459
1684 1459
1684 1460
1684 1461
1685 1461
1685 1462
1686 1462
1687 1462
1687 1463
1688 1463
1688 1464
1689 1464
1689 1465
1690 1465
1690 1466
1691 1466
1692 1466
1692 1467
1693 1467
1694 1467
1694 1468
1695 1468
1696 1468
1696 1469
1697 1469
1697 1470
1698 1470
1698 1471
1699 1471
1700 1471
1701 1471
1702 1471
1702 1472
1703 1472
1704 1472
1705 1472
1705 1473
1706 1473
1707 1473
1707 1474
1708 1474
1709 1474
1709 1475
1710 1475
1711 1475
1712 1475
1713 1475
1713 1476
1714 1476
1715 1476
1716 1476
1717 1476
1718 1476
1719 1476
1720 1476
1721 1476
1722 1476
1723 1476
1724 1476
1725 1476
1726 1476
1727 1476
1728 1476
1729 1476
1730 1476
1731 1476
1732 1476
1733 1476
1734 1476
1735 1476
1736 1476
1737 1476
1737 1475
1738 1475
1739 1475
1740 1475
1740 1474
1741 1474
1742 1474
1742 1473
1743 1473
1744 1473
1744 1472
1745 1472
1746 1472
1747 1472
1747 1471
1748 1471
1749 1471
1750 1471
1750 1470
1751 1470
1751 1469
1752 1469
1752 1468
1753 1468
1753 1467
1754 1467
1755 1467
1755 1466
1756 1466
1757 1466
1758 1466
1758 1465
1759 1465
1759 1464
1760 1464
1760 1463
1761 1463
1761 1462
1762 1462
1763 1462
1763 1461
1764 1461
1764 1460
1765 1460
1765 1459
1765 1458
1766 1458
1767 1458
1767 1457
1768 1457
1768 1456
1769 1456
1769 1455
1770 1455
1770 1454
1770 1453
1771 1453
1771 1452
1772 1452
1773 1452
1773 1451
1773 1450
1774 1450
1774 1449
1774 1448
1775 1448
1775 1447
1775 1446
1776 1446
1776 1445
1777 1445
1777 1444
1778 1444
1778 1443
1778 1442
1779 1442
1779 1441
1779 1440
1779 1439
1779 1438
1779 1437
1780 1437
1780 1436
1780 1435
1780 1434
1781 1434
1781 1433
1782 1433
1782 1432
1782 1431
1783 1431
1783 1430
1783 1429
1783 1428
1783 1427
1783 1426
1783 1425
1783 1424
1783 1423
1783 1422
1783 1421
1783 1420
1783 1419
1783 1418
1783 1417
1783 1416
1783 1415
1783 1414
1783 1413
1783 1412
1783 1411
1783 1410
1783 1409
1784 1409
1784 1408
1784 1407
1784 1406
1784 1405
1784 1404
1784 1403
1784 1402
1784 1401
1784 1400
1784 1399
1784 1398
1784 1397
1784 1396
1784 1395
1784 1394
1784 1393
1784 1392
1784 1391
1784 1390
1784 1389
1783 1389
1783 1388
1783 1387
1783 1386
1783 1385
1783 1384
1783 1383
1783 1382
1783 1381
1783 1380
1783 1379
1783 1378
1783 1377
1782 1377
1782 1376
1782 1375
1781 1375
1781 1374
1781 1373
1781 1372
1780 1372
1780 1371
1780 1370
1780 1369
1779 1369
1779 1368
1779 1367
1779 1366
1779 1365
1779 1364
1778 1364
1778 1363
1778 1362
1777 1362
1777 1361
1776 1361
1776 1360
1776 1359
1775 1359
1775 1358
1774 1358
1774 1357
1774 1356
1773 1356
1773 1355
1773 1354
1772 1354
1772 1353
1771 1353
1771 1352
1770 1352
1770 1351
1769 1351
1769 1350
1769 1349
1768 1349
1768 1348
1767 1348
1766 1348
1766 1347
1765 1347
1765 1346
1765 1345
1764 1345
1764 1344
1763 1344
1762 1344
1762 1343
1761 1343
1761 1342
1760 1342
1760 1341
1759 1341
1759 1340
1758 1340
1758 1339
1757 1339
1757 1338
1756 1338
1755 1338
1755 1337
1754 1337
1754 1336
1753 1336
1753 1335
1752 1335
1752 1334
1751 1334
1750 1334
1750 1333
1749 1333
1748 1333
1748 1332
1747 1332
1747 1331
1746 1331
1746 1330
1745 1330
1744 1330
1744 1329
1743 1329
1742 1329
1741 1329
1741 1328
1740 1328
1739 1328
1739 1327
1738 1327
1738 1326
1737 1326
1737 1325
1736 1325
1735 1325
1734 1325
1734 1324
1733 1324
1732 1324
1732 1323
1731 1323
1730 1323
1730 1322
1729 1322
1729 1321
1728 1321
1727 1321
1726 1321
1726 1320
1725 1320
1724 1320
1723 1320
1723 1319
1722 1319
1721 1319
1720 1319
1719 1319
1719 1318
1718 1318
1717 1318
1717 1317
1716 1317
1715 1317
1715 1316
1714 1316
1713 1316
1712 1316
1712 1315
1711 1315
1710 1315
1709 1315
1708 1315
1707 1315
1706 1315
1706 1314
1705 1314
1704 1314
1704 1313
1703 1313
1702 1313
1702 1312
1701 1312
1700 1312
1700 1311
1699 1311
1698 1311
1697 1311
1696 1311
1695 1311
1694 1311
1694 1310
1693 1310
1692 1310
1691 1310
1690 1310
1689 1310
1688 1310
1688 1309
1687 1309
1686 1309
1685 1309
1684 1309
1684 1308
1683 1308
1682 1308
1681 1308
1681 1307
1680 1307
1679 1307
1678 1307
1677 1307
1677 1306
1676 1306
1675 1306
1674 1306
1673 1306
1672 1306
1671 1306
1670 1306
1669 1306
1668 1306
1667 1306
1666 1306
1665 1306
1664 1306
1663 1306
1662 1306
1661 1306
1660 1306
1659 1306
1658 1306
1657 1306
1656 1306
1655 1306
1654 1306
-2 -2
