986 387
986 388
985 388
984 388
983 388
982 388
981 388
981 389
980 389
979 389
979 390
978 390
978 391
977 391
977 392
976 392
975 392
975 393
974 393
973 393
973 394
972 394
972 395
971 395
971 396
970 396
970 397
970 398
969 398
969 399
968 399
967 399
967 400
967 401
966 401
966 402
966 403
966 404
965 404
965 405
965 406
965 407
965 408
965 409
964 409
964 410
964 411
964 412
964 413
964 414
964 415
964 416
964 417
964 418
965 418
965 419
965 420
965 421
965 422
965 423
966 423
966 424
966 425
966 426
966 427
967 427
967 428
967 429
968 429
968 430
969 430
969 431
970 431
970 432
970 433
971 433
971 434
972 434
972 435
972 436
973 436
974 436
974 437
975 437
975 438
975 439
976 439
976 440
976 441
977 441
978 441
978 442
979 442
979 443
980 443
980 444
981 444
981 445
982 445
982 446
983 446
984 446
985 446
985 447
986 447
987 447
987 448
988 448
989 448
989 449
990 449
991 449
992 449
992 450
993 450
994 450
995 450
996 450
997 450
998 450
999 450
1000 450
1001 450
1002 450
1003 450
1004 450
1005 450
1006 450
1007 450
1008 450
1008 449
1009 449
1010 449
1010 448
1011 448
1012 448
1012 447
1013 447
1014 447
1014 446
1015 446
1016 446
1017 446
1017 445
1018 445
1019 445
1019 444
1019 443
1020 443
1020 442
1021 442
1021 441
1022 441
1023 441
1023 440
1023 439
1024 439
1024 438
1025 438
1025 437
1026 437
1026 436
1027 436
1027 435
1028 435
1028 434
1028 433
1029 433
1029 432
1029 431
1030 431
1030 430
1031 430
1031 429
1032 429
1032 428
1033 428
1033 427
1033 426
1033 425
1033 424
1033 423
1034 423
1034 422
1034 421
1034 420
1034 419
1034 418
1035 418
1035 417
1035 416
1035 415
1035 414
1035 413
1035 412
1035 411
1035 410
1035 409
1034 409
1034 408
1034 407
1034 406
1034 405
1033 405
1033 404
1033 403
1033 402
1033 401
1032 401
1032 400
1032 399
1031 399
1030 399
1030 398
1029 398
1029 397
1029 396
1028 396
1028 395
1027 395
1027 394
1026 394
1026 393
1025 393
1024 393
1024 392
1023 392
1023 391
1022 391
1021 391
1021 390
1020 390
1020 389
1019 389
1018 389
1018 388
1017 388
1016 388
1015 388
1014 388
1013 388
1013 387
1012 387
1011 387
1010 387
1009 387
1008 387
1007 387
1006 387
1005 387
1004 387
1003 387
1002 387
1001 387
1000 387
999 387
998 387
997 387
996 387
995 387
994 387
993 387
992 387
991 387
990 387
989 387
988 387
987 387
986 387
-2 -2
