660 658
660 659
659 659
659 660
658 660
658 661
658 662
658 663
658 664
658 665
658 666
658 667
658 668
658 669
658 670
659 670
659 671
659 672
659 673
660 673
660 674
661 674
661 675
661 676
662 676
662 677
662 678
663 678
663 679
663 680
663 681
663 682
663 683
663 684
663 685
663 686
663 687
663 688
664 688
664 689
664 690
664 691
665 691
666 691
666 692
666 693
667 693
667 694
668 694
668 695
668 696
668 697
668 698
668 699
668 700
668 701
668 702
668 703
668 704
668 705
669 705
669 706
670 706
670 707
671 707
672 707
672 708
672 709
672 710
672 711
672 712
672 713
673 713
673 714
673 715
674 715
674 716
675 716
675 717
676 717
676 718
676 719
677 719
677 720
677 721
677 722
677 723
677 724
677 725
678 725
678 726
678 727
678 728
679 728
680 728
680 729
680 730
681 730
681 731
682 731
682 732
682 733
682 734
683 734
683 735
684 735
685 735
685 736
686 736
686 737
687 737
687 738
688 738
688 739
689 739
690 739
690 740
691 740
692 740
693 740
693 741
694 741
694 742
695 742
695 743
695 744
695 745
695 746
695 747
695 748
694 748
694 749
693 749
693 750
693 751
692 751
692 752
691 752
691 753
691 754
690 754
690 755
690 756
689 756
689 757
689 758
688 758
688 759
687 759
687 760
687 761
686 761
686 762
686 763
686 764
686 765
686 766
686 767
686 768
686 769
686 770
686 771
686 772
686 773
686 774
686 775
686 776
686 777
687 777
687 778
687 779
688 779
688 780
688 781
689 781
689 782
690 782
690 783
691 783
691 784
691 785
692 785
692 786
693 786
693 787
694 787
694 788
695 788
695 789
696 789
696 790
696 791
697 791
698 791
698 792
699 792
699 793
700 793
700 794
700 795
701 795
702 795
702 796
703 796
703 797
704 797
704 798
705 798
705 799
706 799
706 800
707 800
707 801
708 801
709 801
709 802
709 803
709 804
709 805
709 806
709 807
708 807
708 808
707 808
707 809
706 809
706 810
705 810
705 811
705 812
705 813
704 813
704 814
704 815
703 815
703 816
703 817
703 818
702 818
702 819
702 820
701 820
701 821
701 822
700 822
700 823
700 824
700 825
700 826
700 827
700 828
700 829
700 830
700 831
700 832
700 833
700 834
700 835
700 836
700 837
700 838
700 839
700 840
700 841
700 842
700 843
700 844
700 845
700 846
701 846
701 847
701 848
702 848
702 849
702 850
703 850
703 851
704 851
704 852
704 853
705 853
705 854
705 855
706 855
706 856
706 857
707 857
707 858
708 858
708 859
709 859
709 860
710 860
710 861
711 861
711 862
712 862
712 863
713 863
713 864
714 864
714 865
715 865
716 865
716 866
717 866
718 866
718 867
719 867
719 868
720 868
720 869
721 869
722 869
722 870
723 870
724 870
725 870
725 871
726 871
727 871
727 872
728 872
729 872
729 873
730 873
731 873
731 874
732 874
733 874
734 874
734 875
735 875
736 875
737 875
738 875
739 875
740 875
741 875
742 875
743 875
744 875
745 875
745 876
746 876
747 876
748 876
749 876
750 876
751 876
751 877
752 877
753 877
754 877
754 878
755 878
755 879
756 879
757 879
758 879
759 879
760 879
761 879
762 879
763 879
764 879
764 880
765 880
766 880
767 880
768 880
768 881
769 881
770 881
770 882
771 882
772 882
772 883
773 883
774 883
775 883
775 884
776 884
777 884
778 884
779 884
780 884
781 884
782 884
782 885
783 885
784 885
785 885
786 885
786 886
787 886
788 886
789 886
790 886
791 886
792 886
792 887
793 887
794 887
795 887
796 887
797 887
797 888
798 888
799 888
800 888
801 888
802 888
803 888
804 888
805 888
806 888
807 888
808 888
809 888
810 888
810 887
811 887
812 887
813 887
814 887
815 887
816 887
817 887
818 887
819 887
820 887
821 887
822 887
823 887
824 887
825 887
826 887
827 887
828 887
829 887
830 887
831 887
832 887
833 887
834 887
835 887
836 887
837 887
837 888
838 888
839 888
840 888
841 888
842 888
843 888
843 889
844 889
845 889
846 889
847 889
848 889
849 889
850 889
851 889
852 889
853 889
854 889
855 889
856 889
857 889
858 889
859 889
860 889
861 889
862 889
863 889
864 889
865 889
866 889
867 889
868 889
868 890
869 890
870 890
871 890
871 891
872 891
872 892
872 893
873 893
874 893
875 893
876 893
877 893
878 893
879 893
880 893
881 893
882 893
883 893
884 893
885 893
886 893
887 893
888 893
889 893
890 893
891 893
892 893
893 893
893 892
893 891
893 890
893 889
893 888
893 887
893 886
893 885
893 884
893 883
893 882
893 881
893 880
893 879
893 878
893 877
893 876
893 875
893 874
893 873
892 873
892 872
891 872
891 871
890 871
890 870
890 869
889 869
889 868
889 867
889 866
889 865
889 864
889 863
889 862
889 861
889 860
889 859
889 858
889 857
889 856
889 855
889 854
889 853
889 852
889 851
889 850
889 849
889 848
889 847
889 846
889 845
889 844
888 844
888 843
888 842
888 841
888 840
888 839
888 838
887 838
887 837
887 836
887 835
887 834
887 833
887 832
887 831
887 830
887 829
887 828
887 827
887 826
887 825
887 824
887 823
887 822
887 821
887 820
887 819
887 818
887 817
887 816
887 815
887 814
887 813
888 813
888 812
888 811
888 810
888 809
888 808
888 807
888 806
888 805
888 804
888 803
888 802
888 801
888 800
888 799
888 798
888 797
887 797
887 796
887 795
887 794
887 793
887 792
887 791
886 791
886 790
886 789
886 788
886 787
885 787
885 786
885 785
885 784
885 783
885 782
885 781
884 781
884 780
884 779
884 778
884 777
884 776
884 775
883 775
883 774
883 773
883 772
882 772
882 771
882 770
881 770
881 769
881 768
880 768
880 767
880 766
880 765
880 764
879 764
879 763
879 762
879 761
879 760
879 759
879 758
879 757
879 756
878 756
878 755
878 754
877 754
877 753
877 752
877 751
876 751
876 750
876 749
876 748
876 747
876 746
875 746
875 745
875 744
875 743
875 742
875 741
875 740
875 739
875 738
875 737
875 736
875 735
875 734
874 734
874 733
874 732
873 732
873 731
873 730
873 729
872 729
872 728
872 727
871 727
871 726
871 725
871 724
870 724
870 723
870 722
869 722
869 721
869 720
868 720
868 719
867 719
867 718
866 718
866 717
866 716
865 716
865 715
865 714
864 714
864 713
863 713
863 712
862 712
862 711
861 711
861 710
860 710
860 709
859 709
859 708
858 708
858 707
857 707
856 707
856 706
855 706
855 705
854 705
853 705
853 704
852 704
851 704
851 703
850 703
850 702
849 702
849 701
848 701
847 701
846 701
846 700
845 700
844 700
843 700
842 700
841 700
840 700
839 700
838 700
837 700
836 700
835 700
834 700
833 700
832 700
831 700
830 700
829 700
828 700
827 700
826 700
825 700
824 700
823 700
822 700
822 701
821 701
820 701
819 701
819 702
818 702
818 703
817 703
816 703
816 704
815 704
814 704
813 704
813 705
812 705
811 705
810 705
810 706
809 706
809 707
808 707
808 708
807 708
807 709
806 709
805 709
804 709
803 709
802 709
802 708
801 708
801 707
800 707
800 706
799 706
799 705
798 705
798 704
797 704
797 703
796 703
796 702
795 702
795 701
794 701
794 700
793 700
793 699
792 699
792 698
791 698
791 697
790 697
790 696
789 696
789 695
788 695
788 694
787 694
787 693
786 693
786 692
785 692
785 691
784 691
783 691
783 690
782 690
782 689
781 689
781 688
780 688
779 688
779 687
778 687
777 687
777 686
776 686
775 686
774 686
773 686
772 686
771 686
770 686
769 686
768 686
767 686
766 686
765 686
764 686
763 686
762 686
761 686
761 687
760 687
759 687
759 688
758 688
757 688
757 689
756 689
756 690
755 690
754 690
754 691
753 691
752 691
752 692
751 692
751 693
750 693
749 693
749 694
748 694
748 695
747 695
746 695
745 695
744 695
743 695
742 695
742 694
741 694
741 693
740 693
740 692
740 691
740 690
739 690
739 689
739 688
738 688
738 687
737 687
737 686
736 686
736 685
735 685
735 684
734 684
734 683
734 682
733 682
732 682
731 682
731 681
730 681
730 680
729 680
729 679
728 679
727 679
727 678
726 678
726 677
725 677
724 677
723 677
722 677
721 677
720 677
719 677
719 676
718 676
717 676
717 675
716 675
716 674
715 674
715 673
714 673
713 673
713 672
712 672
711 672
710 672
709 672
708 672
708 671
707 671
706 671
706 670
706 669
705 669
705 668
704 668
703 668
702 668
701 668
700 668
699 668
698 668
697 668
696 668
695 668
695 667
694 667
693 667
692 667
692 666
692 665
691 665
690 665
690 664
689 664
689 663
688 663
687 663
686 663
685 663
684 663
683 663
682 663
681 663
680 663
679 663
679 662
678 662
677 662
676 662
676 661
675 661
674 661
674 660
673 660
673 659
672 659
671 659
670 659
670 658
669 658
668 658
667 658
666 658
665 658
664 658
663 658
662 658
661 658
660 658
-2 -2
