1438 658
1438 659
1437 659
1436 659
1435 659
1434 659
1434 660
1433 660
1432 660
1432 661
1431 661
1430 661
1429 661
1429 662
1428 662
1427 662
1427 663
1426 663
1425 663
1424 663
1423 663
1423 664
1422 664
1421 664
1421 665
1420 665
1420 666
1419 666
1418 666
1418 667
1417 667
1416 667
1416 668
1415 668
1414 668
1414 669
1413 669
1413 670
1413 671
1412 671
1411 671
1411 672
1410 672
1410 673
1409 673
1409 674
1408 674
1408 675
1407 675
1407 676
1406 676
1406 677
1405 677
1405 678
1404 678
1404 679
1403 679
1403 680
1403 681
1402 681
1402 682
1401 682
1401 683
1400 683
1400 684
1399 684
1399 685
1399 686
1399 687
1398 687
1398 688
1398 689
1397 689
1397 690
1397 691
1396 691
1396 692
1395 692
1395 693
1395 694
1395 695
1395 696
1394 696
1394 697
1394 698
1394 699
1394 700
1394 701
1394 702
1393 702
1393 703
1393 704
1393 705
1393 706
1392 706
1392 707
1392 708
1392 709
1392 710
1391 710
1391 711
1391 712
1391 713
1391 714
1390 714
1390 715
1390 716
1390 717
1390 718
1390 719
1390 720
1390 721
1390 722
1390 723
1390 724
1390 725
1390 726
1390 727
1390 728
1390 729
1390 730
1390 731
1390 732
1390 733
1390 734
1390 735
1390 736
1390 737
1390 738
1391 738
1391 739
1392 739
1392 740
1392 741
1393 741
1393 742
1393 743
1394 743
1394 744
1395 744
1395 745
1396 745
1396 746
1397 746
1398 746
1398 747
1399 747
1400 747
1400 748
1401 748
1402 748
1403 748
1404 748
1404 747
1405 747
1406 747
1406 746
1407 746
1408 746
1409 746
1409 745
1410 745
1411 745
1411 744
1412 744
1413 744
1414 744
1415 744
1416 744
1417 744
1418 744
1418 743
1419 743
1420 743
1421 743
1422 743
1423 743
1424 743
1425 743
1426 743
1427 743
1428 743
1429 743
1429 744
1430 744
1431 744
1432 744
1433 744
1434 744
1435 744
1435 745
1436 745
1437 745
1438 745
1438 746
1439 746
1440 746
1440 747
1441 747
1441 748
1442 748
1442 749
1443 749
1444 749
1445 749
1445 750
1446 750
1446 751
1447 751
1447 752
1448 752
1448 753
1449 753
1450 753
1450 754
1451 754
1452 754
1452 755
1453 755
1454 755
1454 756
1454 757
1455 757
1456 757
1456 758
1457 758
1458 758
1458 759
1459 759
1459 760
1460 760
1460 761
1461 761
1461 762
1462 762
1462 763
1463 763
1464 763
1464 764
1465 764
1466 764
1466 765
1467 765
1467 766
1468 766
1468 767
1469 767
1470 767
1470 768
1471 768
1472 768
1472 769
1473 769
1473 770
1474 770
1474 771
1475 771
1475 772
1476 772
1476 773
1477 773
1478 773
1478 774
1478 775
1479 775
1479 776
1480 776
1480 777
1481 777
1481 778
1482 778
1483 778
1483 779
1483 780
1484 780
1484 781
1485 781
1485 782
1486 782
1486 783
1487 783
1487 784
1487 785
1488 785
1488 786
1488 787
1488 788
1488 789
1489 789
1489 790
1490 790
1490 791
1491 791
1491 792
1491 793
1492 793
1492 794
1492 795
1492 796
1492 797
1493 797
1493 798
1493 799
1493 800
1494 800
1494 801
1494 802
1495 802
1495 803
1495 804
1496 804
1496 805
1497 805
1497 806
1497 807
1497 808
1497 809
1497 810
1497 811
1497 812
1497 813
1497 814
1497 815
1497 816
1497 817
1497 818
1497 819
1497 820
1497 821
1497 822
1497 823
1497 824
1497 825
1497 826
1497 827
1497 828
1497 829
1497 830
1497 831
1497 832
1496 832
1496 833
1496 834
1496 835
1496 836
1496 837
1495 837
1495 838
1495 839
1495 840
1494 840
1494 841
1494 842
1494 843
1493 843
1493 844
1493 845
1493 846
1493 847
1493 848
1492 848
1492 849
1492 850
1492 851
1492 852
1492 853
1492 854
1492 855
1492 856
1492 857
1492 858
1492 859
1492 860
1492 861
1491 861
1491 862
1491 863
1491 864
1491 865
1490 865
1490 866
1489 866
1489 867
1489 868
1488 868
1488 869
1488 870
1488 871
1488 872
1488 873
1487 873
1487 874
1487 875
1487 876
1486 876
1486 877
1485 877
1484 877
1484 878
1484 879
1483 879
1483 880
1482 880
1482 881
1481 881
1481 882
1480 882
1479 882
1479 883
1478 883
1478 884
1477 884
1477 885
1476 885
1476 886
1475 886
1474 886
1474 887
1473 887
1472 887
1472 888
1471 888
1471 889
1470 889
1469 889
1469 890
1468 890
1467 890
1467 891
1466 891
1465 891
1465 892
1464 892
1463 892
1463 893
1462 893
1462 894
1461 894
1461 895
1460 895
1460 896
1460 897
1460 898
1460 899
1460 900
1460 901
1460 902
1460 903
1460 904
1460 905
1460 906
1460 907
1461 907
1462 907
1462 908
1463 908
1463 909
1464 909
1464 910
1464 911
1465 911
1465 912
1466 912
1467 912
1467 913
1468 913
1468 914
1469 914
1469 915
1469 916
1470 916
1470 917
1471 917
1472 917
1472 918
1473 918
1473 919
1474 919
1474 920
1474 921
1475 921
1475 922
1476 922
1477 922
1477 923
1478 923
1478 924
1479 924
1479 925
1480 925
1480 926
1481 926
1482 926
1482 927
1483 927
1483 928
1484 928
1484 929
1485 929
1485 930
1486 930
1487 930
1487 931
1488 931
1489 931
1489 932
1490 932
1490 933
1491 933
1491 934
1492 934
1492 935
1493 935
1494 935
1495 935
1496 935
1496 936
1497 936
1498 936
1498 937
1499 937
1500 937
1500 938
1501 938
1501 939
1502 939
1503 939
1503 940
1504 940
1505 940
1506 940
1507 940
1508 940
1509 940
1510 940
1511 940
1512 940
1513 940
1514 940
1515 940
1516 940
1517 940
1518 940
1519 940
1520 940
1521 940
1522 940
1523 940
1524 940
1525 940
1526 940
1527 940
1528 940
1529 940
1530 940
1531 940
1532 940
1532 939
1533 939
1533 938
1534 938
1535 938
1535 937
1536 937
1537 937
1537 936
1538 936
1539 936
1540 936
1540 935
1541 935
1542 935
1543 935
1544 935
1544 934
1545 934
1545 933
1546 933
1546 932
1547 932
1548 932
1548 931
1549 931
1550 931
1550 930
1551 930
1552 930
1552 929
1553 929
1553 928
1554 928
1554 927
1555 927
1555 926
1556 926
1557 926
1557 925
1558 925
1558 924
1559 924
1559 923
1560 923
1560 922
1561 922
1561 921
1562 921
1562 920
1563 920
1563 919
1564 919
1564 918
1564 917
1565 917
1565 916
1566 916
1566 915
1566 914
1567 914
1568 914
1568 913
1568 912
1569 912
1569 911
1569 910
1569 909
1570 909
1570 908
1571 908
1571 907
1572 907
1572 906
1573 906
1573 905
1573 904
1574 904
1574 903
1574 902
1575 902
1575 901
1575 900
1576 900
1576 899
1577 899
1577 898
1578 898
1578 897
1578 896
1579 896
1579 895
1579 894
1579 893
1580 893
1580 892
1581 892
1581 891
1582 891
1582 890
1582 889
1583 889
1583 888
1583 887
1583 886
1583 885
1584 885
1584 884
1584 883
1584 882
1585 882
1585 881
1586 881
1587 881
1587 880
1587 879
1587 878
1587 877
1587 876
1587 875
1588 875
1588 874
1588 873
1588 872
1588 871
1588 870
1588 869
1588 868
1588 867
1588 866
1588 865
1588 864
1588 863
1589 863
1589 862
1589 861
1589 860
1589 859
1589 858
1589 857
1589 856
1589 855
1588 855
1588 854
1588 853
1588 852
1588 851
1588 850
1588 849
1588 848
1588 847
1588 846
1588 845
1588 844
1588 843
1587 843
1587 842
1587 841
1587 840
1587 839
1587 838
1586 838
1586 837
1585 837
1585 836
1585 835
1584 835
1584 834
1584 833
1584 832
1584 831
1583 831
1583 830
1583 829
1583 828
1583 827
1582 827
1582 826
1581 826
1581 825
1580 825
1580 824
1580 823
1579 823
1579 822
1579 821
1579 820
1580 820
1580 819
1581 819
1582 819
1583 819
1584 819
1585 819
1585 818
1586 818
1586 817
1587 817
1587 816
1588 816
1588 815
1589 815
1589 814
1590 814
1591 814
1591 813
1592 813
1592 812
1593 812
1593 811
1594 811
1594 810
1595 810
1595 809
1596 809
1597 809
1597 808
1597 807
1598 807
1598 806
1598 805
1599 805
1600 805
1600 804
1601 804
1601 803
1601 802
1602 802
1602 801
1602 800
1603 800
1603 799
1604 799
1604 798
1605 798
1605 797
1606 797
1606 796
1606 795
1606 794
1607 794
1607 793
1607 792
1607 791
1608 791
1608 790
1608 789
1609 789
1609 788
1610 788
1610 787
1610 786
1611 786
1611 785
1611 784
1611 783
1611 782
1611 781
1611 780
1611 779
1611 778
1612 778
1612 777
1612 776
1612 775
1612 774
1612 773
1612 772
1613 772
1613 771
1613 770
1613 769
1613 768
1613 767
1613 766
1613 765
1613 764
1613 763
1612 763
1612 762
1612 761
1612 760
1612 759
1612 758
1612 757
1611 757
1611 756
1611 755
1611 754
1611 753
1611 752
1611 751
1610 751
1610 750
1610 749
1609 749
1609 748
1608 748
1608 747
1608 746
1607 746
1607 745
1607 744
1607 743
1606 743
1606 742
1606 741
1606 740
1605 740
1605 739
1604 739
1604 738
1604 737
1603 737
1603 736
1602 736
1602 735
1602 734
1601 734
1601 733
1600 733
1600 732
1599 732
1599 731
1598 731
1598 730
1597 730
1597 729
1596 729
1596 728
1595 728
1595 727
1594 727
1594 726
1593 726
1593 725
1592 725
1591 725
1591 724
1590 724
1590 723
1589 723
1588 723
1588 722
1587 722
1587 721
1586 721
1585 721
1585 720
1584 720
1584 719
1583 719
1582 719
1581 719
1581 718
1580 718
1579 718
1578 718
1578 717
1577 717
1577 716
1576 716
1575 716
1575 715
1574 715
1573 715
1573 714
1572 714
1571 714
1570 714
1569 714
1568 714
1567 714
1566 714
1565 714
1564 714
1563 714
1562 714
1561 714
1560 714
1560 713
1559 713
1558 713
1557 713
1556 713
1555 713
1554 713
1553 713
1552 713
1551 713
1550 713
1549 713
1548 713
1548 714
1547 714
1546 714
1545 714
1544 714
1543 714
1542 714
1541 714
1540 714
1539 714
1539 715
1538 715
1537 715
1537 714
1536 714
1535 714
1535 713
1534 713
1534 712
1534 711
1533 711
1533 710
1532 710
1532 709
1532 708
1532 707
1532 706
1532 705
1531 705
1531 704
1531 703
1531 702
1530 702
1530 701
1529 701
1529 700
1528 700
1528 699
1528 698
1527 698
1527 697
1527 696
1527 695
1527 694
1526 694
1526 693
1525 693
1525 692
1524 692
1524 691
1523 691
1523 690
1523 689
1522 689
1522 688
1521 688
1521 687
1520 687
1520 686
1519 686
1519 685
1518 685
1518 684
1518 683
1517 683
1517 682
1516 682
1516 681
1515 681
1514 681
1514 680
1513 680
1513 679
1512 679
1512 678
1511 678
1511 677
1510 677
1510 676
1509 676
1509 675
1508 675
1508 674
1507 674
1506 674
1506 673
1505 673
1505 672
1504 672
1503 672
1503 671
1502 671
1501 671
1501 670
1500 670
1499 670
1499 669
1498 669
1497 669
1497 668
1496 668
1495 668
1494 668
1494 667
1493 667
1492 667
1491 667
1490 667
1490 666
1489 666
1488 666
1488 665
1487 665
1486 665
1486 664
1485 664
1484 664
1483 664
1483 663
1482 663
1481 663
1480 663
1479 663
1478 663
1477 663
1477 662
1476 662
1475 662
1474 662
1473 662
1472 662
1472 661
1471 661
1470 661
1469 661
1469 660
1468 660
1467 660
1467 659
1466 659
1465 659
1464 659
1463 659
1462 659
1462 658
1461 658
1460 658
1459 658
1458 658
1457 658
1456 658
1455 658
1454 658
1453 658
1452 658
1451 658
1450 658
1449 658
1448 658
1447 658
1446 658
1445 658
1444 658
1443 658
1442 658
1441 658
1440 658
1439 658
1438 658
-2 -2
