409 964
409 965
408 965
407 965
406 965
405 965
405 966
404 966
403 966
402 966
401 966
401 967
400 967
399 967
399 968
399 969
398 969
398 970
397 970
396 970
396 971
395 971
395 972
394 972
394 973
393 973
393 974
393 975
392 975
392 976
392 977
391 977
391 978
390 978
390 979
390 980
389 980
389 981
388 981
388 982
388 983
388 984
388 985
388 986
387 986
387 987
387 988
387 989
387 990
387 991
387 992
387 993
387 994
387 995
387 996
387 997
387 998
387 999
387 1000
387 1001
387 1002
387 1003
387 1004
387 1005
387 1006
387 1007
387 1008
387 1009
387 1010
387 1011
387 1012
387 1013
388 1013
388 1014
388 1015
388 1016
388 1017
388 1018
389 1018
389 1019
390 1019
390 1020
390 1021
391 1021
391 1022
392 1022
392 1023
392 1024
393 1024
393 1025
393 1026
394 1026
394 1027
395 1027
395 1028
396 1028
397 1028
397 1029
398 1029
398 1030
399 1030
399 1031
399 1032
400 1032
401 1032
401 1033
402 1033
403 1033
404 1033
405 1033
405 1034
406 1034
407 1034
408 1034
409 1034
409 1035
410 1035
411 1035
412 1035
413 1035
414 1035
415 1035
416 1035
417 1035
418 1035
418 1034
419 1034
420 1034
421 1034
422 1034
423 1034
423 1033
424 1033
425 1033
426 1033
427 1033
427 1032
428 1032
429 1032
429 1031
430 1031
430 1030
431 1030
431 1029
432 1029
433 1029
433 1028
434 1028
435 1028
435 1027
436 1027
436 1026
437 1026
437 1025
437 1024
438 1024
439 1024
439 1023
440 1023
441 1023
441 1022
441 1021
442 1021
442 1020
443 1020
443 1019
444 1019
444 1018
445 1018
445 1017
446 1017
446 1016
446 1015
447 1015
447 1014
447 1013
448 1013
448 1012
448 1011
449 1011
449 1010
449 1009
450 1009
450 1008
450 1007
450 1006
450 1005
450 1004
450 1003
450 1002
450 1001
450 1000
451 1000
451 999
451 998
451 997
450 997
450 996
450 995
450 994
450 993
450 992
450 991
449 991
449 990
449 989
448 989
448 988
448 987
447 987
447 986
447 985
446 985
446 984
446 983
446 982
445 982
445 981
444 981
444 980
443 980
443 979
442 979
442 978
441 978
441 977
440 977
440 976
439 976
439 975
438 975
438 974
437 974
436 974
436 973
435 973
435 972
434 972
434 971
433 971
433 970
432 970
431 970
431 969
430 969
430 968
429 968
429 967
428 967
427 967
427 966
426 966
425 966
424 966
423 966
423 965
422 965
421 965
420 965
419 965
418 965
418 964
417 964
416 964
415 964
414 964
413 964
412 964
411 964
410 964
409 964
-2 -2
