1228 386
1228 387
1227 387
1226 387
1225 387
1224 387
1223 387
1222 387
1221 387
1220 387
1220 388
1219 388
1218 388
1217 388
1216 388
1215 388
1214 388
1213 388
1213 389
1212 389
1212 390
1211 390
1210 390
1210 391
1209 391
1208 391
1208 392
1207 392
1206 392
1205 392
1205 393
1204 393
1203 393
1202 393
1202 394
1201 394
1201 395
1200 395
1200 396
1199 396
1199 397
1198 397
1197 397
1197 398
1196 398
1195 398
1195 399
1195 400
1194 400
1194 401
1193 401
1192 401
1192 402
1191 402
1191 403
1190 403
1189 403
1189 404
1189 405
1188 405
1188 406
1187 406
1187 407
1186 407
1186 408
1185 408
1185 409
1185 410
1184 410
1184 411
1183 411
1183 412
1182 412
1182 413
1181 413
1181 414
1181 415
1180 415
1180 416
1180 417
1180 418
1180 419
1179 419
1179 420
1178 420
1177 420
1176 420
1176 419
1175 419
1174 419
1174 418
1173 418
1173 417
1172 417
1172 416
1171 416
1170 416
1169 416
1168 416
1168 415
1167 415
1166 415
1165 415
1164 415
1164 414
1163 414
1162 414
1162 413
1161 413
1161 412
1160 412
1159 412
1158 412
1158 411
1157 411
1156 411
1155 411
1154 411
1153 411
1152 411
1151 411
1150 411
1149 411
1148 411
1147 411
1146 411
1145 411
1144 411
1144 410
1143 410
1142 410
1141 410
1140 410
1139 410
1138 410
1137 410
1136 410
1135 410
1135 411
1134 411
1133 411
1132 411
1131 411
1130 411
1129 411
1128 411
1127 411
1126 411
1125 411
1124 411
1123 411
1123 412
1122 412
1121 412
1120 412
1120 413
1119 413
1118 413
1118 414
1117 414
1117 415
1116 415
1115 415
1114 415
1114 416
1113 416
1112 416
1111 416
1110 416
1110 417
1109 417
1109 418
1108 418
1107 418
1107 419
1106 419
1106 420
1105 420
1104 420
1104 421
1103 421
1102 421
1101 421
1101 422
1100 422
1100 423
1099 423
1099 424
1098 424
1097 424
1097 425
1096 425
1095 425
1095 426
1094 426
1093 426
1093 427
1092 427
1092 428
1091 428
1091 429
1090 429
1090 430
1089 430
1088 430
1087 430
1087 431
1086 431
1086 432
1085 432
1085 433
1084 433
1084 434
1083 434
1082 434
1082 435
1081 435
1081 436
1080 436
1079 436
1079 437
1079 438
1078 438
1078 439
1077 439
1077 440
1076 440
1075 440
1075 441
1074 441
1074 442
1074 443
1073 443
1073 444
1072 444
1072 445
1071 445
1071 446
1071 447
1070 447
1070 448
1069 448
1069 449
1068 449
1068 450
1068 451
1067 451
1067 452
1067 453
1066 453
1066 454
1065 454
1065 455
1064 455
1064 456
1064 457
1064 458
1064 459
1063 459
1063 460
1063 461
1063 462
1062 462
1062 463
1062 464
1061 464
1061 465
1060 465
1060 466
1060 467
1060 468
1059 468
1059 469
1059 470
1059 471
1059 472
1059 473
1059 474
1059 475
1059 476
1059 477
1059 478
1059 479
1059 480
1059 481
1059 482
1059 483
1059 484
1059 485
1059 486
1059 487
1059 488
1059 489
1059 490
1059 491
1059 492
1059 493
1059 494
1059 495
1060 495
1060 496
1060 497
1060 498
1061 498
1061 499
1062 499
1062 500
1062 501
1063 501
1063 502
1063 503
1064 503
1064 504
1064 505
1064 506
1064 507
1065 507
1065 508
1066 508
1066 509
1067 509
1067 510
1068 510
1068 511
1068 512
1068 513
1069 513
1069 514
1070 514
1070 515
1071 515
1071 516
1072 516
1072 517
1073 517
1073 518
1073 519
1074 519
1074 520
1074 521
1075 521
1076 521
1076 522
1077 522
1077 523
1078 523
1078 524
1078 525
1079 525
1079 526
1080 526
1081 526
1081 527
1082 527
1082 528
1082 529
1083 529
1083 530
1084 530
1085 530
1085 531
1086 531
1086 532
1087 532
1087 533
1087 534
1088 534
1088 535
1089 535
1090 535
1090 536
1091 536
1091 537
1092 537
1092 538
1093 538
1093 539
1094 539
1095 539
1096 539
1097 539
1098 539
1099 539
1100 539
1101 539
1102 539
1103 539
1104 539
1104 538
1105 538
1106 538
1106 537
1107 537
1107 536
1107 535
1107 534
1108 534
1108 533
1108 532
1108 531
1109 531
1109 530
1110 530
1110 529
1111 529
1111 528
1111 527
1112 527
1112 526
1113 526
1113 525
1113 524
1113 523
1114 523
1114 522
1115 522
1115 521
1116 521
1116 520
1117 520
1117 519
1117 518
1118 518
1118 517
1118 516
1119 516
1120 516
1121 516
1121 515
1121 514
1122 514
1122 513
1123 513
1123 512
1124 512
1125 512
1126 512
1126 511
1127 511
1128 511
1129 511
1130 511
1131 511
1131 510
1132 510
1133 510
1133 509
1134 509
1134 508
1135 508
1136 508
1137 508
1137 507
1138 507
1139 507
1140 507
1141 507
1142 507
1143 507
1144 507
1145 507
1146 507
1147 507
1148 507
1149 507
1150 507
1151 507
1152 507
1152 506
1153 506
1154 506
1155 506
1156 506
1156 505
1157 505
1158 505
1159 505
1159 504
1160 504
1161 504
1162 504
1163 504
1163 503
1164 503
1165 503
1166 503
1167 503
1167 502
1168 502
1169 502
1170 502
1171 502
1172 502
1173 502
1174 502
1175 502
1176 502
1177 502
1178 502
1179 502
1180 502
1181 502
1182 502
1183 502
1184 502
1185 502
1186 502
1187 502
1188 502
1189 502
1190 502
1191 502
1192 502
1193 502
1193 503
1194 503
1195 503
1195 504
1196 504
1197 504
1197 505
1198 505
1199 505
1199 506
1200 506
1201 506
1202 506
1202 507
1203 507
1204 507
1205 507
1206 507
1206 508
1207 508
1208 508
1208 509
1209 509
1209 510
1210 510
1210 511
1211 511
1212 511
1213 511
1213 512
1214 512
1215 512
1216 512
1216 513
1217 513
1217 514
1217 515
1218 515
1219 515
1219 516
1220 516
1220 517
1221 517
1222 517
1222 518
1222 519
1223 519
1223 520
1224 520
1224 521
1225 521
1226 521
1226 522
1227 522
1227 523
1227 524
1228 524
1228 525
1229 525
1229 526
1230 526
1230 527
1231 527
1231 528
1231 529
1232 529
1232 530
1232 531
1233 531
1233 532
1234 532
1234 533
1235 533
1235 534
1235 535
1236 535
1236 536
1236 537
1237 537
1237 538
1238 538
1238 539
1239 539
1239 540
1240 540
1240 541
1241 541
1241 542
1241 543
1242 543
1242 544
1242 545
1243 545
1244 545
1244 546
1244 547
1245 547
1245 548
1245 549
1246 549
1246 550
1246 551
1247 551
1247 552
1248 552
1248 553
1249 553
1249 554
1250 554
1250 555
1250 556
1250 557
1251 557
1251 558
1252 558
1252 559
1253 559
1253 560
1253 561
1254 561
1254 562
1254 563
1255 563
1255 564
1255 565
1255 566
1255 567
1255 568
1255 569
1255 570
1256 570
1256 571
1256 572
1256 573
1256 574
1256 575
1256 576
1256 577
1256 578
1256 579
1256 580
1255 580
1255 581
1255 582
1255 583
1255 584
1255 585
1255 586
1255 587
1255 588
1254 588
1254 589
1254 590
1253 590
1253 591
1253 592
1253 593
1252 593
1252 594
1251 594
1251 595
1251 596
1251 597
1251 598
1251 599
1252 599
1252 600
1252 601
1252 602
1253 602
1253 603
1254 603
1254 604
1255 604
1255 605
1256 605
1256 606
1257 606
1258 606
1258 607
1259 607
1260 607
1260 608
1261 608
1261 609
1262 609
1263 609
1264 609
1265 609
1266 609
1267 609
1268 609
1269 609
1270 609
1271 609
1272 609
1273 609
1274 609
1275 609
1276 609
1277 609
1278 609
1279 609
1280 609
1281 609
1282 609
1283 609
1284 609
1285 609
1286 609
1286 608
1287 608
1288 608
1289 608
1289 607
1290 607
1291 607
1292 607
1293 607
1293 606
1294 606
1295 606
1296 606
1297 606
1298 606
1298 605
1299 605
1300 605
1301 605
1302 605
1303 605
1303 604
1304 604
1305 604
1306 604
1307 604
1307 603
1308 603
1309 603
1309 602
1310 602
1310 601
1311 601
1312 601
1312 600
1313 600
1314 600
1315 600
1315 599
1316 599
1316 598
1317 598
1317 597
1318 597
1318 596
1319 596
1320 596
1320 595
1321 595
1321 594
1322 594
1322 593
1323 593
1323 592
1324 592
1324 591
1325 591
1325 590
1326 590
1326 589
1327 589
1327 588
1328 588
1328 587
1328 586
1329 586
1330 586
1330 585
1331 585
1331 584
1331 583
1332 583
1332 582
1332 581
1333 581
1333 580
1333 579
1334 579
1334 578
1335 578
1335 577
1336 577
1336 576
1336 575
1336 574
1336 573
1336 572
1337 572
1337 571
1337 570
1338 570
1338 569
1338 568
1339 568
1339 567
1339 566
1340 566
1340 565
1340 564
1340 563
1341 563
1341 562
1341 561
1341 560
1341 559
1341 558
1341 557
1341 556
1341 555
1341 554
1341 553
1341 552
1341 551
1341 550
1341 549
1341 548
1341 547
1341 546
1341 545
1341 544
1341 543
1341 542
1341 541
1341 540
1341 539
1341 538
1341 537
1341 536
1340 536
1340 535
1340 534
1340 533
1339 533
1339 532
1339 531
1339 530
1338 530
1338 529
1338 528
1338 527
1337 527
1337 526
1337 525
1337 524
1337 523
1337 522
1336 522
1336 521
1336 520
1336 519
1336 518
1336 517
1335 517
1335 516
1335 515
1335 514
1335 513
1334 513
1334 512
1333 512
1333 511
1333 510
1332 510
1332 509
1332 508
1332 507
1332 506
1331 506
1331 505
1331 504
1331 503
1331 502
1331 501
1330 501
1330 500
1329 500
1329 499
1328 499
1328 498
1328 497
1327 497
1327 496
1327 495
1327 494
1326 494
1326 493
1325 493
1325 492
1325 491
1324 491
1324 490
1323 490
1323 489
1322 489
1322 488
1321 488
1321 487
1320 487
1320 486
1319 486
1319 485
1318 485
1318 484
1317 484
1317 483
1317 482
1316 482
1315 482
1315 481
1314 481
1314 480
1313 480
1313 479
1312 479
1312 478
1311 478
1311 477
1310 477
1310 476
1309 476
1308 476
1308 475
1307 475
1307 474
1306 474
1306 473
1305 473
1305 472
1304 472
1303 472
1302 472
1301 472
1301 471
1300 471
1299 471
1299 470
1298 470
1298 469
1297 469
1297 468
1296 468
1295 468
1295 467
1294 467
1293 467
1292 467
1291 467
1290 467
1289 467
1289 466
1288 466
1287 466
1287 465
1286 465
1286 464
1285 464
1285 463
1285 462
1284 462
1284 461
1285 461
1285 460
1285 459
1285 458
1285 457
1285 456
1285 455
1285 454
1285 453
1285 452
1285 451
1285 450
1286 450
1286 449
1286 448
1286 447
1286 446
1286 445
1286 444
1286 443
1286 442
1286 441
1286 440
1286 439
1285 439
1285 438
1285 437
1285 436
1285 435
1285 434
1285 433
1285 432
1285 431
1285 430
1285 429
1285 428
1285 427
1285 426
1284 426
1284 425
1284 424
1283 424
1283 423
1282 423
1282 422
1282 421
1281 421
1281 420
1281 419
1280 419
1280 418
1280 417
1280 416
1280 415
1279 415
1279 414
1278 414
1278 413
1278 412
1277 412
1277 411
1276 411
1276 410
1276 409
1275 409
1275 408
1274 408
1274 407
1274 406
1273 406
1273 405
1272 405
1272 404
1271 404
1271 403
1270 403
1270 402
1269 402
1269 401
1268 401
1268 400
1267 400
1267 399
1266 399
1266 398
1265 398
1264 398
1264 397
1263 397
1263 396
1262 396
1262 395
1261 395
1261 394
1260 394
1259 394
1259 393
1258 393
1257 393
1256 393
1256 392
1255 392
1254 392
1253 392
1253 391
1252 391
1251 391
1251 390
1250 390
1250 389
1249 389
1248 389
1248 388
1247 388
1246 388
1245 388
1244 388
1243 388
1242 388
1242 387
1241 387
1240 387
1239 387
1238 387
1237 387
1236 387
1235 387
1235 386
1234 386
1233 386
1232 386
1231 386
1230 386
1229 386
1228 386
-2 -2
