1056 1579
1056 1580
1055 1580
1054 1580
1053 1580
1053 1581
1052 1581
1051 1581
1051 1582
1050 1582
1050 1583
1049 1583
1049 1584
1049 1585
1048 1585
1048 1586
1047 1586
1047 1587
1046 1587
1046 1588
1046 1589
1045 1589
1045 1590
1045 1591
1045 1592
1045 1593
1045 1594
1045 1595
1045 1596
1045 1597
1045 1598
1045 1599
1045 1600
1045 1601
1045 1602
1045 1603
1045 1604
1045 1605
1045 1606
1045 1607
1045 1608
1045 1609
1045 1610
1045 1611
1045 1612
1045 1613
1045 1614
1045 1615
1045 1616
1045 1617
1045 1618
1045 1619
1045 1620
1045 1621
1045 1622
1046 1622
1046 1623
1046 1624
1046 1625
1046 1626
1047 1626
1047 1627
1048 1627
1048 1628
1048 1629
1049 1629
1049 1630
1050 1630
1050 1631
1050 1632
1050 1633
1050 1634
1050 1635
1050 1636
1051 1636
1051 1637
1052 1637
1052 1638
1052 1639
1053 1639
1053 1640
1054 1640
1054 1641
1054 1642
1054 1643
1055 1643
1055 1644
1055 1645
1056 1645
1056 1646
1056 1647
1057 1647
1057 1648
1058 1648
1058 1649
1058 1650
1059 1650
1059 1651
1059 1652
1060 1652
1060 1653
1060 1654
1060 1655
1061 1655
1062 1655
1062 1656
1062 1657
1063 1657
1063 1658
1064 1658
1064 1659
1064 1660
1065 1660
1065 1661
1066 1661
1066 1662
1067 1662
1067 1663
1068 1663
1068 1664
1069 1664
1069 1665
1070 1665
1070 1666
1071 1666
1071 1667
1072 1667
1072 1668
1073 1668
1073 1669
1074 1669
1074 1670
1074 1671
1075 1671
1076 1671
1076 1672
1077 1672
1077 1673
1078 1673
1078 1674
1078 1675
1078 1676
1079 1676
1080 1676
1080 1677
1081 1677
1082 1677
1082 1678
1082 1679
1083 1679
1083 1680
1084 1680
1085 1680
1085 1681
1086 1681
1086 1682
1087 1682
1087 1683
1088 1683
1088 1684
1089 1684
1089 1685
1090 1685
1090 1686
1091 1686
1092 1686
1092 1687
1092 1688
1093 1688
1093 1689
1094 1689
1094 1690
1095 1690
1095 1691
1096 1691
1096 1692
1097 1692
1097 1693
1098 1693
1098 1694
1099 1694
1100 1694
1100 1695
1101 1695
1101 1696
1102 1696
1103 1696
1103 1697
1104 1697
1104 1698
1105 1698
1105 1699
1106 1699
1107 1699
1107 1700
1108 1700
1109 1700
1109 1701
1110 1701
1110 1702
1111 1702
1111 1703
1112 1703
1112 1704
1113 1704
1114 1704
1114 1705
1115 1705
1116 1705
1116 1706
1117 1706
1118 1706
1118 1707
1119 1707
1119 1708
1120 1708
1120 1709
1121 1709
1122 1709
1122 1710
1123 1710
1123 1711
1124 1711
1124 1712
1125 1712
1125 1713
1126 1713
1126 1714
1127 1714
1128 1714
1128 1715
1129 1715
1129 1716
1129 1717
1130 1717
1130 1718
1131 1718
1132 1718
1132 1719
1133 1719
1133 1720
1134 1720
1134 1721
1134 1722
1135 1722
1135 1723
1136 1723
1136 1724
1137 1724
1137 1725
1138 1725
1138 1726
1138 1727
1139 1727
1139 1728
1140 1728
1140 1729
1141 1729
1141 1730
1142 1730
1142 1731
1142 1732
1142 1733
1143 1733
1143 1734
1143 1735
1143 1736
1143 1737
1143 1738
1143 1739
1143 1740
1143 1741
1143 1742
1143 1743
1143 1744
1143 1745
1142 1745
1142 1746
1142 1747
1142 1748
1142 1749
1143 1749
1143 1750
1143 1751
1143 1752
1143 1753
1144 1753
1144 1754
1145 1754
1145 1755
1146 1755
1147 1755
1147 1756
1148 1756
1149 1756
1149 1757
1150 1757
1151 1757
1152 1757
1153 1757
1154 1757
1155 1757
1156 1757
1156 1756
1157 1756
1158 1756
1159 1756
1159 1755
1160 1755
1160 1754
1161 1754
1161 1753
1162 1753
1162 1752
1163 1752
1163 1751
1163 1750
1164 1750
1164 1749
1164 1748
1165 1748
1165 1747
1166 1747
1166 1746
1167 1746
1167 1745
1168 1745
1168 1744
1168 1743
1169 1743
1169 1742
1169 1741
1170 1741
1170 1740
1171 1740
1171 1739
1172 1739
1172 1738
1172 1737
1173 1737
1173 1736
1173 1735
1173 1734
1173 1733
1173 1732
1174 1732
1174 1731
1174 1730
1174 1729
1174 1728
1174 1727
1174 1726
1175 1726
1175 1725
1175 1724
1175 1723
1175 1722
1175 1721
1175 1720
1175 1719
1175 1718
1175 1717
1175 1716
1174 1716
1174 1715
1174 1714
1174 1713
1174 1712
1174 1711
1174 1710
1173 1710
1173 1709
1173 1708
1173 1707
1173 1706
1173 1705
1173 1704
1172 1704
1172 1703
1172 1702
1172 1701
1171 1701
1171 1700
1170 1700
1170 1699
1170 1698
1169 1698
1169 1697
1169 1696
1168 1696
1168 1695
1168 1694
1167 1694
1167 1693
1166 1693
1166 1692
1165 1692
1165 1691
1164 1691
1164 1690
1164 1689
1163 1689
1163 1688
1162 1688
1162 1687
1161 1687
1161 1686
1161 1685
1160 1685
1160 1684
1159 1684
1159 1683
1159 1682
1158 1682
1158 1681
1157 1681
1157 1680
1156 1680
1155 1680
1155 1679
1154 1679
1154 1678
1153 1678
1153 1677
1152 1677
1152 1676
1151 1676
1151 1675
1150 1675
1150 1674
1149 1674
1148 1674
1148 1673
1147 1673
1146 1673
1146 1672
1147 1672
1148 1672
1149 1672
1150 1672
1151 1672
1152 1672
1153 1672
1153 1673
1154 1673
1155 1673
1155 1674
1156 1674
1156 1675
1157 1675
1158 1675
1158 1676
1159 1676
1160 1676
1161 1676
1162 1676
1163 1676
1163 1677
1164 1677
1165 1677
1166 1677
1166 1678
1167 1678
1167 1679
1167 1680
1168 1680
1169 1680
1169 1681
1170 1681
1171 1681
1172 1681
1173 1681
1173 1682
1174 1682
1175 1682
1175 1683
1176 1683
1176 1684
1177 1684
1177 1685
1178 1685
1179 1685
1180 1685
1181 1685
1182 1685
1182 1686
1183 1686
1184 1686
1185 1686
1186 1686
1186 1687
1187 1687
1187 1688
1188 1688
1188 1689
1189 1689
1190 1689
1190 1690
1191 1690
1192 1690
1193 1690
1194 1690
1195 1690
1195 1691
1196 1691
1197 1691
1198 1691
1198 1692
1199 1692
1199 1693
1200 1693
1200 1694
1201 1694
1202 1694
1202 1695
1203 1695
1204 1695
1205 1695
1205 1696
1206 1696
1207 1696
1207 1697
1208 1697
1208 1698
1209 1698
1209 1699
1210 1699
1211 1699
1211 1700
1212 1700
1213 1700
1213 1701
1213 1702
1214 1702
1214 1703
1215 1703
1215 1704
1216 1704
1217 1704
1217 1705
1218 1705
1218 1706
1218 1707
1218 1708
1219 1708
1220 1708
1220 1709
1221 1709
1221 1710
1222 1710
1222 1711
1222 1712
1222 1713
1222 1714
1223 1714
1223 1715
1223 1716
1224 1716
1224 1717
1225 1717
1225 1718
1226 1718
1226 1719
1226 1720
1226 1721
1226 1722
1227 1722
1227 1723
1227 1724
1227 1725
1227 1726
1227 1727
1227 1728
1227 1729
1228 1729
1228 1730
1228 1731
1229 1731
1229 1732
1230 1732
1230 1733
1231 1733
1231 1734
1232 1734
1232 1735
1232 1736
1232 1737
1232 1738
1233 1738
1234 1738
1234 1739
1234 1740
1235 1740
1235 1741
1235 1742
1236 1742
1236 1743
1236 1744
1236 1745
1236 1746
1237 1746
1237 1747
1238 1747
1238 1748
1238 1749
1239 1749
1239 1750
1240 1750
1240 1751
1240 1752
1240 1753
1241 1753
1241 1754
1241 1755
1241 1756
1241 1757
1241 1758
1241 1759
1242 1759
1242 1760
1242 1761
1242 1762
1243 1762
1243 1763
1244 1763
1244 1764
1244 1765
1245 1765
1245 1766
1245 1767
1245 1768
1245 1769
1245 1770
1246 1770
1246 1771
1246 1772
1246 1773
1246 1774
1246 1775
1246 1776
1246 1777
1246 1778
1246 1779
1246 1780
1246 1781
1246 1782
1246 1783
1246 1784
1246 1785
1246 1786
1246 1787
1246 1788
1246 1789
1246 1790
1246 1791
1246 1792
1247 1792
1247 1793
1247 1794
1247 1795
1247 1796
1247 1797
1247 1798
1247 1799
1247 1800
1247 1801
1247 1802
1247 1803
1247 1804
1247 1805
1247 1806
1247 1807
1247 1808
1247 1809
1247 1810
1247 1811
1247 1812
1247 1813
1247 1814
1246 1814
1246 1815
1246 1816
1246 1817
1246 1818
1246 1819
1245 1819
1245 1820
1245 1821
1245 1822
1245 1823
1245 1824
1244 1824
1244 1825
1243 1825
1243 1826
1243 1827
1242 1827
1242 1828
1241 1828
1241 1829
1240 1829
1240 1830
1240 1831
1239 1831
1238 1831
1238 1832
1237 1832
1236 1832
1235 1832
1234 1832
1233 1832
1232 1832
1231 1832
1230 1832
1229 1832
1228 1832
1227 1832
1226 1832
1225 1832
1224 1832
1223 1832
1222 1832
1221 1832
1220 1832
1219 1832
1218 1832
1217 1832
1216 1832
1215 1832
1214 1832
1214 1831
1213 1831
1212 1831
1212 1830
1211 1830
1210 1830
1210 1829
1209 1829
1208 1829
1208 1828
1207 1828
1206 1828
1205 1828
1204 1828
1204 1827
1203 1827
1202 1827
1202 1826
1202 1825
1202 1824
1202 1823
1203 1823
1203 1822
1204 1822
1205 1822
1206 1822
1206 1821
1207 1821
1208 1821
1209 1821
1210 1821
1210 1820
1211 1820
1212 1820
1213 1820
1213 1819
1214 1819
1214 1818
1215 1818
1215 1817
1216 1817
1216 1816
1217 1816
1218 1816
1219 1816
1219 1815
1220 1815
1221 1815
1221 1814
1222 1814
1223 1814
1223 1813
1224 1813
1224 1812
1225 1812
1225 1811
1226 1811
1227 1811
1227 1810
1228 1810
1228 1809
1228 1808
1229 1808
1229 1807
1229 1806
1229 1805
1230 1805
1230 1804
1230 1803
1230 1802
1231 1802
1231 1801
1231 1800
1231 1799
1231 1798
1231 1797
1231 1796
1231 1795
1231 1794
1231 1793
1231 1792
1231 1791
1230 1791
1230 1790
1230 1789
1230 1788
1229 1788
1229 1787
1229 1786
1229 1785
1228 1785
1228 1784
1228 1783
1227 1783
1227 1782
1226 1782
1226 1781
1225 1781
1225 1780
1224 1780
1224 1779
1223 1779
1223 1778
1222 1778
1222 1777
1221 1777
1221 1776
1220 1776
1220 1775
1219 1775
1218 1775
1218 1774
1218 1773
1217 1773
1216 1773
1216 1772
1215 1772
1214 1772
1213 1772
1212 1772
1211 1772
1210 1772
1210 1771
1209 1771
1208 1771
1207 1771
1206 1771
1205 1771
1205 1770
1204 1770
1203 1770
1202 1770
1201 1770
1200 1770
1199 1770
1198 1770
1197 1770
1196 1770
1195 1770
1194 1770
1193 1770
1193 1771
1192 1771
1191 1771
1190 1771
1189 1771
1189 1772
1188 1772
1187 1772
1186 1772
1185 1772
1184 1772
1183 1772
1183 1773
1182 1773
1181 1773
1181 1774
1180 1774
1180 1775
1179 1775
1178 1775
1178 1776
1177 1776
1176 1776
1176 1777
1175 1777
1174 1777
1174 1778
1173 1778
1173 1779
1172 1779
1171 1779
1171 1780
1170 1780
1170 1781
1169 1781
1169 1782
1168 1782
1167 1782
1167 1783
1167 1784
1166 1784
1166 1785
1165 1785
1165 1786
1164 1786
1164 1787
1163 1787
1163 1788
1163 1789
1162 1789
1162 1790
1162 1791
1161 1791
1161 1792
1161 1793
1161 1794
1161 1795
1160 1795
1160 1796
1160 1797
1159 1797
1159 1798
1159 1799
1158 1799
1158 1800
1158 1801
1158 1802
1157 1802
1157 1803
1157 1804
1157 1805
1157 1806
1157 1807
1157 1808
1157 1809
1157 1810
1157 1811
1157 1812
1157 1813
1157 1814
1158 1814
1158 1815
1158 1816
1158 1817
1158 1818
1159 1818
1159 1819
1159 1820
1160 1820
1160 1821
1160 1822
1161 1822
1161 1823
1161 1824
1161 1825
1161 1826
1162 1826
1162 1827
1162 1828
1162 1829
1162 1830
1162 1831
1162 1832
1163 1832
1163 1833
1164 1833
1164 1834
1165 1834
1165 1835
1165 1836
1166 1836
1166 1837
1166 1838
1166 1839
1167 1839
1167 1840
1167 1841
1168 1841
1168 1842
1169 1842
1169 1843
1170 1843
1170 1844
1171 1844
1171 1845
1171 1846
1172 1846
1172 1847
1173 1847
1173 1848
1174 1848
1174 1849
1175 1849
1175 1850
1176 1850
1176 1851
1176 1852
1177 1852
1178 1852
1178 1853
1179 1853
1179 1854
1180 1854
1181 1854
1181 1855
1182 1855
1182 1856
1183 1856
1183 1857
1184 1857
1185 1857
1185 1858
1186 1858
1187 1858
1188 1858
1188 1859
1189 1859
1189 1860
1190 1860
1190 1861
1191 1861
1192 1861
1192 1862
1193 1862
1194 1862
1194 1863
1195 1863
1196 1863
1197 1863
1198 1863
1199 1863
1200 1863
1201 1863
1202 1863
1203 1863
1203 1864
1204 1864
1205 1864
1206 1864
1206 1865
1207 1865
1208 1865
1209 1865
1209 1866
1210 1866
1211 1866
1211 1867
1212 1867
1213 1867
1214 1867
1215 1867
1216 1867
1217 1867
1218 1867
1219 1867
1220 1867
1221 1867
1222 1867
1223 1867
1224 1867
1225 1867
1225 1866
1226 1866
1226 1865
1227 1865
1228 1865
1229 1865
1229 1864
1230 1864
1231 1864
1232 1864
1233 1864
1233 1863
1234 1863
1235 1863
1236 1863
1237 1863
1238 1863
1239 1863
1239 1862
1240 1862
1241 1862
1242 1862
1242 1861
1243 1861
1243 1860
1244 1860
1244 1859
1245 1859
1246 1859
1246 1858
1247 1858
1248 1858
1248 1857
1249 1857
1250 1857
1250 1856
1251 1856
1251 1855
1252 1855
1252 1854
1253 1854
1254 1854
1254 1853
1255 1853
1255 1852
1256 1852
1256 1851
1257 1851
1257 1850
1258 1850
1258 1849
1259 1849
1260 1849
1260 1848
1261 1848
1261 1847
1262 1847
1262 1846
1262 1845
1263 1845
1264 1845
1264 1844
1265 1844
1266 1844
1266 1843
1267 1843
1267 1842
1267 1841
1268 1841
1268 1840
1269 1840
1270 1840
1270 1839
1271 1839
1271 1838
1272 1838
1272 1837
1273 1837
1273 1836
1274 1836
1274 1835
1275 1835
1275 1834
1276 1834
1276 1833
1276 1832
1277 1832
1277 1831
1278 1831
1278 1830
1279 1830
1279 1829
1280 1829
1280 1828
1280 1827
1281 1827
1281 1826
1282 1826
1282 1825
1283 1825
1283 1824
1284 1824
1284 1823
1284 1822
1285 1822
1285 1821
1285 1820
1286 1820
1286 1819
1286 1818
1287 1818
1287 1817
1288 1817
1289 1817
1289 1816
1289 1815
1289 1814
1289 1813
1290 1813
1290 1812
1290 1811
1290 1810
1291 1810
1291 1809
1292 1809
1292 1808
1293 1808
1293 1807
1293 1806
1294 1806
1294 1805
1294 1804
1294 1803
1294 1802
1294 1801
1294 1800
1294 1799
1294 1798
1295 1798
1295 1797
1295 1796
1295 1795
1295 1794
1295 1793
1295 1792
1295 1791
1295 1790
1296 1790
1296 1789
1296 1788
1296 1787
1296 1786
1296 1785
1296 1784
1296 1783
1295 1783
1295 1782
1295 1781
1295 1780
1295 1779
1295 1778
1295 1777
1295 1776
1294 1776
1294 1775
1294 1774
1294 1773
1294 1772
1294 1771
1294 1770
1294 1769
1294 1768
1294 1767
1294 1766
1294 1765
1294 1764
1294 1763
1294 1762
1293 1762
1293 1761
1293 1760
1293 1759
1292 1759
1292 1758
1292 1757
1291 1757
1291 1756
1290 1756
1290 1755
1290 1754
1290 1753
1290 1752
1289 1752
1289 1751
1289 1750
1289 1749
1289 1748
1289 1747
1289 1746
1289 1745
1288 1745
1288 1744
1287 1744
1287 1743
1286 1743
1286 1742
1286 1741
1286 1740
1285 1740
1285 1739
1285 1738
1285 1737
1285 1736
1284 1736
1284 1735
1284 1734
1283 1734
1283 1733
1282 1733
1282 1732
1282 1731
1281 1731
1281 1730
1281 1729
1280 1729
1280 1728
1280 1727
1280 1726
1279 1726
1279 1725
1278 1725
1278 1724
1278 1723
1277 1723
1277 1722
1276 1722
1276 1721
1276 1720
1275 1720
1275 1719
1275 1718
1275 1717
1274 1717
1274 1716
1273 1716
1273 1715
1272 1715
1272 1714
1272 1713
1271 1713
1271 1712
1271 1711
1271 1710
1270 1710
1270 1709
1270 1708
1269 1708
1269 1707
1268 1707
1268 1706
1267 1706
1267 1705
1267 1704
1266 1704
1266 1703
1266 1702
1265 1702
1265 1701
1264 1701
1264 1700
1263 1700
1263 1699
1262 1699
1262 1698
1262 1697
1261 1697
1261 1696
1260 1696
1260 1695
1260 1694
1259 1694
1259 1693
1258 1693
1258 1692
1257 1692
1257 1691
1256 1691
1256 1690
1255 1690
1255 1689
1254 1689
1254 1688
1253 1688
1253 1687
1252 1687
1252 1686
1251 1686
1251 1685
1250 1685
1250 1684
1249 1684
1249 1683
1248 1683
1247 1683
1247 1682
1247 1681
1246 1681
1245 1681
1245 1680
1244 1680
1244 1679
1243 1679
1243 1678
1242 1678
1242 1677
1241 1677
1240 1677
1240 1676
1239 1676
1239 1675
1238 1675
1238 1674
1237 1674
1236 1674
1236 1673
1235 1673
1235 1672
1234 1672
1234 1671
1233 1671
1233 1670
1232 1670
1231 1670
1231 1669
1230 1669
1229 1669
1229 1668
1228 1668
1228 1667
1227 1667
1227 1666
1226 1666
1226 1665
1225 1665
1224 1665
1223 1665
1222 1665
1221 1665
1221 1664
1220 1664
1219 1664
1219 1663
1218 1663
1218 1662
1217 1662
1217 1661
1216 1661
1215 1661
1215 1660
1214 1660
1213 1660
1212 1660
1211 1660
1210 1660
1210 1659
1209 1659
1208 1659
1208 1658
1207 1658
1207 1657
1206 1657
1205 1657
1205 1656
1204 1656
1203 1656
1202 1656
1202 1655
1201 1655
1200 1655
1199 1655
1198 1655
1198 1654
1197 1654
1197 1653
1196 1653
1195 1653
1195 1652
1194 1652
1194 1651
1193 1651
1192 1651
1191 1651
1190 1651
1189 1651
1188 1651
1187 1651
1186 1651
1185 1651
1184 1651
1184 1650
1183 1650
1182 1650
1182 1649
1181 1649
1181 1648
1180 1648
1180 1647
1179 1647
1178 1647
1178 1646
1177 1646
1176 1646
1175 1646
1174 1646
1173 1646
1172 1646
1171 1646
1170 1646
1169 1646
1168 1646
1167 1646
1166 1646
1165 1646
1164 1646
1164 1645
1163 1645
1162 1645
1162 1644
1161 1644
1161 1643
1160 1643
1159 1643
1159 1642
1158 1642
1157 1642
1156 1642
1155 1642
1154 1642
1153 1642
1152 1642
1151 1642
1150 1642
1149 1642
1148 1642
1147 1642
1147 1641
1146 1641
1145 1641
1145 1640
1144 1640
1143 1640
1143 1639
1142 1639
1142 1638
1141 1638
1140 1638
1140 1637
1139 1637
1138 1637
1137 1637
1136 1637
1135 1637
1134 1637
1133 1637
1132 1637
1131 1637
1130 1637
1130 1636
1129 1636
1128 1636
1127 1636
1127 1635
1126 1635
1126 1634
1125 1634
1125 1633
1124 1633
1123 1633
1123 1632
1122 1632
1121 1632
1120 1632
1119 1632
1118 1632
1117 1632
1117 1631
1116 1631
1116 1630
1116 1629
1115 1629
1114 1629
1114 1628
1113 1628
1112 1628
1111 1628
1110 1628
1110 1627
1109 1627
1108 1627
1107 1627
1106 1627
1105 1627
1105 1626
1104 1626
1104 1625
1103 1625
1102 1625
1102 1624
1101 1624
1101 1623
1100 1623
1099 1623
1098 1623
1097 1623
1096 1623
1095 1623
1095 1622
1094 1622
1094 1621
1093 1621
1093 1620
1092 1620
1092 1619
1091 1619
1090 1619
1090 1618
1089 1618
1088 1618
1087 1618
1086 1618
1085 1618
1085 1617
1084 1617
1084 1616
1084 1615
1083 1615
1083 1614
1082 1614
1081 1614
1081 1613
1080 1613
1080 1612
1079 1612
1079 1611
1079 1610
1079 1609
1078 1609
1078 1608
1078 1607
1077 1607
1077 1606
1076 1606
1076 1605
1076 1604
1075 1604
1075 1603
1075 1602
1075 1601
1075 1600
1075 1599
1075 1598
1075 1597
1075 1596
1075 1595
1074 1595
1074 1594
1074 1593
1073 1593
1073 1592
1073 1591
1072 1591
1072 1590
1072 1589
1071 1589
1071 1588
1071 1587
1071 1586
1070 1586
1070 1585
1069 1585
1069 1584
1069 1583
1068 1583
1068 1582
1067 1582
1066 1582
1066 1581
1065 1581
1064 1581
1064 1580
1063 1580
1062 1580
1061 1580
1061 1579
1060 1579
1059 1579
1058 1579
1057 1579
1056 1579
-2 -2
