934 178
934 179
933 179
932 179
931 179
930 179
930 180
929 180
929 181
928 181
927 181
927 182
926 182
925 182
924 182
924 183
923 183
922 183
921 183
921 184
920 184
920 185
919 185
919 186
918 186
918 187
917 187
917 188
916 188
915 188
915 189
914 189
914 190
914 191
913 191
913 192
912 192
911 192
911 193
911 194
910 194
910 195
909 195
909 196
908 196
908 197
907 197
907 198
906 198
906 199
905 199
905 200
905 201
905 202
904 202
904 203
904 204
903 204
903 205
902 205
902 206
901 206
901 207
901 208
900 208
900 209
900 210
899 210
899 211
898 211
898 212
897 212
897 213
897 214
896 214
896 215
896 216
896 217
896 218
895 218
895 219
895 220
895 221
894 221
894 222
894 223
894 224
893 224
893 225
893 226
892 226
892 227
892 228
892 229
892 230
892 231
892 232
892 233
892 234
892 235
892 236
892 237
892 238
892 239
892 240
892 241
892 242
892 243
892 244
893 244
893 245
893 246
894 246
894 247
894 248
895 248
895 249
895 250
896 250
896 251
896 252
896 253
896 254
897 254
897 255
897 256
898 256
898 257
899 257
899 258
899 259
900 259
900 260
901 260
901 261
901 262
902 262
902 263
902 264
903 264
904 264
904 265
905 265
905 266
905 267
906 267
906 268
906 269
907 269
908 269
908 270
909 270
909 271
910 271
910 272
910 273
911 273
911 274
912 274
913 274
913 275
914 275
914 276
914 277
915 277
915 278
916 278
916 279
917 279
918 279
918 280
919 280
919 281
919 282
920 282
920 283
921 283
922 283
922 284
923 284
923 285
924 285
924 286
925 286
925 287
926 287
927 287
927 288
928 288
929 288
929 289
930 289
930 290
931 290
931 291
932 291
933 291
933 292
934 292
935 292
936 292
936 293
937 293
938 293
938 294
939 294
940 294
940 295
941 295
941 296
942 296
943 296
944 296
944 297
945 297
946 297
947 297
948 297
949 297
950 297
950 298
951 298
952 298
953 298
954 298
954 299
955 299
956 299
957 299
957 300
958 300
958 301
959 301
960 301
961 301
962 301
963 301
964 301
965 301
966 301
967 301
968 301
968 302
969 302
970 302
971 302
972 302
973 302
974 302
974 303
975 303
976 303
977 303
977 304
978 304
979 304
980 304
980 305
981 305
982 305
983 305
983 306
984 306
984 307
985 307
985 308
984 308
984 309
983 309
982 309
982 310
981 310
981 311
980 311
980 312
979 312
979 313
978 313
977 313
977 314
976 314
976 315
975 315
975 316
974 316
974 317
973 317
973 318
972 318
972 319
971 319
971 320
971 321
970 321
970 322
969 322
969 323
968 323
968 324
967 324
967 325
966 325
966 326
966 327
965 327
965 328
964 328
964 329
963 329
963 330
962 330
962 331
961 331
961 332
961 333
960 333
960 334
959 334
959 335
959 336
958 336
958 337
958 338
957 338
957 339
957 340
957 341
956 341
956 342
956 343
956 344
956 345
956 346
956 347
956 348
956 349
956 350
956 351
956 352
956 353
957 353
957 354
957 355
957 356
958 356
958 357
959 357
959 358
960 358
960 359
961 359
961 360
962 360
962 361
962 362
963 362
964 362
964 363
965 363
965 364
966 364
966 365
967 365
967 366
968 366
969 366
969 367
970 367
971 367
972 367
972 368
973 368
974 368
975 368
976 368
976 369
977 369
978 369
978 370
979 370
980 370
981 370
982 370
983 370
984 370
984 369
985 369
986 369
987 369
987 368
988 368
989 368
990 368
990 367
991 367
992 367
993 367
993 366
994 366
995 366
995 365
995 364
996 364
996 363
997 363
997 362
998 362
999 362
1000 362
1001 362
1002 362
1002 363
1003 363
1003 364
1004 364
1004 365
1004 366
1005 366
1006 366
1006 367
1007 367
1008 367
1009 367
1009 368
1010 368
1011 368
1012 368
1012 369
1013 369
1014 369
1015 369
1015 370
1016 370
1017 370
1018 370
1019 370
1020 370
1021 370
1021 369
1022 369
1023 369
1023 368
1024 368
1025 368
1026 368
1027 368
1027 367
1028 367
1029 367
1030 367
1030 366
1031 366
1032 366
1032 365
1033 365
1033 364
1034 364
1034 363
1035 363
1035 362
1036 362
1037 362
1037 361
1038 361
1038 360
1038 359
1039 359
1039 358
1040 358
1040 357
1041 357
1041 356
1042 356
1042 355
1042 354
1043 354
1043 353
1043 352
1043 351
1043 350
1043 349
1043 348
1043 347
1043 346
1043 345
1043 344
1043 343
1043 342
1043 341
1043 340
1042 340
1042 339
1042 338
1042 337
1041 337
1041 336
1040 336
1040 335
1039 335
1039 334
1039 333
1038 333
1038 332
1038 331
1037 331
1037 330
1036 330
1036 329
1035 329
1035 328
1034 328
1034 327
1033 327
1033 326
1033 325
1032 325
1032 324
1031 324
1031 323
1030 323
1030 322
1029 322
1029 321
1028 321
1028 320
1028 319
1027 319
1027 318
1026 318
1026 317
1025 317
1024 317
1024 316
1024 315
1023 315
1023 314
1022 314
1021 314
1021 313
1020 313
1020 312
1019 312
1019 311
1018 311
1018 310
1017 310
1017 309
1016 309
1015 309
1015 308
1014 308
1014 307
1015 307
1015 306
1016 306
1016 305
1017 305
1018 305
1019 305
1020 305
1020 304
1021 304
1022 304
1022 303
1023 303
1024 303
1025 303
1025 302
1026 302
1027 302
1028 302
1029 302
1030 302
1031 302
1032 302
1032 301
1033 301
1034 301
1035 301
1036 301
1037 301
1038 301
1039 301
1040 301
1040 300
1041 300
1042 300
1042 299
1043 299
1044 299
1045 299
1045 298
1046 298
1047 298
1048 298
1049 298
1049 297
1050 297
1051 297
1052 297
1053 297
1054 297
1055 297
1055 296
1056 296
1057 296
1058 296
1058 295
1059 295
1059 294
1060 294
1061 294
1061 293
1062 293
1063 293
1063 292
1064 292
1065 292
1066 292
1067 292
1067 291
1068 291
1068 290
1069 290
1069 289
1070 289
1071 289
1071 288
1072 288
1073 288
1073 287
1074 287
1074 286
1075 286
1075 285
1076 285
1076 284
1077 284
1077 283
1078 283
1079 283
1079 282
1080 282
1080 281
1080 280
1081 280
1081 279
1082 279
1083 279
1083 278
1084 278
1084 277
1085 277
1085 276
1086 276
1086 275
1086 274
1087 274
1088 274
1088 273
1089 273
1089 272
1090 272
1090 271
1090 270
1091 270
1091 269
1092 269
1093 269
1093 268
1094 268
1094 267
1094 266
1095 266
1095 265
1096 265
1096 264
1097 264
1097 263
1098 263
1098 262
1098 261
1099 261
1099 260
1099 259
1100 259
1100 258
1101 258
1101 257
1101 256
1102 256
1102 255
1103 255
1103 254
1103 253
1103 252
1103 251
1103 250
1104 250
1104 249
1104 248
1105 248
1105 247
1105 246
1106 246
1106 245
1107 245
1107 244
1107 243
1107 242
1107 241
1107 240
1107 239
1107 238
1107 237
1107 236
1107 235
1107 234
1107 233
1107 232
1107 231
1107 230
1107 229
1107 228
1107 227
1107 226
1106 226
1106 225
1106 224
1106 223
1105 223
1105 222
1105 221
1104 221
1104 220
1104 219
1104 218
1103 218
1103 217
1103 216
1103 215
1103 214
1102 214
1102 213
1102 212
1101 212
1101 211
1100 211
1100 210
1099 210
1099 209
1099 208
1098 208
1098 207
1098 206
1097 206
1097 205
1096 205
1096 204
1095 204
1095 203
1095 202
1094 202
1094 201
1094 200
1093 200
1093 199
1093 198
1092 198
1092 197
1091 197
1091 196
1090 196
1090 195
1089 195
1089 194
1088 194
1088 193
1088 192
1087 192
1086 192
1086 191
1085 191
1085 190
1085 189
1084 189
1084 188
1083 188
1082 188
1082 187
1081 187
1081 186
1080 186
1080 185
1079 185
1079 184
1078 184
1077 184
1077 183
1076 183
1075 183
1075 182
1074 182
1073 182
1072 182
1072 181
1071 181
1071 180
1070 180
1069 180
1069 179
1068 179
1067 179
1066 179
1066 178
1065 178
1064 178
1063 178
1062 178
1061 178
1060 178
1059 178
1058 178
1057 178
1056 178
1055 178
1054 178
1053 178
1052 178
1051 178
1050 178
1049 178
1048 178
1047 178
1046 178
1046 179
1045 179
1044 179
1043 179
1042 179
1042 180
1041 180
1041 181
1040 181
1039 181
1039 182
1038 182
1037 182
1037 183
1036 183
1035 183
1035 184
1034 184
1034 185
1033 185
1033 186
1032 186
1032 187
1031 187
1031 188
1030 188
1030 189
1029 189
1029 190
1029 191
1028 191
1028 192
1027 192
1027 193
1027 194
1026 194
1026 195
1026 196
1026 197
1025 197
1025 198
1025 199
1025 200
1024 200
1024 201
1024 202
1024 203
1023 203
1023 204
1023 205
1023 206
1023 207
1022 207
1022 208
1022 209
1023 209
1023 210
1023 211
1023 212
1024 212
1024 213
1024 214
1024 215
1024 216
1025 216
1025 217
1025 218
1025 219
1025 220
1026 220
1026 221
1026 222
1026 223
1026 224
1027 224
1027 225
1027 226
1028 226
1028 227
1028 228
1029 228
1029 229
1030 229
1030 230
1030 231
1031 231
1031 232
1032 232
1032 233
1033 233
1033 234
1034 234
1035 234
1035 235
1036 235
1036 236
1037 236
1038 236
1039 236
1040 236
1040 237
1041 237
1042 237
1043 237
1043 238
1044 238
1045 238
1046 238
1046 239
1047 239
1048 239
1049 239
1050 239
1051 239
1051 240
1052 240
1053 240
1054 240
1055 240
1055 239
1056 239
1057 239
1058 239
1058 238
1059 238
1060 238
1060 237
1061 237
1062 237
1062 236
1063 236
1064 236
1065 236
1065 235
1065 234
1066 234
1066 233
1067 233
1067 232
1068 232
1068 231
1069 231
1069 230
1070 230
1070 229
1070 228
1071 228
1071 227
1071 226
1071 225
1071 224
1071 223
1071 222
1071 221
1071 220
1071 219
1071 218
1071 217
1071 216
1071 215
1070 215
1070 214
1071 214
1072 214
1072 215
1073 215
1073 216
1074 216
1074 217
1075 217
1075 218
1076 218
1077 218
1077 219
1077 220
1078 220
1078 221
1078 222
1078 223
1079 223
1079 224
1080 224
1080 225
1080 226
1081 226
1081 227
1081 228
1081 229
1081 230
1082 230
1082 231
1082 232
1081 232
1081 233
1081 234
1081 235
1081 236
1081 237
1080 237
1080 238
1080 239
1080 240
1079 240
1079 241
1079 242
1078 242
1078 243
1078 244
1078 245
1078 246
1077 246
1077 247
1077 248
1076 248
1076 249
1076 250
1075 250
1075 251
1074 251
1074 252
1073 252
1073 253
1073 254
1072 254
1072 255
1072 256
1071 256
1071 257
1070 257
1070 258
1069 258
1069 259
1068 259
1068 260
1068 261
1067 261
1067 262
1066 262
1066 261
1065 261
1064 261
1063 261
1063 260
1062 260
1062 259
1061 259
1061 258
1060 258
1059 258
1059 257
1058 257
1058 256
1057 256
1057 255
1056 255
1056 254
1055 254
1054 254
1054 253
1053 253
1053 252
1052 252
1052 251
1051 251
1051 250
1050 250
1050 249
1049 249
1048 249
1048 248
1047 248
1047 247
1046 247
1046 246
1045 246
1044 246
1044 245
1043 245
1043 244
1042 244
1041 244
1040 244
1040 243
1039 243
1038 243
1037 243
1036 243
1035 243
1035 242
1034 242
1033 242
1032 242
1031 242
1030 242
1029 242
1028 242
1027 242
1026 242
1025 242
1024 242
1024 243
1023 243
1022 243
1021 243
1020 243
1019 243
1018 243
1018 244
1017 244
1016 244
1015 244
1015 245
1014 245
1014 246
1013 246
1013 247
1012 247
1012 248
1011 248
1011 249
1010 249
1009 249
1009 250
1008 250
1008 251
1008 252
1007 252
1007 253
1006 253
1005 253
1005 254
1004 254
1004 255
1004 256
1003 256
1003 257
1002 257
1002 258
1001 258
1000 258
999 258
998 258
997 258
997 257
996 257
996 256
995 256
995 255
995 254
994 254
993 254
993 253
992 253
992 252
991 252
991 251
990 251
990 250
990 249
989 249
988 249
988 248
987 248
987 247
986 247
986 246
985 246
985 245
984 245
984 244
983 244
982 244
981 244
981 243
980 243
979 243
978 243
977 243
976 243
976 242
975 242
974 242
973 242
972 242
971 242
970 242
969 242
968 242
967 242
966 242
965 242
964 242
964 243
963 243
962 243
961 243
960 243
959 243
959 244
958 244
957 244
956 244
956 245
955 245
955 246
954 246
954 247
953 247
952 247
952 248
951 248
951 249
950 249
949 249
949 250
948 250
948 251
947 251
947 252
946 252
946 253
945 253
944 253
944 254
943 254
943 255
942 255
942 256
942 257
941 257
940 257
940 258
939 258
938 258
938 259
937 259
937 260
936 260
936 261
935 261
934 261
933 261
933 262
932 262
932 261
931 261
931 260
931 259
930 259
930 258
929 258
929 257
928 257
928 256
927 256
927 255
926 255
926 254
926 253
926 252
925 252
925 251
924 251
924 250
924 249
923 249
922 249
922 248
922 247
921 247
921 246
921 245
921 244
921 243
921 242
921 241
920 241
920 240
919 240
919 239
919 238
918 238
918 237
918 236
918 235
918 234
918 233
918 232
918 231
918 230
918 229
918 228
918 227
918 226
919 226
919 225
920 225
920 224
920 223
921 223
921 222
921 221
921 220
922 220
922 219
922 218
923 218
924 218
924 217
925 217
925 216
926 216
926 215
927 215
927 214
928 214
929 214
929 215
928 215
928 216
928 217
928 218
928 219
928 220
928 221
928 222
928 223
928 224
928 225
928 226
928 227
928 228
929 228
929 229
929 230
930 230
930 231
931 231
931 232
932 232
933 232
933 233
933 234
934 234
934 235
935 235
935 236
936 236
937 236
937 237
938 237
939 237
939 238
940 238
941 238
942 238
942 239
943 239
944 239
944 240
945 240
946 240
947 240
948 240
949 240
950 240
950 239
951 239
952 239
953 239
953 238
954 238
955 238
956 238
956 237
957 237
958 237
959 237
959 236
960 236
961 236
962 236
963 236
963 235
964 235
965 235
965 234
966 234
966 233
967 233
967 232
968 232
968 231
969 231
969 230
969 229
970 229
970 228
971 228
971 227
972 227
972 226
972 225
973 225
973 224
973 223
973 222
973 221
974 221
974 220
974 219
974 218
974 217
975 217
975 216
975 215
975 214
976 214
976 213
976 212
976 211
977 211
977 210
977 209
977 208
977 207
977 206
977 205
976 205
976 204
976 203
975 203
975 202
975 201
975 200
975 199
974 199
974 198
974 197
973 197
973 196
973 195
973 194
973 193
972 193
972 192
971 192
971 191
970 191
970 190
970 189
969 189
969 188
968 188
968 187
967 187
967 186
966 186
966 185
965 185
965 184
964 184
964 183
963 183
962 183
962 182
961 182
960 182
960 181
959 181
958 181
958 180
957 180
957 179
956 179
955 179
954 179
953 179
953 178
952 178
951 178
950 178
949 178
948 178
947 178
946 178
945 178
944 178
943 178
942 178
941 178
940 178
939 178
938 178
937 178
936 178
935 178
934 178
-2 -2
