830 529
830 530
829 530
828 530
827 530
826 530
825 530
824 530
823 530
823 531
822 531
821 531
820 531
819 531
818 531
818 532
817 532
816 532
815 532
814 532
813 532
812 532
812 533
811 533
810 533
809 533
809 534
808 534
807 534
807 535
806 535
806 536
805 536
804 536
804 537
803 537
802 537
801 537
801 538
800 538
799 538
799 539
798 539
798 540
797 540
797 541
796 541
795 541
795 542
794 542
793 542
793 543
792 543
792 544
791 544
791 545
790 545
789 545
789 546
788 546
788 547
787 547
787 548
786 548
786 549
785 549
785 550
784 550
784 551
783 551
783 552
782 552
782 553
781 553
781 554
780 554
780 555
779 555
779 556
779 557
778 557
778 558
777 558
777 559
777 560
776 560
775 560
775 561
775 562
775 563
774 563
774 564
773 564
773 565
773 566
772 566
772 567
771 567
771 568
771 569
771 570
770 570
770 571
770 572
770 573
769 573
769 574
769 575
769 576
769 577
768 577
768 578
768 579
767 579
767 580
767 581
766 581
766 582
766 583
766 584
766 585
766 586
766 587
766 588
766 589
766 590
766 591
766 592
766 593
766 594
766 595
766 596
766 597
767 597
767 598
768 598
768 599
768 600
769 600
769 601
769 602
770 602
770 603
770 604
770 605
770 606
771 606
771 607
772 607
772 608
773 608
773 609
774 609
774 610
775 610
775 611
775 612
776 612
776 613
777 613
777 614
778 614
779 614
779 615
780 615
780 616
780 617
781 617
781 618
782 618
783 618
783 619
784 619
785 619
786 619
786 620
787 620
787 621
788 621
788 622
789 622
790 622
790 623
791 623
792 623
793 623
793 624
794 624
795 624
795 625
796 625
796 626
797 626
797 627
798 627
799 627
799 628
800 628
801 628
801 629
802 629
803 629
803 630
804 630
804 631
805 631
805 632
806 632
807 632
807 633
808 633
809 633
809 634
810 634
811 634
811 635
812 635
812 636
813 636
813 637
814 637
815 637
816 637
816 638
817 638
818 638
818 639
819 639
819 640
820 640
820 641
821 641
822 641
823 641
823 642
824 642
825 642
825 643
826 643
827 643
827 644
828 644
828 645
829 645
830 645
830 646
831 646
832 646
832 647
833 647
834 647
834 648
835 648
835 649
836 649
836 650
837 650
837 651
838 651
839 651
839 652
840 652
841 652
841 653
842 653
842 654
843 654
843 655
844 655
845 655
846 655
846 656
847 656
848 656
849 656
849 657
850 657
851 657
852 657
852 658
853 658
854 658
855 658
856 658
856 657
857 657
858 657
858 656
859 656
860 656
861 656
861 655
861 654
862 654
863 654
863 653
863 652
864 652
865 652
865 651
865 650
865 649
865 648
865 647
865 646
866 646
866 645
866 644
866 643
866 642
866 641
866 640
866 639
866 638
867 638
867 637
867 636
868 636
868 635
868 634
869 634
869 633
869 632
869 631
869 630
870 630
870 629
870 628
870 627
870 626
870 625
870 624
870 623
871 623
871 622
871 621
871 620
872 620
872 619
872 618
872 617
873 617
873 616
874 616
874 615
874 614
874 613
875 613
875 612
875 611
875 610
875 609
875 608
875 607
875 606
875 605
876 605
876 604
876 603
876 602
876 601
877 601
877 600
877 599
878 599
878 598
878 597
879 597
879 596
879 595
879 594
879 593
879 592
879 591
879 590
879 589
879 588
879 587
880 587
880 586
880 585
880 584
881 584
881 583
881 582
882 582
882 581
883 581
883 580
883 579
883 578
884 578
884 577
884 576
884 575
884 574
884 573
884 572
884 571
884 570
884 569
884 568
884 567
884 566
884 565
884 564
884 563
884 562
884 561
883 561
883 560
883 559
883 558
882 558
882 557
882 556
881 556
881 555
880 555
880 554
880 553
880 552
880 551
879 551
879 550
879 549
878 549
878 548
878 547
877 547
876 547
876 546
875 546
875 545
875 544
874 544
874 543
873 543
873 542
872 542
871 542
871 541
870 541
870 540
869 540
869 539
868 539
867 539
867 538
866 538
866 537
865 537
864 537
863 537
863 536
862 536
861 536
861 535
860 535
859 535
859 534
858 534
858 533
857 533
856 533
855 533
855 532
854 532
853 532
852 532
851 532
850 532
849 532
848 532
848 531
847 531
846 531
845 531
844 531
843 531
843 530
842 530
841 530
840 530
839 530
838 530
838 529
837 529
836 529
835 529
834 529
833 529
832 529
831 529
830 529
-2 -2
