1067 812
1067 813
1066 813
1065 813
1065 814
1065 815
1064 815
1063 815
1063 816
1062 816
1062 817
1061 817
1060 817
1060 818
1060 819
1059 819
1059 820
1058 820
1058 821
1057 821
1056 821
1056 822
1055 822
1055 823
1054 823
1054 824
1054 825
1053 825
1053 826
1052 826
1051 826
1051 827
1050 827
1050 828
1050 829
1049 829
1049 830
1048 830
1047 830
1047 831
1046 831
1045 831
1044 831
1044 832
1043 832
1043 833
1042 833
1042 834
1041 834
1041 835
1040 835
1040 836
1039 836
1038 836
1038 837
1037 837
1037 838
1036 838
1036 839
1035 839
1035 840
1034 840
1033 840
1033 841
1032 841
1032 842
1031 842
1031 843
1030 843
1030 844
1029 844
1029 845
1028 845
1027 845
1027 846
1026 846
1026 847
1026 848
1025 848
1024 848
1024 849
1023 849
1023 850
1022 850
1022 851
1022 852
1021 852
1021 853
1021 854
1020 854
1020 855
1019 855
1019 856
1019 857
1018 857
1018 858
1017 858
1017 859
1017 860
1017 861
1017 862
1017 863
1017 864
1017 865
1017 866
1017 867
1017 868
1018 868
1018 869
1019 869
1019 870
1020 870
1020 871
1021 871
1021 872
1022 872
1022 873
1023 873
1023 874
1024 874
1025 874
1025 875
1026 875
1027 875
1028 875
1028 876
1029 876
1030 876
1031 876
1032 876
1033 876
1034 876
1035 876
1036 876
1036 875
1037 875
1038 875
1039 875
1039 874
1040 874
1041 874
1042 874
1043 874
1044 874
1045 874
1045 875
1046 875
1047 875
1048 875
1049 875
1050 875
1051 875
1051 876
1052 876
1053 876
1053 877
1054 877
1054 878
1055 878
1055 879
1056 879
1057 879
1058 879
1058 880
1059 880
1059 881
1060 881
1060 882
1060 883
1060 884
1060 885
1061 885
1061 886
1062 886
1062 887
1063 887
1063 888
1063 889
1064 889
1064 890
1065 890
1065 891
1066 891
1066 892
1067 892
1067 893
1068 893
1069 893
1070 893
1071 893
1072 893
1073 893
1073 894
1074 894
1075 894
1076 894
1077 894
1078 894
1079 894
1079 893
1080 893
1081 893
1082 893
1083 893
1083 892
1084 892
1084 891
1085 891
1085 890
1085 889
1085 888
1086 888
1086 887
1087 887
1087 886
1087 885
1088 885
1088 884
1089 884
1089 883
1089 882
1089 881
1089 880
1089 879
1089 878
1089 877
1089 876
1089 875
1089 874
1089 873
1089 872
1089 871
1089 870
1089 869
1089 868
1089 867
1089 866
1089 865
1089 864
1089 863
1089 862
1089 861
1088 861
1088 860
1088 859
1088 858
1087 858
1087 857
1087 856
1087 855
1087 854
1087 853
1086 853
1086 852
1086 851
1086 850
1086 849
1085 849
1085 848
1085 847
1085 846
1085 845
1085 844
1085 843
1085 842
1085 841
1085 840
1085 839
1085 838
1085 837
1085 836
1085 835
1085 834
1085 833
1085 832
1085 831
1085 830
1085 829
1085 828
1085 827
1085 826
1085 825
1085 824
1085 823
1085 822
1084 822
1084 821
1084 820
1084 819
1083 819
1083 818
1082 818
1082 817
1081 817
1081 816
1080 816
1080 815
1079 815
1079 814
1078 814
1078 813
1077 813
1077 812
1076 812
1075 812
1074 812
1073 812
1072 812
1071 812
1070 812
1069 812
1068 812
1067 812
-2 -2
