620 1446
620 1447
619 1447
618 1447
618 1448
617 1448
617 1449
616 1449
615 1449
615 1450
614 1450
613 1450
613 1451
612 1451
612 1452
611 1452
611 1453
610 1453
610 1454
609 1454
609 1455
608 1455
608 1456
607 1456
607 1457
606 1457
606 1458
605 1458
605 1459
604 1459
604 1460
603 1460
603 1461
602 1461
602 1462
601 1462
601 1463
600 1463
600 1464
599 1464
599 1465
598 1465
597 1465
597 1466
596 1466
596 1467
595 1467
595 1468
594 1468
594 1469
594 1470
593 1470
593 1471
593 1472
592 1472
592 1473
592 1474
591 1474
591 1475
590 1475
590 1476
589 1476
589 1477
589 1478
589 1479
588 1479
588 1480
588 1481
588 1482
588 1483
587 1483
587 1484
587 1485
587 1486
586 1486
586 1487
585 1487
585 1488
584 1488
584 1489
584 1490
584 1491
584 1492
584 1493
583 1493
583 1494
583 1495
583 1496
583 1497
583 1498
582 1498
582 1499
582 1500
581 1500
581 1501
581 1502
580 1502
580 1503
580 1504
580 1505
579 1505
579 1506
579 1507
579 1508
579 1509
579 1510
579 1511
579 1512
579 1513
579 1514
579 1515
579 1516
579 1517
579 1518
579 1519
579 1520
579 1521
579 1522
579 1523
579 1524
579 1525
579 1526
579 1527
579 1528
579 1529
579 1530
579 1531
579 1532
579 1533
579 1534
579 1535
579 1536
579 1537
579 1538
579 1539
579 1540
579 1541
579 1542
579 1543
579 1544
579 1545
579 1546
579 1547
579 1548
579 1549
579 1550
579 1551
579 1552
579 1553
579 1554
579 1555
579 1556
579 1557
579 1558
579 1559
579 1560
579 1561
579 1562
579 1563
579 1564
579 1565
579 1566
579 1567
579 1568
580 1568
580 1569
580 1570
580 1571
580 1572
580 1573
581 1573
581 1574
581 1575
582 1575
582 1576
582 1577
582 1578
583 1578
583 1579
583 1580
583 1581
583 1582
584 1582
584 1583
584 1584
584 1585
584 1586
584 1587
584 1588
584 1589
584 1590
584 1591
584 1592
584 1593
584 1594
584 1595
584 1596
584 1597
584 1598
584 1599
584 1600
584 1601
584 1602
584 1603
584 1604
584 1605
584 1606
584 1607
584 1608
584 1609
584 1610
584 1611
584 1612
584 1613
584 1614
583 1614
583 1615
583 1616
583 1617
583 1618
582 1618
582 1619
581 1619
581 1620
581 1621
580 1621
580 1622
579 1622
579 1623
578 1623
578 1624
578 1625
577 1625
577 1626
576 1626
575 1626
575 1627
574 1627
573 1627
573 1628
572 1628
571 1628
571 1629
570 1629
570 1630
570 1631
570 1632
570 1633
569 1633
569 1634
569 1635
569 1636
569 1637
569 1638
569 1639
570 1639
570 1640
570 1641
570 1642
570 1643
571 1643
571 1644
572 1644
573 1644
573 1645
574 1645
574 1646
575 1646
576 1646
576 1647
577 1647
578 1647
579 1647
580 1647
581 1647
582 1647
583 1647
584 1647
585 1647
585 1646
586 1646
587 1646
587 1645
588 1645
589 1645
590 1645
590 1644
591 1644
592 1644
593 1644
594 1644
595 1644
596 1644
597 1644
597 1643
598 1643
599 1643
600 1643
601 1643
602 1643
602 1642
603 1642
603 1641
604 1641
604 1640
605 1640
606 1640
607 1640
607 1639
608 1639
609 1639
609 1638
610 1638
610 1637
611 1637
611 1636
612 1636
612 1635
613 1635
613 1634
614 1634
614 1633
615 1633
615 1632
616 1632
616 1631
617 1631
617 1630
618 1630
618 1629
618 1628
619 1628
619 1627
619 1626
620 1626
620 1625
621 1625
621 1624
622 1624
622 1623
623 1623
623 1622
623 1621
623 1620
623 1619
623 1618
624 1618
624 1617
624 1616
625 1616
625 1615
626 1615
626 1614
627 1614
627 1613
627 1612
627 1611
627 1610
627 1609
628 1609
628 1608
628 1607
628 1606
628 1605
628 1604
628 1603
628 1602
628 1601
628 1600
628 1599
628 1598
628 1597
628 1596
628 1595
628 1594
628 1593
628 1592
628 1591
628 1590
628 1589
628 1588
628 1587
628 1586
628 1585
627 1585
627 1584
627 1583
627 1582
628 1582
628 1581
628 1580
628 1579
629 1579
629 1580
630 1580
630 1581
630 1582
630 1583
631 1583
631 1584
631 1585
631 1586
632 1586
632 1587
633 1587
633 1588
634 1588
634 1589
635 1589
635 1590
635 1591
635 1592
635 1593
635 1594
635 1595
636 1595
636 1596
636 1597
636 1598
637 1598
638 1598
638 1599
638 1600
639 1600
639 1601
639 1602
639 1603
640 1603
640 1604
640 1605
640 1606
640 1607
640 1608
640 1609
640 1610
641 1610
642 1610
642 1611
643 1611
643 1612
643 1613
644 1613
644 1614
644 1615
644 1616
644 1617
644 1618
644 1619
645 1619
645 1620
646 1620
646 1621
646 1622
647 1622
647 1623
648 1623
648 1624
648 1625
649 1625
649 1626
649 1627
649 1628
649 1629
649 1630
650 1630
650 1631
650 1632
651 1632
651 1633
652 1633
652 1634
653 1634
653 1635
653 1636
653 1637
653 1638
654 1638
654 1639
654 1640
654 1641
654 1642
654 1643
654 1644
654 1645
654 1646
654 1647
654 1648
654 1649
654 1650
654 1651
654 1652
654 1653
654 1654
654 1655
654 1656
654 1657
654 1658
654 1659
654 1660
654 1661
654 1662
654 1663
653 1663
653 1664
653 1665
652 1665
652 1666
651 1666
651 1667
650 1667
650 1668
650 1669
649 1669
649 1670
649 1671
649 1672
649 1673
648 1673
648 1674
647 1674
647 1675
646 1675
645 1675
645 1676
645 1677
644 1677
644 1678
644 1679
644 1680
644 1681
644 1682
644 1683
644 1684
643 1684
643 1685
643 1686
643 1687
643 1688
642 1688
642 1689
642 1690
641 1690
641 1691
641 1692
640 1692
640 1693
640 1694
640 1695
640 1696
639 1696
639 1697
639 1698
639 1699
639 1700
638 1700
638 1701
637 1701
637 1702
637 1703
636 1703
636 1704
636 1705
635 1705
635 1706
635 1707
634 1707
634 1708
634 1709
633 1709
633 1710
633 1711
632 1711
632 1712
631 1712
631 1713
631 1714
630 1714
630 1715
630 1716
629 1716
629 1717
628 1717
628 1718
627 1718
627 1719
626 1719
626 1720
626 1721
625 1721
625 1722
624 1722
624 1723
624 1724
623 1724
623 1725
622 1725
622 1726
621 1726
621 1727
621 1728
620 1728
620 1729
619 1729
619 1730
618 1730
618 1731
617 1731
617 1732
616 1732
616 1733
615 1733
615 1734
615 1735
614 1735
613 1735
613 1736
612 1736
612 1737
612 1738
611 1738
611 1739
610 1739
610 1740
609 1740
609 1741
608 1741
608 1742
607 1742
607 1743
606 1743
606 1744
605 1744
605 1745
604 1745
603 1745
603 1746
603 1747
602 1747
602 1748
601 1748
601 1749
600 1749
599 1749
599 1750
598 1750
598 1751
597 1751
597 1752
596 1752
596 1753
595 1753
594 1753
593 1753
593 1754
592 1754
591 1754
590 1754
590 1755
589 1755
589 1756
588 1756
587 1756
587 1757
586 1757
585 1757
584 1757
583 1757
583 1758
582 1758
582 1757
581 1757
580 1757
579 1757
579 1756
578 1756
578 1755
577 1755
577 1754
576 1754
575 1754
575 1753
574 1753
574 1752
573 1752
573 1751
572 1751
572 1750
571 1750
571 1749
570 1749
570 1748
569 1748
569 1747
568 1747
568 1746
567 1746
567 1745
567 1744
566 1744
566 1743
565 1743
565 1742
564 1742
564 1741
563 1741
563 1740
563 1739
563 1738
562 1738
562 1737
562 1736
562 1735
561 1735
561 1734
560 1734
560 1733
560 1732
559 1732
559 1731
559 1730
558 1730
558 1729
558 1728
558 1727
558 1726
559 1726
559 1725
560 1725
560 1726
561 1726
561 1727
562 1727
563 1727
564 1727
565 1727
565 1728
566 1728
567 1728
568 1728
569 1728
569 1729
570 1729
571 1729
571 1730
572 1730
573 1730
573 1731
574 1731
575 1731
576 1731
577 1731
577 1732
578 1732
579 1732
580 1732
581 1732
582 1732
583 1732
583 1733
584 1733
585 1733
586 1733
587 1733
588 1733
589 1733
590 1733
590 1732
591 1732
592 1732
593 1732
594 1732
595 1732
595 1731
596 1731
596 1730
597 1730
598 1730
598 1729
599 1729
599 1728
600 1728
600 1727
601 1727
601 1726
602 1726
602 1725
603 1725
603 1724
604 1724
604 1723
604 1722
604 1721
605 1721
605 1720
605 1719
605 1718
605 1717
606 1717
606 1716
606 1715
606 1714
606 1713
606 1712
606 1711
606 1710
607 1710
607 1709
607 1708
606 1708
606 1707
606 1706
606 1705
606 1704
606 1703
606 1702
606 1701
605 1701
605 1700
605 1699
605 1698
605 1697
605 1696
604 1696
604 1695
604 1694
603 1694
603 1693
602 1693
602 1692
601 1692
601 1691
600 1691
600 1690
600 1689
599 1689
599 1688
598 1688
598 1687
598 1686
597 1686
597 1685
596 1685
596 1684
595 1684
594 1684
594 1683
593 1683
593 1682
592 1682
592 1681
591 1681
590 1681
590 1680
589 1680
589 1679
588 1679
587 1679
587 1678
586 1678
585 1678
585 1677
584 1677
583 1677
583 1676
582 1676
582 1675
581 1675
580 1675
579 1675
579 1674
578 1674
577 1674
576 1674
575 1674
574 1674
573 1674
572 1674
572 1673
571 1673
570 1673
569 1673
568 1673
567 1673
566 1673
565 1673
564 1673
563 1673
562 1673
561 1673
560 1673
559 1673
558 1673
557 1673
556 1673
556 1674
555 1674
554 1674
553 1674
552 1674
551 1674
551 1675
550 1675
549 1675
549 1676
548 1676
548 1677
547 1677
546 1677
546 1678
545 1678
545 1679
544 1679
543 1679
543 1680
542 1680
542 1681
542 1682
541 1682
541 1683
540 1683
540 1684
539 1684
538 1684
538 1685
537 1685
537 1686
537 1687
536 1687
536 1688
535 1688
535 1689
534 1689
534 1690
533 1690
533 1691
533 1692
532 1692
532 1693
532 1694
531 1694
531 1695
531 1696
530 1696
530 1697
529 1697
529 1698
528 1698
528 1699
528 1700
528 1701
528 1702
527 1702
527 1703
527 1704
527 1705
526 1705
526 1706
526 1707
525 1707
525 1708
525 1709
524 1709
524 1710
524 1711
524 1712
523 1712
523 1713
523 1714
523 1715
523 1716
523 1717
523 1718
523 1719
523 1720
523 1721
523 1722
523 1723
523 1724
523 1725
523 1726
523 1727
523 1728
523 1729
523 1730
523 1731
523 1732
523 1733
523 1734
523 1735
523 1736
524 1736
524 1737
524 1738
524 1739
524 1740
524 1741
525 1741
525 1742
526 1742
526 1743
526 1744
527 1744
527 1745
527 1746
528 1746
528 1747
528 1748
528 1749
528 1750
529 1750
529 1751
530 1751
530 1752
531 1752
531 1753
532 1753
532 1754
532 1755
532 1756
533 1756
533 1757
533 1758
534 1758
534 1759
535 1759
535 1760
536 1760
536 1761
537 1761
537 1762
537 1763
538 1763
538 1764
539 1764
539 1765
540 1765
541 1765
541 1766
542 1766
542 1767
542 1768
543 1768
543 1769
544 1769
544 1770
545 1770
546 1770
546 1771
547 1771
547 1772
548 1772
548 1773
549 1773
549 1774
550 1774
551 1774
552 1774
552 1775
553 1775
553 1776
554 1776
555 1776
555 1777
556 1777
556 1778
557 1778
558 1778
558 1779
559 1779
560 1779
561 1779
562 1779
562 1780
563 1780
564 1780
565 1780
565 1781
566 1781
567 1781
567 1782
568 1782
568 1783
569 1783
570 1783
571 1783
572 1783
573 1783
574 1783
575 1783
576 1783
577 1783
578 1783
579 1783
580 1783
581 1783
582 1783
583 1783
584 1783
585 1783
586 1783
587 1783
588 1783
589 1783
590 1783
590 1784
591 1784
592 1784
593 1784
594 1784
595 1784
596 1784
597 1784
598 1784
599 1784
600 1784
601 1784
602 1784
603 1784
604 1784
605 1784
606 1784
607 1784
608 1784
609 1784
610 1784
611 1784
611 1783
612 1783
613 1783
614 1783
615 1783
616 1783
617 1783
618 1783
619 1783
620 1783
621 1783
622 1783
622 1782
623 1782
624 1782
624 1781
625 1781
626 1781
627 1781
627 1780
628 1780
629 1780
630 1780
630 1779
631 1779
632 1779
633 1779
634 1779
635 1779
635 1778
636 1778
637 1778
637 1777
638 1777
638 1776
639 1776
640 1776
640 1775
641 1775
641 1774
642 1774
643 1774
644 1774
644 1773
645 1773
645 1772
646 1772
646 1771
647 1771
647 1770
648 1770
648 1769
649 1769
650 1769
650 1768
651 1768
651 1767
652 1767
652 1766
652 1765
653 1765
654 1765
654 1764
655 1764
655 1763
656 1763
656 1762
656 1761
657 1761
657 1760
658 1760
658 1759
659 1759
659 1758
660 1758
660 1757
661 1757
661 1756
661 1755
662 1755
662 1754
663 1754
664 1754
664 1753
665 1753
665 1752
665 1751
665 1750
666 1750
666 1749
666 1748
667 1748
667 1747
668 1747
668 1746
669 1746
669 1745
669 1744
670 1744
670 1743
670 1742
670 1741
671 1741
671 1740
671 1739
672 1739
672 1738
673 1738
673 1737
674 1737
674 1736
674 1735
675 1735
675 1734
675 1733
675 1732
676 1732
676 1731
676 1730
677 1730
677 1729
678 1729
678 1728
678 1727
679 1727
679 1726
679 1725
679 1724
679 1723
679 1722
680 1722
680 1721
680 1720
680 1719
681 1719
681 1718
681 1717
682 1717
682 1716
683 1716
683 1715
683 1714
683 1713
683 1712
683 1711
684 1711
684 1710
684 1709
684 1708
684 1707
684 1706
684 1705
685 1705
685 1704
686 1704
686 1703
686 1702
687 1702
687 1701
687 1700
688 1700
688 1699
688 1698
688 1697
688 1696
688 1695
689 1695
689 1694
689 1693
689 1692
689 1691
689 1690
689 1689
690 1689
690 1688
690 1687
690 1686
690 1685
691 1685
691 1684
691 1683
691 1682
692 1682
692 1681
692 1680
693 1680
693 1679
693 1678
693 1677
693 1676
693 1675
693 1674
693 1673
693 1672
693 1671
693 1670
693 1669
693 1668
693 1667
693 1666
693 1665
693 1664
693 1663
693 1662
693 1661
693 1660
693 1659
693 1658
693 1657
693 1656
693 1655
693 1654
693 1653
692 1653
692 1652
692 1651
692 1650
692 1649
691 1649
691 1648
691 1647
691 1646
691 1645
691 1644
690 1644
690 1643
690 1642
690 1641
690 1640
690 1639
689 1639
689 1638
689 1637
689 1636
689 1635
689 1634
689 1633
689 1632
688 1632
688 1631
688 1630
688 1629
688 1628
687 1628
687 1627
687 1626
686 1626
686 1625
685 1625
685 1624
685 1623
684 1623
684 1622
684 1621
684 1620
683 1620
683 1619
683 1618
683 1617
683 1616
683 1615
683 1614
682 1614
682 1613
681 1613
681 1612
680 1612
680 1611
680 1610
679 1610
679 1609
679 1608
679 1607
679 1606
679 1605
679 1604
679 1603
679 1602
678 1602
678 1601
677 1601
677 1600
676 1600
675 1600
675 1599
675 1598
674 1598
674 1597
675 1597
675 1596
675 1595
675 1594
674 1594
674 1593
674 1592
673 1592
673 1591
672 1591
672 1590
671 1590
670 1590
670 1589
670 1588
669 1588
669 1587
669 1586
668 1586
667 1586
667 1585
666 1585
666 1584
665 1584
665 1583
665 1582
665 1581
665 1580
665 1579
664 1579
664 1578
663 1578
663 1577
662 1577
662 1576
661 1576
661 1575
660 1575
660 1574
660 1573
660 1572
660 1571
660 1570
659 1570
659 1569
658 1569
658 1568
657 1568
657 1567
656 1567
656 1566
656 1565
655 1565
655 1564
655 1563
654 1563
654 1562
653 1562
653 1561
652 1561
652 1560
652 1559
652 1558
651 1558
651 1557
651 1556
650 1556
650 1555
650 1554
649 1554
648 1554
648 1553
647 1553
647 1552
647 1551
646 1551
646 1550
646 1549
646 1548
646 1547
646 1546
645 1546
645 1545
644 1545
644 1544
643 1544
642 1544
642 1543
642 1542
642 1541
641 1541
641 1540
641 1539
641 1538
640 1538
640 1537
639 1537
639 1536
639 1535
638 1535
638 1534
637 1534
637 1533
637 1532
637 1531
637 1530
637 1529
637 1528
637 1527
637 1526
637 1525
636 1525
636 1524
636 1523
635 1523
635 1522
634 1522
634 1521
633 1521
633 1520
633 1519
633 1518
632 1518
632 1517
632 1516
631 1516
631 1515
630 1515
630 1514
629 1514
629 1513
629 1512
628 1512
628 1511
628 1510
628 1509
627 1509
627 1508
627 1507
627 1506
627 1505
627 1504
627 1503
626 1503
625 1503
625 1502
624 1502
624 1501
623 1501
623 1500
623 1499
623 1498
623 1497
623 1496
623 1495
623 1494
623 1493
623 1492
623 1491
623 1490
623 1489
623 1488
623 1487
623 1486
624 1486
624 1485
625 1485
625 1484
626 1484
626 1483
627 1483
627 1482
627 1481
627 1480
627 1479
628 1479
628 1478
628 1477
628 1476
629 1476
629 1475
630 1475
630 1474
631 1474
631 1473
632 1473
632 1472
632 1471
633 1471
633 1470
633 1469
633 1468
634 1468
634 1467
634 1466
635 1466
635 1465
635 1464
635 1463
635 1462
636 1462
636 1461
636 1460
636 1459
635 1459
635 1458
635 1457
635 1456
634 1456
634 1455
634 1454
633 1454
633 1453
633 1452
632 1452
632 1451
631 1451
631 1450
630 1450
630 1449
629 1449
628 1449
628 1448
627 1448
627 1447
626 1447
625 1447
625 1446
624 1446
623 1446
622 1446
621 1446
620 1446
-2 -2
