1116 910
1116 911
1115 911
1114 911
1114 912
1113 912
1113 913
1112 913
1111 913
1110 913
1110 914
1109 914
1108 914
1108 915
1107 915
1107 916
1106 916
1106 917
1106 918
1106 919
1106 920
1106 921
1105 921
1105 922
1105 923
1105 924
1105 925
1105 926
1106 926
1106 927
1106 928
1106 929
1106 930
1106 931
1106 932
1107 932
1107 933
1108 933
1108 934
1109 934
1109 935
1110 935
1110 936
1111 936
1112 936
1112 937
1113 937
1113 938
1114 938
1115 938
1115 939
1116 939
1117 939
1118 939
1118 940
1119 940
1119 941
1120 941
1120 942
1120 943
1120 944
1121 944
1121 945
1122 945
1122 946
1123 946
1123 947
1123 948
1124 948
1124 949
1124 950
1124 951
1124 952
1124 953
1124 954
1125 954
1125 955
1125 956
1125 957
1125 958
1125 959
1125 960
1124 960
1124 961
1124 962
1124 963
1123 963
1123 964
1123 965
1123 966
1123 967
1123 968
1123 969
1123 970
1123 971
1124 971
1124 972
1124 973
1124 974
1124 975
1125 975
1125 976
1126 976
1126 977
1127 977
1127 978
1128 978
1129 978
1129 979
1129 980
1130 980
1130 981
1131 981
1132 981
1132 982
1133 982
1134 982
1135 982
1136 982
1137 982
1138 982
1139 982
1140 982
1140 981
1141 981
1142 981
1143 981
1143 980
1143 979
1144 979
1145 979
1145 978
1146 978
1146 977
1147 977
1148 977
1149 977
1149 976
1150 976
1150 975
1150 974
1151 974
1152 974
1152 973
1153 973
1153 972
1154 972
1154 971
1154 970
1155 970
1155 969
1156 969
1156 968
1157 968
1157 967
1158 967
1158 966
1159 966
1159 965
1159 964
1160 964
1160 963
1161 963
1161 962
1162 962
1162 961
1163 961
1163 960
1164 960
1164 959
1164 958
1165 958
1165 957
1166 957
1166 956
1167 956
1167 955
1168 955
1168 954
1168 953
1168 952
1169 952
1169 951
1169 950
1170 950
1171 950
1171 949
1172 949
1172 948
1173 948
1173 947
1173 946
1174 946
1174 945
1175 945
1176 945
1176 944
1177 944
1177 943
1178 943
1178 942
1178 941
1179 941
1179 940
1180 940
1181 940
1181 939
1182 939
1182 938
1182 937
1183 937
1183 936
1184 936
1184 935
1185 935
1185 934
1186 934
1186 933
1186 932
1187 932
1187 931
1187 930
1187 929
1187 928
1187 927
1187 926
1187 925
1187 924
1187 923
1187 922
1187 921
1186 921
1185 921
1185 920
1184 920
1184 919
1183 919
1183 918
1182 918
1182 917
1181 917
1181 916
1180 916
1180 915
1179 915
1178 915
1177 915
1176 915
1176 914
1175 914
1174 914
1173 914
1172 914
1171 914
1170 914
1169 914
1168 914
1167 914
1166 914
1165 914
1164 914
1163 914
1162 914
1161 914
1160 914
1159 914
1158 914
1157 914
1156 914
1155 914
1154 914
1153 914
1152 914
1151 914
1150 914
1150 913
1149 913
1148 913
1147 913
1146 913
1145 913
1144 913
1144 912
1143 912
1142 912
1141 912
1141 911
1140 911
1139 911
1138 911
1137 911
1137 910
1136 910
1135 910
1134 910
1133 910
1132 910
1131 910
1130 910
1129 910
1128 910
1127 910
1126 910
1125 910
1124 910
1123 910
1122 910
1121 910
1120 910
1119 910
1118 910
1117 910
1116 910
-2 -2
