1387 215
1387 216
1386 216
1385 216
1384 216
1383 216
1382 216
1381 216
1380 216
1379 216
1378 216
1378 217
1377 217
1376 217
1375 217
1375 218
1374 218
1373 218
1372 218
1372 219
1371 219
1370 219
1369 219
1369 220
1368 220
1367 220
1366 220
1365 220
1364 220
1364 221
1363 221
1362 221
1362 222
1361 222
1361 223
1360 223
1359 223
1359 224
1358 224
1357 224
1357 225
1356 225
1355 225
1355 226
1354 226
1354 227
1353 227
1353 228
1352 228
1352 229
1351 229
1351 230
1350 230
1349 230
1349 231
1348 231
1348 232
1347 232
1347 233
1347 234
1346 234
1345 234
1345 235
1344 235
1344 236
1344 237
1343 237
1343 238
1342 238
1342 239
1341 239
1341 240
1340 240
1340 241
1339 241
1339 242
1339 243
1338 243
1338 244
1337 244
1337 245
1336 245
1336 246
1335 246
1335 247
1334 247
1334 248
1334 249
1333 249
1333 250
1333 251
1332 251
1332 252
1331 252
1331 253
1330 253
1330 254
1330 255
1329 255
1329 256
1329 257
1329 258
1328 258
1328 259
1328 260
1327 260
1327 261
1326 261
1326 262
1326 263
1325 263
1325 264
1325 265
1324 265
1324 266
1324 267
1323 267
1323 268
1323 269
1322 269
1322 270
1322 271
1321 271
1321 272
1321 273
1320 273
1320 274
1320 275
1320 276
1319 276
1319 277
1319 278
1319 279
1319 280
1318 280
1318 281
1318 282
1317 282
1317 283
1317 284
1316 284
1316 285
1316 286
1316 287
1315 287
1315 288
1315 289
1315 290
1315 291
1315 292
1315 293
1314 293
1314 294
1314 295
1313 295
1313 296
1313 297
1312 297
1312 298
1312 299
1312 300
1311 300
1311 301
1311 302
1311 303
1311 304
1311 305
1311 306
1310 306
1310 307
1310 308
1310 309
1310 310
1310 311
1309 311
1309 312
1309 313
1309 314
1309 315
1308 315
1308 316
1308 317
1308 318
1307 318
1307 319
1307 320
1307 321
1307 322
1306 322
1306 323
1306 324
1306 325
1306 326
1306 327
1306 328
1306 329
1306 330
1306 331
1306 332
1306 333
1306 334
1306 335
1306 336
1306 337
1306 338
1306 339
1306 340
1306 341
1306 342
1306 343
1306 344
1306 345
1307 345
1307 346
1307 347
1307 348
1307 349
1308 349
1308 350
1308 351
1308 352
1308 353
1308 354
1308 355
1308 356
1309 356
1309 357
1309 358
1309 359
1309 360
1309 361
1310 361
1310 362
1310 363
1310 364
1310 365
1311 365
1311 366
1311 367
1311 368
1311 369
1311 370
1311 371
1312 371
1312 372
1312 373
1313 373
1313 374
1314 374
1314 375
1314 376
1315 376
1315 377
1315 378
1316 378
1316 379
1316 380
1316 381
1316 382
1316 383
1316 384
1316 385
1317 385
1317 386
1318 386
1318 387
1319 387
1319 388
1319 389
1319 390
1320 390
1320 391
1320 392
1320 393
1320 394
1320 395
1320 396
1320 397
1321 397
1321 398
1322 398
1322 399
1323 399
1324 399
1324 400
1324 401
1324 402
1325 402
1325 403
1325 404
1325 405
1325 406
1325 407
1326 407
1326 408
1327 408
1327 409
1328 409
1329 409
1329 410
1329 411
1330 411
1330 412
1330 413
1331 413
1331 414
1332 414
1333 414
1333 415
1333 416
1334 416
1334 417
1334 418
1334 419
1334 420
1335 420
1335 421
1336 421
1336 422
1337 422
1337 423
1338 423
1338 424
1339 424
1339 425
1339 426
1339 427
1339 428
1339 429
1340 429
1340 430
1341 430
1341 431
1342 431
1342 432
1343 432
1343 433
1343 434
1344 434
1344 435
1344 436
1344 437
1345 437
1346 437
1346 438
1347 438
1347 439
1347 440
1347 441
1348 441
1348 442
1348 443
1348 444
1349 444
1349 445
1350 445
1351 445
1351 446
1352 446
1352 447
1352 448
1353 448
1353 449
1353 450
1353 451
1353 452
1353 453
1354 453
1354 454
1355 454
1355 455
1356 455
1357 455
1357 456
1357 457
1357 458
1358 458
1358 459
1358 460
1358 461
1358 462
1359 462
1360 462
1360 463
1360 464
1361 464
1361 465
1362 465
1362 466
1362 467
1362 468
1362 469
1362 470
1362 471
1362 472
1362 473
1362 474
1363 474
1363 475
1364 475
1364 476
1364 477
1365 477
1365 478
1366 478
1366 479
1366 480
1367 480
1367 481
1367 482
1367 483
1368 483
1368 484
1369 484
1369 485
1370 485
1370 486
1370 487
1371 487
1371 488
1371 489
1371 490
1372 490
1372 491
1372 492
1372 493
1372 494
1372 495
1372 496
1373 496
1374 496
1374 497
1375 497
1375 498
1376 498
1376 499
1376 500
1376 501
1376 502
1376 503
1376 504
1376 505
1376 506
1376 507
1376 508
1376 509
1376 510
1376 511
1376 512
1376 513
1375 513
1375 514
1375 515
1374 515
1374 516
1373 516
1373 517
1372 517
1372 518
1372 519
1371 519
1371 520
1371 521
1371 522
1371 523
1370 523
1370 524
1369 524
1369 525
1368 525
1368 526
1368 527
1367 527
1367 528
1367 529
1366 529
1366 530
1366 531
1366 532
1365 532
1365 533
1365 534
1364 534
1364 535
1364 536
1364 537
1363 537
1363 538
1363 539
1364 539
1364 540
1364 541
1364 542
1364 543
1365 543
1365 544
1365 545
1366 545
1366 546
1366 547
1367 547
1367 548
1368 548
1368 549
1369 549
1369 550
1370 550
1371 550
1371 551
1372 551
1372 552
1373 552
1373 553
1374 553
1375 553
1376 553
1377 553
1378 553
1379 553
1379 552
1380 552
1381 552
1381 551
1382 551
1382 550
1383 550
1384 550
1384 549
1385 549
1385 548
1386 548
1387 548
1387 547
1388 547
1388 546
1389 546
1389 545
1390 545
1390 544
1391 544
1391 543
1392 543
1392 542
1393 542
1393 541
1394 541
1394 540
1395 540
1395 539
1396 539
1396 538
1397 538
1397 537
1398 537
1398 536
1399 536
1399 535
1400 535
1400 534
1401 534
1402 534
1402 533
1403 533
1403 532
1404 532
1404 531
1405 531
1405 530
1405 529
1406 529
1406 528
1406 527
1407 527
1407 526
1407 525
1408 525
1409 525
1409 524
1409 523
1410 523
1410 522
1410 521
1411 521
1411 520
1411 519
1411 518
1411 517
1411 516
1412 516
1412 515
1412 514
1413 514
1413 513
1413 512
1414 512
1414 511
1415 511
1415 510
1415 509
1415 508
1415 507
1415 506
1415 505
1415 504
1416 504
1416 503
1416 502
1416 501
1417 501
1417 500
1417 499
1418 499
1418 498
1419 498
1419 497
1419 496
1419 495
1420 495
1420 494
1420 493
1420 492
1420 491
1420 490
1420 489
1420 488
1420 487
1420 486
1420 485
1420 484
1420 483
1420 482
1420 481
1420 480
1420 479
1420 478
1420 477
1420 476
1420 475
1420 474
1420 473
1420 472
1420 471
1420 470
1420 469
1421 469
1421 468
1421 467
1421 466
1421 465
1421 464
1421 463
1421 462
1421 461
1420 461
1420 460
1420 459
1420 458
1420 457
1420 456
1420 455
1420 454
1420 453
1420 452
1420 451
1420 450
1420 449
1420 448
1420 447
1420 446
1420 445
1420 444
1420 443
1420 442
1420 441
1420 440
1420 439
1420 438
1420 437
1420 436
1420 435
1420 434
1420 433
1420 432
1419 432
1419 431
1419 430
1419 429
1419 428
1419 427
1418 427
1418 426
1418 425
1418 424
1417 424
1417 423
1417 422
1417 421
1416 421
1416 420
1416 419
1416 418
1416 417
1415 417
1415 416
1415 415
1415 414
1415 413
1415 412
1415 411
1415 410
1415 409
1415 408
1415 407
1415 406
1415 405
1415 404
1415 403
1415 402
1415 401
1415 400
1415 399
1415 398
1415 397
1415 396
1415 395
1415 394
1415 393
1415 392
1415 391
1415 390
1415 389
1415 388
1415 387
1415 386
1415 385
1415 384
1416 384
1416 383
1416 382
1416 381
1417 381
1417 380
1418 380
1418 379
1419 379
1419 378
1419 377
1420 377
1420 376
1421 376
1421 375
1421 374
1422 374
1423 374
1423 373
1424 373
1424 372
1425 372
1425 371
1426 371
1427 371
1428 371
1428 370
1429 370
1429 369
1429 368
1429 367
1430 367
1430 366
1430 365
1430 364
1430 363
1430 362
1430 361
1430 360
1429 360
1429 359
1429 358
1429 357
1429 356
1428 356
1428 355
1427 355
1427 354
1426 354
1425 354
1425 353
1424 353
1423 353
1423 352
1422 352
1421 352
1420 352
1419 352
1418 352
1417 352
1416 352
1415 352
1414 352
1414 353
1413 353
1412 353
1412 354
1411 354
1410 354
1409 354
1409 355
1408 355
1407 355
1406 355
1405 355
1404 355
1403 355
1402 355
1401 355
1401 356
1400 356
1399 356
1398 356
1397 356
1397 357
1396 357
1396 358
1395 358
1395 359
1394 359
1393 359
1392 359
1392 360
1391 360
1390 360
1390 361
1389 361
1389 362
1388 362
1388 363
1387 363
1387 364
1386 364
1386 365
1385 365
1385 366
1384 366
1384 367
1384 368
1383 368
1383 369
1382 369
1382 370
1381 370
1381 371
1380 371
1380 372
1380 373
1379 373
1379 374
1378 374
1378 375
1377 375
1377 376
1377 377
1376 377
1376 378
1376 379
1376 380
1375 380
1375 381
1375 382
1375 383
1374 383
1374 384
1374 385
1373 385
1373 386
1372 386
1372 387
1372 388
1372 389
1371 389
1371 390
1371 391
1371 392
1371 393
1371 394
1371 395
1371 396
1371 397
1371 398
1371 399
1371 400
1371 401
1371 402
1371 403
1371 404
1371 405
1371 406
1371 407
1371 408
1371 409
1371 410
1371 411
1371 412
1371 413
1371 414
1371 415
1372 415
1372 416
1371 416
1371 417
1371 418
1371 419
1371 420
1370 420
1370 419
1370 418
1369 418
1369 417
1369 416
1368 416
1368 415
1368 414
1367 414
1367 413
1367 412
1366 412
1366 411
1365 411
1365 410
1364 410
1364 409
1364 408
1364 407
1364 406
1364 405
1364 404
1363 404
1363 403
1363 402
1362 402
1362 401
1361 401
1361 400
1361 399
1360 399
1360 398
1360 397
1359 397
1359 396
1359 395
1359 394
1359 393
1359 392
1359 391
1359 390
1358 390
1358 389
1357 389
1357 388
1356 388
1356 387
1355 387
1355 386
1355 385
1355 384
1355 383
1355 382
1355 381
1355 380
1354 380
1354 379
1354 378
1353 378
1353 377
1352 377
1352 376
1352 375
1351 375
1351 374
1350 374
1350 373
1350 372
1350 371
1350 370
1350 369
1349 369
1349 368
1349 367
1348 367
1348 366
1347 366
1347 365
1346 365
1346 364
1346 363
1346 362
1345 362
1345 361
1345 360
1345 359
1345 358
1345 357
1345 356
1345 355
1345 354
1345 353
1345 352
1345 351
1345 350
1345 349
1345 348
1345 347
1345 346
1345 345
1345 344
1345 343
1345 342
1345 341
1345 340
1345 339
1345 338
1345 337
1345 336
1345 335
1346 335
1346 334
1347 334
1347 333
1348 333
1349 333
1349 332
1349 331
1350 331
1350 330
1350 329
1350 328
1350 327
1350 326
1351 326
1351 325
1352 325
1353 325
1353 324
1354 324
1354 323
1354 322
1355 322
1355 321
1355 320
1355 319
1355 318
1355 317
1355 316
1355 315
1356 315
1356 314
1356 313
1356 312
1356 311
1357 311
1357 310
1358 310
1358 309
1358 308
1359 308
1359 307
1359 306
1359 305
1359 304
1359 303
1359 302
1360 302
1360 301
1360 300
1360 299
1361 299
1361 298
1362 298
1362 297
1363 297
1363 296
1363 295
1363 294
1364 294
1364 293
1364 292
1365 292
1365 291
1365 290
1366 290
1366 289
1367 289
1367 288
1368 288
1368 287
1368 286
1369 286
1369 285
1369 284
1370 284
1370 283
1370 282
1371 282
1372 282
1372 281
1373 281
1373 280
1373 279
1374 279
1374 278
1374 277
1374 276
1375 276
1375 275
1376 275
1377 275
1377 274
1377 273
1378 273
1378 272
1378 271
1379 271
1379 270
1380 270
1380 269
1381 269
1381 268
1382 268
1382 267
1383 267
1383 266
1384 266
1384 265
1385 265
1385 264
1386 264
1386 263
1387 263
1387 262
1387 261
1388 261
1388 260
1389 260
1389 259
1390 259
1391 259
1391 258
1391 257
1392 257
1392 256
1393 256
1393 255
1394 255
1394 254
1395 254
1396 254
1396 253
1397 253
1397 252
1397 251
1398 251
1398 250
1399 250
1400 250
1400 249
1401 249
1401 248
1402 248
1402 247
1403 247
1403 246
1404 246
1405 246
1406 246
1406 245
1407 245
1408 245
1408 244
1409 244
1410 244
1410 243
1411 243
1412 243
1412 242
1413 242
1414 242
1415 242
1416 242
1416 241
1417 241
1417 242
1418 242
1419 242
1420 242
1420 243
1421 243
1421 244
1422 244
1422 245
1423 245
1423 246
1424 246
1425 246
1425 247
1426 247
1426 248
1427 248
1427 249
1428 249
1428 250
1429 250
1429 251
1430 251
1430 252
1431 252
1431 253
1432 253
1432 254
1432 255
1433 255
1434 255
1434 256
1434 257
1435 257
1435 258
1436 258
1436 259
1436 260
1436 261
1437 261
1437 262
1437 263
1438 263
1438 264
1438 265
1438 266
1439 266
1439 267
1440 267
1440 268
1440 269
1441 269
1441 270
1441 271
1441 272
1441 273
1440 273
1440 274
1439 274
1439 273
1438 273
1438 272
1437 272
1436 272
1435 272
1435 271
1434 271
1433 271
1432 271
1431 271
1430 271
1430 270
1429 270
1428 270
1428 269
1427 269
1426 269
1426 268
1425 268
1424 268
1423 268
1423 267
1422 267
1421 267
1420 267
1419 267
1418 267
1417 267
1417 266
1416 266
1415 266
1414 266
1413 266
1412 266
1411 266
1410 266
1409 266
1409 267
1408 267
1407 267
1406 267
1405 267
1404 267
1404 268
1403 268
1403 269
1402 269
1401 269
1401 270
1400 270
1400 271
1399 271
1399 272
1398 272
1398 273
1397 273
1397 274
1397 275
1396 275
1396 276
1395 276
1395 277
1395 278
1395 279
1394 279
1394 280
1394 281
1394 282
1393 282
1393 283
1393 284
1393 285
1393 286
1393 287
1393 288
1392 288
1392 289
1392 290
1392 291
1392 292
1392 293
1392 294
1393 294
1393 295
1393 296
1393 297
1393 298
1394 298
1394 299
1394 300
1394 301
1394 302
1394 303
1395 303
1395 304
1395 305
1396 305
1396 306
1397 306
1397 307
1398 307
1398 308
1399 308
1399 309
1400 309
1400 310
1400 311
1400 312
1401 312
1401 313
1402 313
1402 314
1403 314
1403 315
1404 315
1405 315
1405 316
1406 316
1406 317
1407 317
1408 317
1408 318
1409 318
1409 319
1410 319
1410 320
1411 320
1412 320
1413 320
1413 321
1414 321
1414 322
1415 322
1416 322
1416 323
1417 323
1417 324
1418 324
1419 324
1420 324
1420 325
1421 325
1422 325
1423 325
1424 325
1425 325
1426 325
1426 326
1427 326
1428 326
1429 326
1430 326
1431 326
1432 326
1433 326
1434 326
1435 326
1436 326
1437 326
1438 326
1439 326
1440 326
1441 326
1442 326
1443 326
1443 325
1444 325
1445 325
1446 325
1447 325
1448 325
1448 324
1449 324
1450 324
1450 323
1451 323
1451 322
1452 322
1453 322
1453 321
1454 321
1454 320
1455 320
1456 320
1456 319
1457 319
1457 318
1457 317
1458 317
1458 316
1459 316
1459 315
1460 315
1461 315
1461 314
1462 314
1462 313
1462 312
1463 312
1463 311
1464 311
1464 310
1465 310
1466 310
1466 309
1466 308
1467 308
1467 307
1467 306
1467 305
1468 305
1468 304
1468 303
1469 303
1469 302
1470 302
1470 301
1471 301
1471 300
1471 299
1471 298
1471 297
1472 297
1472 296
1472 295
1472 294
1473 294
1473 293
1473 292
1474 292
1474 291
1475 291
1475 290
1475 289
1475 288
1475 287
1476 287
1476 286
1476 285
1476 284
1476 283
1476 282
1476 281
1476 280
1476 279
1476 278
1476 277
1476 276
1476 275
1476 274
1476 273
1476 272
1476 271
1476 270
1476 269
1476 268
1476 267
1476 266
1476 265
1476 264
1476 263
1475 263
1475 262
1475 261
1475 260
1475 259
1474 259
1474 258
1474 257
1473 257
1473 256
1473 255
1472 255
1472 254
1472 253
1472 252
1471 252
1471 251
1471 250
1471 249
1470 249
1470 248
1469 248
1469 247
1468 247
1468 246
1467 246
1467 245
1467 244
1467 243
1466 243
1466 242
1466 241
1465 241
1465 240
1464 240
1464 239
1463 239
1463 238
1462 238
1462 237
1462 236
1461 236
1461 235
1460 235
1460 234
1459 234
1458 234
1458 233
1458 232
1457 232
1457 231
1456 231
1456 230
1455 230
1455 229
1454 229
1453 229
1453 228
1452 228
1452 227
1451 227
1451 226
1450 226
1450 225
1449 225
1448 225
1448 224
1447 224
1446 224
1446 223
1445 223
1445 222
1444 222
1443 222
1443 221
1442 221
1441 221
1441 220
1440 220
1439 220
1438 220
1437 220
1437 219
1436 219
1435 219
1434 219
1434 218
1433 218
1432 218
1432 217
1431 217
1430 217
1430 216
1429 216
1428 216
1427 216
1426 216
1425 216
1424 216
1423 216
1422 216
1421 216
1420 216
1419 216
1418 216
1417 216
1416 216
1415 216
1414 216
1413 216
1412 216
1411 216
1411 215
1410 215
1409 215
1408 215
1407 215
1406 215
1405 215
1404 215
1403 215
1402 215
1401 215
1400 215
1399 215
1398 215
1397 215
1396 215
1395 215
1394 215
1393 215
1392 215
1391 215
1390 215
1389 215
1388 215
1387 215
-2 -2
