209 703
209 704
208 704
207 704
206 704
205 704
204 704
203 704
202 704
202 705
201 705
200 705
199 705
198 705
197 705
196 705
195 705
194 705
194 706
193 706
192 706
192 707
191 707
190 707
190 708
189 708
188 708
188 709
187 709
186 709
185 709
185 710
184 710
183 710
183 711
182 711
182 712
181 712
181 713
180 713
179 713
179 714
178 714
177 714
177 715
176 715
175 715
175 716
174 716
174 717
173 717
173 718
172 718
172 719
171 719
170 719
170 720
169 720
169 721
168 721
168 722
167 722
167 723
166 723
165 723
165 724
164 724
164 725
163 725
163 726
162 726
162 727
161 727
161 728
160 728
160 729
159 729
159 730
158 730
158 731
157 731
157 732
157 733
156 733
156 734
155 734
155 735
154 735
154 736
153 736
153 737
152 737
152 738
151 738
151 739
150 739
150 740
150 741
149 741
149 742
148 742
148 743
147 743
147 744
146 744
146 745
146 746
145 746
145 747
144 747
144 748
143 748
143 749
142 749
142 750
142 751
141 751
141 752
141 753
140 753
140 754
140 755
139 755
139 756
139 757
138 757
138 758
137 758
137 759
137 760
137 761
136 761
136 762
136 763
136 764
136 765
136 766
135 766
135 767
135 768
135 769
135 770
134 770
134 771
134 772
134 773
133 773
133 774
133 775
132 775
132 776
132 777
132 778
132 779
132 780
132 781
132 782
132 783
132 784
132 785
132 786
132 787
132 788
133 788
133 789
133 790
134 790
134 791
134 792
134 793
135 793
135 794
135 795
135 796
136 796
136 797
136 798
136 799
136 800
136 801
136 802
136 803
136 804
136 805
137 805
137 806
137 807
138 807
138 808
138 809
139 809
139 810
140 810
140 811
141 811
141 812
141 813
141 814
142 814
142 815
142 816
143 816
143 817
144 817
144 818
145 818
145 819
146 819
146 820
146 821
146 822
147 822
147 823
148 823
149 823
149 824
150 824
150 825
151 825
151 826
152 826
152 827
153 827
153 828
154 828
155 828
155 829
156 829
156 830
157 830
157 831
158 831
158 832
159 832
160 832
160 833
161 833
162 833
163 833
163 834
164 834
165 834
165 835
166 835
166 836
167 836
167 837
168 837
169 837
170 837
171 837
172 837
173 837
173 838
174 838
175 838
176 838
177 838
177 839
178 839
179 839
179 840
180 840
181 840
181 841
182 841
183 841
184 841
184 842
185 842
186 842
187 842
188 842
189 842
190 842
191 842
192 842
193 842
194 842
195 842
196 842
197 842
198 842
198 841
199 841
200 841
200 840
201 840
202 840
202 839
203 839
204 839
204 838
205 838
206 838
207 838
208 838
208 837
209 837
210 837
211 837
211 836
212 836
212 835
213 835
213 834
214 834
214 833
215 833
215 832
216 832
217 832
217 831
217 830
218 830
218 829
219 829
219 828
220 828
220 827
221 827
221 826
222 826
222 825
222 824
223 824
223 823
223 822
223 821
224 821
224 820
224 819
225 819
225 818
226 818
226 817
227 817
227 816
227 815
227 814
227 813
227 812
227 811
227 810
228 810
228 809
228 808
228 807
229 807
229 806
229 805
229 804
229 803
229 802
229 801
229 800
229 799
229 798
229 797
229 796
229 795
229 794
228 794
228 793
228 792
228 791
228 790
228 789
227 789
227 788
227 787
227 786
227 785
227 784
227 783
226 783
226 782
226 781
225 781
225 780
224 780
224 779
223 779
223 778
222 778
222 777
221 777
221 776
220 776
220 775
219 775
219 774
218 774
218 773
217 773
217 772
216 772
216 771
215 771
214 771
214 770
213 770
212 770
211 770
211 769
210 769
209 769
208 769
208 768
207 768
206 768
205 768
204 768
203 768
202 768
201 768
200 768
199 768
198 768
197 768
197 769
196 769
195 769
194 769
193 769
193 770
192 770
191 770
191 771
190 771
189 771
189 772
189 773
188 773
188 774
187 774
187 775
186 775
186 776
186 777
185 777
185 778
184 778
184 779
184 780
183 780
183 781
183 782
182 782
182 783
182 784
181 784
181 785
180 785
180 786
180 787
179 787
179 788
179 789
178 789
178 790
178 791
178 792
177 792
177 793
177 794
177 795
177 796
176 796
176 797
175 797
174 797
173 797
172 797
172 796
172 795
171 795
171 794
171 793
171 792
171 791
170 791
170 790
170 789
169 789
169 788
169 787
168 787
168 786
168 785
167 785
167 784
167 783
167 782
167 781
167 780
167 779
167 778
167 777
167 776
167 775
167 774
167 773
167 772
167 771
167 770
167 769
167 768
167 767
167 766
167 765
167 764
167 763
167 762
167 761
168 761
168 760
169 760
169 759
170 759
170 758
171 758
171 757
172 757
172 756
173 756
174 756
174 755
175 755
175 754
176 754
177 754
178 754
178 753
179 753
180 753
181 753
182 753
183 753
184 753
185 753
186 753
187 753
187 752
188 752
189 752
190 752
191 752
192 752
193 752
194 752
195 752
196 752
197 752
198 752
199 752
200 752
201 752
202 752
203 752
204 752
205 752
205 753
206 753
207 753
208 753
209 753
210 753
211 753
212 753
213 753
214 753
215 753
216 753
217 753
218 753
219 753
220 753
221 753
222 753
223 753
224 753
225 753
226 753
227 753
228 753
228 754
229 754
230 754
231 754
232 754
233 754
234 754
234 755
235 755
236 755
236 756
237 756
237 757
238 757
239 757
240 757
240 758
241 758
242 758
243 758
244 758
245 758
246 758
246 759
247 759
248 759
248 760
249 760
250 760
250 761
251 761
251 762
252 762
253 762
253 763
254 763
255 763
256 763
257 763
257 764
258 764
259 764
259 765
260 765
261 765
261 766
262 766
262 767
263 767
264 767
264 768
265 768
266 768
267 768
267 769
268 769
268 770
268 771
269 771
270 771
270 772
271 772
272 772
273 772
274 772
275 772
276 772
277 772
278 772
278 773
279 773
280 773
281 773
281 774
282 774
282 775
283 775
283 776
284 776
284 777
285 777
286 777
287 777
288 777
289 777
289 778
290 778
290 779
291 779
291 780
291 781
292 781
293 781
294 781
294 782
295 782
295 783
295 784
296 784
296 785
297 785
297 786
298 786
299 786
299 787
299 788
300 788
300 789
300 790
301 790
301 791
302 791
302 792
303 792
303 793
304 793
304 794
304 795
304 796
304 797
304 798
305 798
305 799
306 799
306 800
307 800
307 801
308 801
308 802
308 803
308 804
309 804
309 805
309 806
309 807
309 808
310 808
310 809
310 810
310 811
311 811
311 812
312 812
312 813
313 813
313 814
313 815
313 816
314 816
314 817
314 818
314 819
314 820
314 821
314 822
314 823
315 823
316 823
316 824
317 824
317 825
317 826
318 826
318 827
318 828
318 829
318 830
319 830
319 831
320 831
320 832
321 832
321 833
322 833
322 834
322 835
323 835
323 836
323 837
323 838
323 839
323 840
323 841
324 841
324 842
324 843
325 843
325 844
325 845
326 845
326 846
327 846
327 847
327 848
327 849
327 850
327 851
327 852
327 853
326 853
326 852
326 851
325 851
325 850
324 850
324 849
323 849
323 848
323 847
322 847
322 846
321 846
321 845
320 845
320 844
319 844
319 843
319 842
318 842
318 841
317 841
316 841
316 840
315 840
315 839
314 839
314 838
313 838
312 838
312 837
311 837
311 836
310 836
310 835
309 835
308 835
308 834
307 834
307 833
306 833
306 832
305 832
305 831
304 831
303 831
303 830
302 830
301 830
301 829
300 829
299 829
299 828
298 828
297 828
297 827
296 827
295 827
295 826
294 826
293 826
292 826
291 826
290 826
289 826
289 825
288 825
287 825
286 825
285 825
284 825
283 825
282 825
281 825
280 825
280 824
279 824
278 824
277 824
276 824
275 824
274 824
274 825
273 825
272 825
271 825
270 825
269 825
268 825
267 825
267 826
266 826
265 826
264 826
263 826
262 826
262 827
261 827
260 827
260 828
259 828
259 829
258 829
258 830
257 830
257 831
256 831
255 831
255 832
254 832
253 832
253 833
253 834
252 834
251 834
251 835
250 835
249 835
249 836
248 836
247 836
247 837
246 837
246 838
245 838
245 839
244 839
244 840
243 840
243 841
243 842
243 843
242 843
242 844
242 845
242 846
242 847
241 847
241 848
241 849
242 849
242 850
242 851
243 851
243 852
243 853
244 853
244 854
245 854
245 855
246 855
246 856
247 856
248 856
249 856
250 856
251 856
252 856
253 856
254 856
255 856
256 856
257 856
258 856
259 856
260 856
261 856
262 856
263 856
264 856
265 856
266 856
266 857
267 857
268 857
268 858
269 858
270 858
270 859
271 859
271 860
272 860
272 861
273 861
274 861
274 862
275 862
276 862
276 863
276 864
277 864
277 865
278 865
279 865
279 866
280 866
280 867
281 867
281 868
281 869
282 869
282 870
283 870
284 870
284 871
285 871
285 872
285 873
286 873
286 874
287 874
287 875
288 875
288 876
289 876
289 877
290 877
290 878
290 879
291 879
291 880
292 880
292 881
292 882
293 882
293 883
294 883
294 884
294 885
295 885
295 886
295 887
296 887
296 888
297 888
297 889
298 889
298 890
299 890
299 891
299 892
300 892
300 893
300 894
301 894
301 895
302 895
302 896
303 896
303 897
303 898
304 898
304 899
304 900
305 900
305 901
306 901
306 902
307 902
307 903
308 903
308 904
309 904
309 905
310 905
310 906
311 906
311 907
312 907
313 907
313 908
314 908
314 909
314 910
315 910
315 911
316 911
316 912
317 912
317 913
318 913
318 914
318 915
319 915
319 916
320 916
320 917
321 917
321 918
322 918
322 919
323 919
323 920
324 920
324 921
325 921
325 922
326 922
327 922
327 923
327 924
328 924
328 925
329 925
330 925
330 926
331 926
331 927
332 927
332 928
333 928
333 929
333 930
334 930
335 930
335 931
336 931
337 931
337 932
337 933
338 933
338 934
339 934
339 935
340 935
341 935
341 936
342 936
343 936
343 937
344 937
344 938
345 938
345 939
346 939
347 939
347 940
348 940
349 940
349 941
350 941
351 941
351 942
352 942
352 943
353 943
354 943
354 944
355 944
356 944
356 945
357 945
358 945
359 945
359 946
360 946
361 946
361 947
362 947
362 948
362 949
363 949
364 949
365 949
366 949
367 949
368 949
369 949
369 950
370 950
371 950
371 951
372 951
372 952
373 952
373 953
374 953
375 953
376 953
377 953
377 954
378 954
379 954
380 954
381 954
382 954
383 954
384 954
385 954
386 954
387 954
388 954
389 954
390 954
391 954
392 954
393 954
394 954
395 954
396 954
397 954
398 954
399 954
400 954
401 954
402 954
403 954
404 954
405 954
406 954
407 954
408 954
409 954
410 954
410 953
411 953
412 953
412 952
413 952
413 951
414 951
414 950
415 950
416 950
416 949
417 949
417 948
418 948
418 947
419 947
419 946
419 945
419 944
420 944
420 943
420 942
420 941
420 940
420 939
420 938
419 938
419 937
419 936
419 935
418 935
418 934
418 933
417 933
417 932
416 932
416 931
416 930
415 930
414 930
414 929
413 929
413 928
412 928
411 928
410 928
410 927
409 927
408 927
408 926
407 926
406 926
406 925
405 925
404 925
403 925
403 924
402 924
401 924
400 924
399 924
398 924
397 924
396 924
396 923
395 923
394 923
393 923
393 922
392 922
392 921
391 921
390 921
390 920
389 920
388 920
388 919
387 919
386 919
386 918
385 918
385 917
385 916
384 916
384 915
383 915
383 914
382 914
381 914
381 913
381 912
381 911
381 910
381 909
381 908
380 908
380 907
379 907
379 906
378 906
377 906
377 905
377 904
376 904
376 903
376 902
376 901
376 900
376 899
375 899
375 898
375 897
374 897
374 896
373 896
373 895
373 894
372 894
372 893
372 892
372 891
372 890
371 890
371 889
371 888
371 887
371 886
371 885
370 885
370 884
370 883
369 883
368 883
368 882
367 882
367 881
367 880
367 879
367 878
367 877
367 876
366 876
366 875
366 874
365 874
365 873
364 873
364 872
363 872
363 871
363 870
363 869
362 869
362 868
362 867
362 866
362 865
362 864
362 863
362 862
362 861
362 860
361 860
361 859
361 858
361 857
360 857
360 856
359 856
359 855
358 855
358 854
358 853
357 853
357 852
357 851
357 850
357 849
357 848
357 847
357 846
357 845
357 844
357 843
357 842
357 841
357 840
357 839
356 839
356 838
355 838
355 837
354 837
354 836
354 835
353 835
353 834
353 833
353 832
353 831
353 830
353 829
353 828
353 827
353 826
353 825
353 824
353 823
353 822
353 821
352 821
352 820
352 819
351 819
351 818
350 818
350 817
349 817
349 816
349 815
348 815
348 814
348 813
348 812
348 811
348 810
348 809
348 808
348 807
348 806
348 805
347 805
347 804
346 804
346 803
346 802
345 802
345 801
344 801
344 800
344 799
344 798
343 798
343 797
343 796
343 795
343 794
343 793
342 793
342 792
341 792
341 791
340 791
340 790
340 789
339 789
339 788
339 787
339 786
339 785
339 784
338 784
338 783
338 782
337 782
337 781
336 781
336 780
335 780
335 779
334 779
334 778
334 777
334 776
334 775
334 774
333 774
333 773
333 772
332 772
332 771
331 771
331 770
330 770
330 769
329 769
329 768
329 767
329 766
328 766
328 765
327 765
327 764
326 764
326 763
325 763
325 762
325 761
324 761
324 760
323 760
323 759
322 759
322 758
322 757
321 757
321 756
320 756
320 755
319 755
319 754
318 754
318 753
317 753
317 752
317 751
316 751
316 750
315 750
315 749
314 749
314 748
313 748
313 747
312 747
312 746
311 746
311 745
310 745
310 744
309 744
309 743
308 743
308 742
307 742
307 741
306 741
306 740
305 740
305 739
304 739
303 739
303 738
302 738
302 737
301 737
301 736
300 736
299 736
299 735
298 735
298 734
297 734
297 733
296 733
295 733
295 732
294 732
293 732
293 731
292 731
292 730
291 730
291 729
290 729
289 729
289 728
288 728
287 728
286 728
286 727
285 727
285 726
284 726
283 726
283 725
282 725
282 724
281 724
280 724
280 723
279 723
278 723
277 723
277 722
276 722
276 721
275 721
274 721
274 720
273 720
273 719
272 719
271 719
270 719
270 718
269 718
268 718
268 717
267 717
266 717
266 716
265 716
265 715
264 715
263 715
262 715
262 714
261 714
260 714
259 714
259 713
258 713
257 713
256 713
256 712
255 712
255 711
254 711
253 711
253 710
252 710
251 710
250 710
249 710
249 709
248 709
247 709
246 709
245 709
244 709
244 708
243 708
242 708
242 707
241 707
240 707
240 706
239 706
238 706
237 706
237 705
236 705
235 705
234 705
233 705
232 705
231 705
230 705
229 705
228 705
227 705
226 705
225 705
224 705
223 705
223 704
222 704
221 704
220 704
219 704
218 704
217 704
216 704
216 703
215 703
214 703
213 703
212 703
211 703
210 703
209 703
-2 -2
