1403 1379
1403 1380
1402 1380
1401 1380
1400 1380
1399 1380
1399 1381
1398 1381
1397 1381
1396 1381
1396 1382
1395 1382
1395 1383
1394 1383
1394 1384
1393 1384
1393 1385
1392 1385
1391 1385
1391 1386
1390 1386
1390 1387
1390 1388
1389 1388
1389 1389
1388 1389
1388 1390
1387 1390
1386 1390
1386 1391
1385 1391
1385 1392
1385 1393
1384 1393
1384 1394
1383 1394
1383 1395
1382 1395
1382 1396
1381 1396
1381 1397
1381 1398
1381 1399
1380 1399
1380 1400
1380 1401
1380 1402
1380 1403
1379 1403
1379 1404
1379 1405
1379 1406
1379 1407
1379 1408
1379 1409
1379 1410
1379 1411
1379 1412
1379 1413
1379 1414
1380 1414
1380 1415
1380 1416
1380 1417
1380 1418
1380 1419
1380 1420
1380 1421
1380 1422
1380 1423
1380 1424
1380 1425
1380 1426
1381 1426
1381 1427
1381 1428
1381 1429
1382 1429
1382 1430
1382 1431
1383 1431
1383 1432
1384 1432
1384 1433
1384 1434
1385 1434
1385 1435
1385 1436
1386 1436
1386 1437
1386 1438
1387 1438
1388 1438
1388 1439
1389 1439
1389 1440
1390 1440
1390 1441
1391 1441
1391 1442
1392 1442
1392 1443
1393 1443
1394 1443
1395 1443
1395 1444
1396 1444
1397 1444
1398 1444
1398 1445
1399 1445
1400 1445
1400 1446
1401 1446
1401 1447
1402 1447
1403 1447
1404 1447
1405 1447
1406 1447
1407 1447
1408 1447
1409 1447
1410 1447
1411 1447
1411 1446
1412 1446
1413 1446
1413 1445
1414 1445
1415 1445
1416 1445
1416 1444
1417 1444
1418 1444
1419 1444
1419 1443
1420 1443
1421 1443
1422 1443
1423 1443
1423 1442
1424 1442
1424 1441
1425 1441
1425 1440
1426 1440
1427 1440
1427 1439
1428 1439
1428 1438
1429 1438
1429 1437
1430 1437
1430 1436
1430 1435
1431 1435
1431 1434
1432 1434
1433 1434
1433 1433
1434 1433
1434 1432
1434 1431
1435 1431
1435 1430
1436 1430
1437 1430
1437 1429
1438 1429
1438 1428
1439 1428
1439 1427
1439 1426
1440 1426
1440 1425
1441 1425
1442 1425
1442 1424
1443 1424
1443 1423
1443 1422
1443 1421
1443 1420
1443 1419
1444 1419
1444 1418
1444 1417
1444 1416
1445 1416
1445 1415
1445 1414
1446 1414
1446 1413
1447 1413
1447 1412
1447 1411
1447 1410
1447 1409
1447 1408
1447 1407
1447 1406
1447 1405
1447 1404
1447 1403
1447 1402
1447 1401
1446 1401
1446 1400
1445 1400
1445 1399
1445 1398
1444 1398
1444 1397
1444 1396
1444 1395
1443 1395
1443 1394
1443 1393
1443 1392
1442 1392
1442 1391
1441 1391
1441 1390
1440 1390
1440 1389
1439 1389
1439 1388
1438 1388
1438 1387
1438 1386
1437 1386
1436 1386
1436 1385
1435 1385
1434 1385
1434 1384
1433 1384
1433 1383
1432 1383
1431 1383
1431 1382
1430 1382
1430 1381
1429 1381
1428 1381
1427 1381
1427 1380
1426 1380
1425 1380
1424 1380
1423 1380
1422 1380
1421 1380
1420 1380
1419 1380
1418 1380
1417 1380
1416 1380
1415 1380
1414 1380
1414 1379
1413 1379
1412 1379
1411 1379
1410 1379
1409 1379
1408 1379
1407 1379
1406 1379
1405 1379
1404 1379
1403 1379
-2 -2
