1401 552
1401 553
1400 553
1400 554
1399 554
1398 554
1398 555
1397 555
1396 555
1395 555
1394 555
1394 556
1393 556
1392 556
1392 557
1391 557
1391 558
1390 558
1390 559
1389 559
1389 560
1388 560
1388 561
1387 561
1387 562
1386 562
1386 563
1385 563
1385 564
1385 565
1384 565
1384 566
1383 566
1383 567
1383 568
1382 568
1382 569
1382 570
1381 570
1381 571
1381 572
1381 573
1380 573
1380 574
1380 575
1380 576
1380 577
1380 578
1380 579
1380 580
1380 581
1380 582
1380 583
1380 584
1380 585
1379 585
1379 586
1379 587
1379 588
1379 589
1379 590
1379 591
1379 592
1379 593
1379 594
1379 595
1380 595
1380 596
1380 597
1380 598
1380 599
1380 600
1381 600
1381 601
1381 602
1382 602
1382 603
1382 604
1383 604
1383 605
1384 605
1384 606
1385 606
1385 607
1386 607
1386 608
1386 609
1387 609
1388 609
1388 610
1389 610
1389 611
1390 611
1390 612
1390 613
1391 613
1392 613
1392 614
1393 614
1393 615
1394 615
1394 616
1395 616
1395 617
1396 617
1396 618
1397 618
1398 618
1399 618
1399 619
1400 619
1401 619
1402 619
1403 619
1403 620
1404 620
1405 620
1406 620
1407 620
1408 620
1409 620
1410 620
1411 620
1412 620
1413 620
1414 620
1414 619
1415 619
1416 619
1417 619
1418 619
1419 619
1420 619
1421 619
1422 619
1423 619
1424 619
1425 619
1426 619
1427 619
1427 618
1428 618
1429 618
1430 618
1430 617
1431 617
1431 616
1432 616
1433 616
1433 615
1434 615
1434 614
1435 614
1436 614
1436 613
1437 613
1438 613
1438 612
1438 611
1439 611
1439 610
1440 610
1440 609
1441 609
1442 609
1442 608
1443 608
1443 607
1443 606
1443 605
1443 604
1444 604
1444 603
1444 602
1444 601
1445 601
1445 600
1446 600
1446 599
1447 599
1447 598
1447 597
1447 596
1447 595
1447 594
1447 593
1447 592
1447 591
1447 590
1447 589
1447 588
1447 587
1446 587
1446 586
1446 585
1445 585
1445 584
1445 583
1444 583
1444 582
1444 581
1444 580
1443 580
1443 579
1443 578
1443 577
1443 576
1442 576
1442 575
1441 575
1441 574
1440 574
1440 573
1439 573
1439 572
1439 571
1438 571
1438 570
1437 570
1437 569
1436 569
1435 569
1435 568
1434 568
1434 567
1434 566
1433 566
1433 565
1432 565
1432 564
1431 564
1430 564
1430 563
1430 562
1429 562
1429 561
1428 561
1428 560
1427 560
1426 560
1426 559
1425 559
1425 558
1424 558
1424 557
1423 557
1423 556
1422 556
1421 556
1420 556
1420 555
1419 555
1418 555
1417 555
1416 555
1416 554
1415 554
1414 554
1413 554
1413 553
1412 553
1411 553
1411 552
1410 552
1409 552
1408 552
1407 552
1406 552
1405 552
1404 552
1403 552
1402 552
1401 552
-2 -2
