775 132
775 133
774 133
773 133
772 133
772 134
771 134
770 134
770 135
769 135
768 135
767 135
766 135
766 136
765 136
764 136
763 136
762 136
761 136
760 136
760 137
759 137
758 137
758 138
757 138
757 139
756 139
755 139
755 140
754 140
753 140
753 141
752 141
751 141
751 142
750 142
749 142
749 143
748 143
748 144
747 144
747 145
746 145
745 145
745 146
744 146
743 146
743 147
743 148
742 148
742 149
741 149
741 150
740 150
739 150
739 151
738 151
738 152
737 152
737 153
737 154
736 154
735 154
735 155
734 155
733 155
733 156
732 156
732 157
731 157
731 158
731 159
730 159
729 159
729 160
728 160
728 161
727 161
727 162
726 162
726 163
725 163
725 164
724 164
724 165
723 165
723 166
723 167
722 167
722 168
721 168
721 169
720 169
720 170
719 170
719 171
719 172
718 172
718 173
717 173
717 174
717 175
716 175
715 175
715 176
715 177
714 177
714 178
714 179
713 179
713 180
713 181
712 181
712 182
711 182
711 183
710 183
710 184
710 185
710 186
709 186
709 187
709 188
708 188
708 189
708 190
707 190
707 191
707 192
706 192
706 193
706 194
705 194
705 195
705 196
705 197
705 198
705 199
705 200
705 201
705 202
705 203
704 203
704 204
704 205
704 206
704 207
704 208
704 209
703 209
703 210
703 211
703 212
703 213
703 214
703 215
703 216
703 217
704 217
704 218
704 219
704 220
704 221
705 221
705 222
705 223
705 224
705 225
705 226
705 227
705 228
705 229
705 230
705 231
705 232
705 233
705 234
705 235
705 236
705 237
706 237
706 238
706 239
706 240
707 240
707 241
708 241
708 242
708 243
708 244
709 244
709 245
709 246
709 247
710 247
710 248
710 249
710 250
710 251
710 252
710 253
710 254
711 254
711 255
712 255
712 256
713 256
713 257
713 258
713 259
714 259
714 260
714 261
714 262
714 263
715 263
715 264
716 264
716 265
716 266
716 267
717 267
717 268
718 268
718 269
718 270
719 270
719 271
719 272
720 272
720 273
720 274
720 275
721 275
721 276
722 276
722 277
723 277
723 278
723 279
724 279
724 280
724 281
724 282
725 282
725 283
726 283
726 284
727 284
727 285
727 286
728 286
728 287
728 288
728 289
729 289
729 290
729 291
730 291
730 292
731 292
731 293
732 293
732 294
732 295
733 295
733 296
733 297
734 297
734 298
735 298
735 299
736 299
736 300
737 300
737 301
737 302
738 302
738 303
738 304
739 304
739 305
740 305
741 305
741 306
742 306
742 307
742 308
743 308
743 309
744 309
744 310
745 310
745 311
746 311
746 312
747 312
747 313
748 313
748 314
749 314
749 315
750 315
751 315
751 316
752 316
752 317
753 317
753 318
754 318
754 319
755 319
755 320
756 320
756 321
757 321
758 321
758 322
759 322
759 323
760 323
760 324
761 324
761 325
762 325
763 325
763 326
764 326
764 327
765 327
765 328
766 328
766 329
767 329
768 329
768 330
769 330
770 330
770 331
771 331
771 332
772 332
772 333
773 333
773 334
774 334
775 334
776 334
777 334
778 334
778 335
779 335
780 335
780 336
781 336
781 337
782 337
782 338
783 338
784 338
784 339
785 339
786 339
787 339
788 339
789 339
789 340
790 340
791 340
791 341
792 341
793 341
793 342
793 343
794 343
795 343
796 343
797 343
798 343
798 344
799 344
800 344
801 344
801 345
802 345
803 345
803 346
804 346
804 347
805 347
805 348
806 348
807 348
808 348
809 348
810 348
811 348
812 348
813 348
814 348
815 348
815 349
816 349
817 349
817 350
818 350
818 351
819 351
820 351
820 352
821 352
821 353
822 353
823 353
824 353
825 353
826 353
827 353
828 353
829 353
830 353
831 353
832 353
833 353
834 353
835 353
835 354
836 354
837 354
837 355
838 355
838 356
839 356
839 357
840 357
841 357
842 357
843 357
844 357
845 357
846 357
847 357
848 357
849 357
850 357
851 357
851 358
852 358
853 358
854 358
855 358
855 359
856 359
856 360
857 360
857 361
858 361
859 361
860 361
860 362
861 362
862 362
863 362
864 362
865 362
866 362
867 362
868 362
869 362
869 363
870 363
871 363
872 363
872 364
873 364
873 365
874 365
874 366
875 366
875 367
876 367
877 367
878 367
879 367
880 367
881 367
882 367
882 368
883 368
883 369
883 370
884 370
885 370
885 371
886 371
887 371
888 371
889 371
890 371
890 372
891 372
892 372
893 372
894 372
894 373
895 373
895 374
896 374
897 374
897 375
898 375
898 376
899 376
900 376
901 376
902 376
903 376
904 376
904 377
905 377
906 377
906 378
906 379
907 379
907 380
908 380
908 381
909 381
910 381
911 381
912 381
913 381
914 381
914 382
914 383
915 383
915 384
915 385
916 385
917 385
918 385
918 386
919 386
919 387
920 387
920 388
920 389
920 390
920 391
921 391
922 391
922 392
922 393
923 393
923 394
923 395
923 396
924 396
924 397
924 398
924 399
924 400
924 401
924 402
924 403
925 403
925 404
925 405
925 406
926 406
926 407
926 408
927 408
927 409
927 410
928 410
928 411
928 412
928 413
929 413
929 414
930 414
930 415
930 416
931 416
931 417
932 417
933 417
933 418
934 418
935 418
936 418
936 419
937 419
938 419
938 420
939 420
940 420
941 420
942 420
943 420
944 420
944 419
945 419
946 419
946 418
947 418
948 418
948 417
949 417
949 416
950 416
950 415
950 414
951 414
951 413
952 413
953 413
953 412
953 411
954 411
954 410
954 409
954 408
954 407
954 406
954 405
954 404
954 403
954 402
954 401
954 400
954 399
954 398
954 397
954 396
954 395
954 394
954 393
954 392
954 391
954 390
954 389
954 388
954 387
954 386
954 385
954 384
954 383
954 382
954 381
954 380
954 379
954 378
954 377
953 377
953 376
953 375
953 374
953 373
952 373
952 372
951 372
951 371
950 371
950 370
950 369
949 369
949 368
949 367
949 366
949 365
949 364
949 363
948 363
948 362
947 362
947 361
946 361
946 360
946 359
945 359
945 358
945 357
945 356
944 356
944 355
944 354
943 354
943 353
943 352
942 352
942 351
941 351
941 350
941 349
940 349
940 348
940 347
939 347
939 346
939 345
938 345
938 344
937 344
937 343
937 342
936 342
936 341
935 341
935 340
935 339
934 339
934 338
933 338
933 337
932 337
932 336
931 336
931 335
930 335
930 334
929 334
929 333
928 333
928 332
927 332
927 331
926 331
926 330
925 330
925 329
925 328
924 328
923 328
923 327
922 327
922 326
922 325
921 325
921 324
920 324
920 323
919 323
919 322
918 322
918 321
917 321
917 320
916 320
916 319
915 319
914 319
914 318
913 318
913 317
912 317
912 316
911 316
911 315
910 315
910 314
909 314
909 313
908 313
907 313
907 312
907 311
906 311
906 310
905 310
905 309
904 309
904 308
903 308
903 307
902 307
902 306
901 306
901 305
900 305
899 305
899 304
898 304
898 303
897 303
897 302
896 302
895 302
895 301
894 301
894 300
893 300
892 300
892 299
891 299
890 299
890 298
889 298
889 297
888 297
888 296
887 296
887 295
886 295
885 295
885 294
884 294
883 294
883 293
882 293
882 292
881 292
881 291
880 291
879 291
879 290
878 290
877 290
877 289
876 289
876 288
875 288
875 287
874 287
874 286
873 286
873 285
872 285
871 285
871 284
870 284
870 283
870 282
869 282
869 281
868 281
867 281
867 280
866 280
866 279
866 278
865 278
865 277
864 277
864 276
863 276
863 275
862 275
862 274
861 274
861 273
861 272
860 272
860 271
859 271
859 270
858 270
858 269
858 268
857 268
857 267
857 266
856 266
856 265
856 264
856 263
856 262
856 261
856 260
856 259
856 258
856 257
856 256
856 255
856 254
856 253
857 253
857 252
857 251
857 250
857 249
856 249
856 248
856 247
856 246
855 246
855 245
854 245
854 244
853 244
853 243
852 243
851 243
851 242
850 242
849 242
848 242
847 242
846 242
845 242
844 242
843 242
843 243
842 243
841 243
840 243
840 244
839 244
839 245
838 245
838 246
837 246
837 247
836 247
836 248
836 249
835 249
835 250
835 251
834 251
834 252
834 253
833 253
832 253
832 254
832 255
831 255
831 256
830 256
830 257
830 258
829 258
829 259
828 259
828 260
828 261
827 261
827 262
827 263
826 263
826 264
826 265
826 266
825 266
825 267
825 268
825 269
825 270
825 271
825 272
825 273
824 273
824 274
824 275
824 276
824 277
824 278
824 279
824 280
824 281
824 282
825 282
825 283
825 284
825 285
825 286
825 287
825 288
825 289
826 289
826 290
826 291
826 292
826 293
826 294
826 295
827 295
827 296
827 297
828 297
828 298
828 299
829 299
829 300
830 300
830 301
830 302
830 303
831 303
831 304
831 305
832 305
832 306
833 306
833 307
834 307
834 308
835 308
835 309
835 310
836 310
836 311
837 311
837 312
838 312
838 313
839 313
839 314
839 315
840 315
840 316
840 317
841 317
841 318
842 318
842 319
843 319
843 320
844 320
845 320
845 321
846 321
847 321
847 322
848 322
848 323
849 323
849 324
850 324
850 325
851 325
852 325
852 326
853 326
853 327
852 327
851 327
850 327
849 327
848 327
847 327
846 327
846 326
845 326
845 325
844 325
843 325
843 324
842 324
842 323
841 323
840 323
839 323
838 323
837 323
836 323
835 323
835 322
834 322
833 322
833 321
832 321
832 320
832 319
831 319
830 319
830 318
829 318
828 318
827 318
826 318
826 317
825 317
824 317
824 316
823 316
823 315
822 315
822 314
821 314
820 314
820 313
819 313
818 313
817 313
816 313
815 313
814 313
814 312
813 312
812 312
812 311
811 311
811 310
810 310
809 310
809 309
808 309
807 309
806 309
805 309
804 309
804 308
803 308
802 308
802 307
801 307
800 307
800 306
799 306
799 305
798 305
797 305
797 304
796 304
795 304
794 304
794 303
793 303
792 303
792 302
791 302
791 301
790 301
790 300
789 300
788 300
788 299
787 299
786 299
786 298
786 297
785 297
785 296
784 296
784 295
783 295
783 294
782 294
782 293
781 293
781 292
780 292
780 291
779 291
779 290
778 290
778 289
777 289
777 288
777 287
777 286
777 285
776 285
776 284
776 283
775 283
775 282
774 282
774 281
773 281
773 280
773 279
773 278
773 277
772 277
772 276
772 275
772 274
772 273
772 272
772 271
772 270
771 270
771 269
771 268
770 268
770 267
769 267
769 266
768 266
768 265
767 265
767 264
767 263
767 262
766 262
766 261
766 260
765 260
765 259
764 259
764 258
764 257
763 257
763 256
763 255
763 254
763 253
762 253
762 252
762 251
761 251
761 250
760 250
760 249
759 249
759 248
759 247
759 246
759 245
758 245
758 244
758 243
758 242
758 241
758 240
757 240
757 239
757 238
756 238
756 237
756 236
755 236
755 235
755 234
754 234
754 233
754 232
754 231
754 230
754 229
754 228
753 228
753 227
753 226
753 225
753 224
753 223
753 222
753 221
753 220
753 219
753 218
753 217
753 216
753 215
753 214
753 213
753 212
753 211
753 210
753 209
753 208
753 207
752 207
752 206
752 205
752 204
752 203
752 202
751 202
751 201
752 201
752 200
752 199
752 198
752 197
752 196
752 195
752 194
752 193
752 192
752 191
752 190
752 189
752 188
752 187
753 187
753 186
753 185
753 184
753 183
753 182
753 181
753 180
753 179
754 179
754 178
754 177
754 176
754 175
755 175
755 174
756 174
756 173
757 173
757 172
757 171
758 171
758 170
759 170
759 169
760 169
760 168
761 168
761 167
762 167
763 167
764 167
765 167
766 167
767 167
768 167
769 167
770 167
771 167
772 167
773 167
774 167
775 167
776 167
777 167
778 167
779 167
780 167
781 167
782 167
783 167
784 167
785 167
785 168
786 168
787 168
787 169
788 169
789 169
789 170
790 170
790 171
791 171
792 171
793 171
794 171
795 171
795 172
796 172
797 172
797 173
797 174
797 175
797 176
796 176
796 177
795 177
794 177
793 177
792 177
792 178
791 178
790 178
789 178
788 178
788 179
787 179
786 179
786 180
785 180
785 181
784 181
784 182
783 182
783 183
782 183
781 183
780 183
779 183
779 184
778 184
778 185
777 185
777 186
776 186
775 186
775 187
774 187
774 188
773 188
773 189
772 189
771 189
771 190
771 191
770 191
770 192
770 193
770 194
769 194
769 195
769 196
769 197
769 198
768 198
768 199
768 200
768 201
768 202
768 203
768 204
768 205
768 206
768 207
769 207
769 208
769 209
769 210
769 211
770 211
770 212
770 213
770 214
771 214
771 215
771 216
772 216
772 217
773 217
773 218
774 218
774 219
775 219
775 220
776 220
776 221
777 221
777 222
778 222
778 223
779 223
780 223
780 224
781 224
781 225
781 226
782 226
782 227
783 227
784 227
785 227
786 227
787 227
788 227
788 228
789 228
790 228
791 228
792 228
793 228
794 228
794 229
795 229
796 229
797 229
798 229
799 229
800 229
801 229
802 229
803 229
804 229
805 229
805 228
806 228
807 228
808 228
809 228
810 228
810 227
811 227
812 227
813 227
814 227
815 227
816 227
817 227
817 226
818 226
818 225
819 225
819 224
820 224
821 224
821 223
822 223
823 223
823 222
824 222
825 222
825 221
826 221
827 221
827 220
828 220
828 219
829 219
829 218
830 218
830 217
831 217
832 217
832 216
833 216
833 215
833 214
834 214
834 213
835 213
835 212
836 212
836 211
837 211
837 210
837 209
837 208
837 207
838 207
838 206
838 205
838 204
839 204
839 203
840 203
840 202
841 202
841 201
841 200
841 199
841 198
842 198
842 197
842 196
842 195
842 194
842 193
842 192
842 191
842 190
842 189
842 188
842 187
842 186
842 185
841 185
841 184
841 183
841 182
841 181
840 181
840 180
840 179
839 179
839 178
839 177
838 177
838 176
838 175
838 174
838 173
838 172
837 172
837 171
837 170
837 169
837 168
837 167
836 167
836 166
835 166
835 165
834 165
834 164
834 163
833 163
833 162
833 161
833 160
832 160
832 159
831 159
831 158
831 157
830 157
830 156
829 156
829 155
829 154
828 154
828 153
827 153
827 152
826 152
826 151
825 151
825 150
824 150
824 149
823 149
823 148
822 148
822 147
821 147
821 146
820 146
820 145
819 145
818 145
818 144
817 144
817 143
816 143
816 142
815 142
814 142
814 141
813 141
812 141
812 140
811 140
810 140
810 139
809 139
809 138
808 138
807 138
807 137
806 137
805 137
805 136
804 136
803 136
802 136
801 136
800 136
799 136
798 136
797 136
796 136
796 135
795 135
794 135
793 135
792 135
792 134
791 134
790 134
790 133
789 133
788 133
788 132
787 132
786 132
785 132
784 132
783 132
782 132
781 132
780 132
779 132
778 132
777 132
776 132
775 132
-2 -2
