1600 346
1600 347
1599 347
1599 348
1598 348
1597 348
1597 349
1596 349
1596 350
1595 350
1594 350
1594 351
1593 351
1592 351
1591 351
1591 352
1590 352
1590 353
1589 353
1589 354
1588 354
1588 355
1587 355
1587 356
1586 356
1586 357
1585 357
1585 358
1584 358
1584 359
1583 359
1583 360
1582 360
1582 361
1581 361
1581 362
1581 363
1581 364
1580 364
1580 365
1580 366
1579 366
1579 367
1579 368
1578 368
1578 369
1577 369
1577 370
1577 371
1577 372
1576 372
1576 373
1576 374
1576 375
1576 376
1576 377
1576 378
1576 379
1576 380
1576 381
1576 382
1576 383
1576 384
1576 385
1576 386
1576 387
1576 388
1575 388
1575 389
1575 390
1575 391
1575 392
1575 393
1575 394
1575 395
1575 396
1576 396
1576 397
1576 398
1576 399
1576 400
1576 401
1576 402
1577 402
1577 403
1578 403
1578 404
1578 405
1579 405
1580 405
1580 406
1580 407
1581 407
1581 408
1582 408
1582 409
1583 409
1584 409
1584 410
1585 410
1585 411
1586 411
1586 412
1586 413
1587 413
1588 413
1588 414
1589 414
1589 415
1590 415
1590 416
1590 417
1591 417
1591 418
1592 418
1592 419
1593 419
1594 419
1594 420
1595 420
1595 421
1596 421
1596 422
1597 422
1597 423
1598 423
1599 423
1600 423
1601 423
1602 423
1603 423
1603 424
1604 424
1605 424
1606 424
1607 424
1608 424
1609 424
1610 424
1611 424
1612 424
1613 424
1613 423
1614 423
1615 423
1616 423
1617 423
1618 423
1619 423
1620 423
1621 423
1622 423
1623 423
1624 423
1625 423
1626 423
1627 423
1628 423
1628 422
1629 422
1630 422
1630 421
1631 421
1631 420
1632 420
1633 420
1633 419
1634 419
1635 419
1635 418
1636 418
1637 418
1638 418
1638 417
1639 417
1639 416
1640 416
1640 415
1641 415
1641 414
1642 414
1643 414
1643 413
1643 412
1644 412
1644 411
1645 411
1645 410
1646 410
1646 409
1647 409
1647 408
1648 408
1648 407
1648 406
1649 406
1649 405
1649 404
1650 404
1650 403
1650 402
1651 402
1651 401
1652 401
1652 400
1652 399
1653 399
1653 398
1653 397
1653 396
1653 395
1653 394
1653 393
1653 392
1653 391
1653 390
1653 389
1653 388
1653 387
1653 386
1653 385
1653 384
1653 383
1653 382
1653 381
1653 380
1653 379
1653 378
1653 377
1653 376
1653 375
1653 374
1653 373
1652 373
1652 372
1652 371
1651 371
1650 371
1650 370
1650 369
1649 369
1649 368
1649 367
1648 367
1648 366
1647 366
1647 365
1647 364
1646 364
1646 363
1645 363
1645 362
1644 362
1644 361
1643 361
1643 360
1642 360
1642 359
1641 359
1641 358
1640 358
1640 357
1639 357
1639 356
1638 356
1638 355
1637 355
1637 354
1636 354
1636 353
1635 353
1635 352
1634 352
1634 351
1633 351
1632 351
1632 350
1631 350
1630 350
1630 349
1629 349
1629 348
1628 348
1628 347
1627 347
1626 347
1626 346
1625 346
1624 346
1623 346
1622 346
1621 346
1620 346
1619 346
1618 346
1617 346
1616 346
1615 346
1614 346
1613 346
1612 346
1611 346
1610 346
1609 346
1608 346
1607 346
1606 346
1605 346
1604 346
1603 346
1602 346
1601 346
1600 346
-2 -2
