226 892
226 893
225 893
224 893
223 893
223 894
222 894
221 894
221 895
220 895
219 895
218 895
218 896
217 896
216 896
215 896
214 896
214 897
213 897
212 897
212 898
211 898
211 899
210 899
210 900
209 900
208 900
208 901
207 901
206 901
206 902
205 902
205 903
204 903
204 904
203 904
202 904
202 905
201 905
200 905
199 905
199 906
198 906
198 907
197 907
197 908
196 908
196 909
195 909
195 910
194 910
193 910
193 911
192 911
192 912
192 913
191 913
191 914
190 914
189 914
189 915
188 915
188 916
188 917
187 917
187 918
186 918
186 919
185 919
185 920
184 920
184 921
184 922
183 922
183 923
183 924
183 925
182 925
182 926
182 927
181 927
181 928
181 929
180 929
180 930
179 930
179 931
179 932
179 933
178 933
178 934
178 935
178 936
178 937
178 938
178 939
178 940
178 941
178 942
178 943
178 944
178 945
178 946
178 947
178 948
178 949
178 950
178 951
178 952
178 953
178 954
179 954
179 955
179 956
179 957
180 957
180 958
181 958
181 959
181 960
182 960
182 961
183 961
183 962
183 963
184 963
184 964
184 965
185 965
185 966
186 966
186 967
187 967
187 968
188 968
188 969
189 969
189 970
190 970
191 970
191 971
192 971
192 972
193 972
194 972
194 973
195 973
196 973
197 973
197 974
198 974
199 974
200 974
200 975
201 975
202 975
202 976
203 976
204 976
205 976
206 976
206 977
207 977
208 977
209 977
209 976
210 976
211 976
212 976
213 976
213 975
214 975
215 975
216 975
216 974
217 974
218 974
219 974
220 974
220 973
221 973
222 973
223 973
224 973
224 972
225 972
226 972
227 972
227 971
228 971
228 970
229 970
229 969
230 969
231 969
231 968
232 968
232 967
233 967
233 966
234 966
234 965
235 965
235 964
235 963
236 963
236 962
236 961
237 961
237 960
237 959
237 958
237 957
237 956
238 956
238 955
238 954
238 953
239 953
239 952
239 951
239 950
240 950
240 949
240 948
240 947
240 946
240 945
240 944
239 944
239 943
239 942
239 941
238 941
238 940
238 939
237 939
237 938
237 937
236 937
236 936
236 935
235 935
235 934
234 934
234 933
233 933
233 932
232 932
232 931
231 931
231 930
230 930
230 929
229 929
228 929
227 929
227 928
226 928
225 928
224 928
223 928
222 928
221 928
220 928
219 928
218 928
217 928
216 928
215 928
214 928
214 927
215 927
215 926
216 926
217 926
217 925
217 924
218 924
218 923
218 922
219 922
220 922
220 921
221 921
222 921
223 921
223 920
224 920
225 920
225 919
226 919
226 918
227 918
228 918
229 918
230 918
231 918
232 918
233 918
234 918
235 918
236 918
237 918
238 918
238 919
239 919
240 919
240 920
241 920
241 921
242 921
243 921
244 921
245 921
246 921
247 921
247 922
248 922
249 922
249 923
249 924
250 924
250 925
251 925
252 925
253 925
253 926
254 926
255 926
255 927
256 927
256 928
257 928
257 929
258 929
258 930
259 930
259 931
260 931
261 931
261 932
262 932
262 933
261 933
261 934
261 935
260 935
260 936
260 937
259 937
259 938
258 938
258 939
257 939
257 940
257 941
256 941
256 942
255 942
255 943
254 943
254 944
253 944
253 945
253 946
252 946
252 947
251 947
251 948
250 948
250 949
249 949
249 950
249 951
248 951
248 952
247 952
247 953
247 954
246 954
246 955
245 955
245 956
245 957
244 957
244 958
244 959
243 959
243 960
243 961
243 962
243 963
243 964
242 964
242 965
242 966
242 967
242 968
241 968
241 969
241 970
241 971
242 971
242 972
242 973
242 974
242 975
243 975
243 976
243 977
243 978
243 979
243 980
244 980
244 981
244 982
244 983
244 984
245 984
245 985
246 985
246 986
247 986
247 987
248 987
248 988
249 988
249 989
249 990
250 990
250 991
251 991
252 991
252 992
253 992
253 993
254 993
254 994
254 995
255 995
256 995
256 996
257 996
257 997
258 997
258 998
258 999
258 1000
258 1001
258 1002
257 1002
257 1003
256 1003
255 1003
255 1004
254 1004
254 1005
253 1005
253 1006
253 1007
252 1007
252 1008
251 1008
250 1008
250 1009
249 1009
249 1010
249 1011
248 1011
248 1012
247 1012
247 1013
246 1013
246 1014
245 1014
245 1015
245 1016
244 1016
244 1017
244 1018
243 1018
243 1019
243 1020
243 1021
243 1022
243 1023
243 1024
242 1024
242 1025
242 1026
242 1027
242 1028
241 1028
241 1029
241 1030
241 1031
241 1032
242 1032
242 1033
242 1034
242 1035
243 1035
243 1036
243 1037
243 1038
243 1039
243 1040
244 1040
244 1041
244 1042
244 1043
245 1043
245 1044
246 1044
246 1045
246 1046
247 1046
247 1047
248 1047
248 1048
248 1049
249 1049
249 1050
250 1050
250 1051
251 1051
251 1052
252 1052
252 1053
253 1053
253 1054
254 1054
254 1055
254 1056
255 1056
256 1056
256 1057
257 1057
257 1058
257 1059
258 1059
258 1060
258 1061
259 1061
259 1062
260 1062
260 1063
261 1063
261 1064
261 1065
261 1066
262 1066
262 1067
261 1067
261 1068
260 1068
259 1068
259 1069
258 1069
258 1070
257 1070
257 1071
256 1071
256 1072
255 1072
254 1072
254 1073
253 1073
252 1073
252 1074
251 1074
251 1075
250 1075
249 1075
249 1076
248 1076
248 1077
247 1077
246 1077
246 1078
245 1078
244 1078
243 1078
242 1078
241 1078
241 1079
240 1079
240 1080
239 1080
238 1080
238 1081
237 1081
236 1081
235 1081
234 1081
233 1081
232 1081
231 1081
230 1081
229 1081
228 1081
227 1081
226 1081
226 1080
225 1080
224 1080
224 1079
223 1079
223 1078
222 1078
221 1078
220 1078
220 1077
219 1077
218 1077
218 1076
218 1075
217 1075
217 1074
216 1074
216 1073
215 1073
215 1072
214 1072
214 1071
215 1071
216 1071
217 1071
218 1071
219 1071
220 1071
221 1071
222 1071
223 1071
224 1071
225 1071
226 1071
227 1071
227 1070
228 1070
229 1070
230 1070
230 1069
231 1069
231 1068
232 1068
232 1067
233 1067
233 1066
234 1066
234 1065
235 1065
235 1064
236 1064
236 1063
237 1063
237 1062
237 1061
237 1060
238 1060
238 1059
239 1059
239 1058
239 1057
239 1056
239 1055
240 1055
240 1054
240 1053
240 1052
240 1051
240 1050
239 1050
239 1049
239 1048
239 1047
239 1046
238 1046
238 1045
238 1044
238 1043
237 1043
237 1042
237 1041
237 1040
237 1039
236 1039
236 1038
236 1037
236 1036
235 1036
235 1035
235 1034
234 1034
234 1033
233 1033
233 1032
232 1032
232 1031
231 1031
231 1030
230 1030
229 1030
229 1029
228 1029
228 1028
227 1028
226 1028
226 1027
225 1027
224 1027
224 1026
223 1026
222 1026
221 1026
220 1026
220 1025
219 1025
218 1025
217 1025
216 1025
216 1024
215 1024
214 1024
213 1024
212 1024
212 1023
211 1023
210 1023
209 1023
208 1023
207 1023
206 1023
205 1023
204 1023
203 1023
203 1024
202 1024
201 1024
200 1024
199 1024
199 1025
198 1025
197 1025
197 1026
196 1026
195 1026
194 1026
193 1026
193 1027
192 1027
191 1027
191 1028
191 1029
190 1029
189 1029
189 1030
188 1030
188 1031
187 1031
187 1032
186 1032
186 1033
185 1033
185 1034
184 1034
184 1035
183 1035
183 1036
183 1037
182 1037
182 1038
182 1039
181 1039
181 1040
181 1041
180 1041
180 1042
179 1042
179 1043
179 1044
179 1045
179 1046
178 1046
178 1047
178 1048
178 1049
178 1050
178 1051
178 1052
178 1053
178 1054
178 1055
178 1056
178 1057
178 1058
178 1059
178 1060
178 1061
178 1062
178 1063
178 1064
178 1065
178 1066
179 1066
179 1067
179 1068
179 1069
180 1069
180 1070
181 1070
181 1071
181 1072
182 1072
182 1073
182 1074
183 1074
183 1075
183 1076
183 1077
184 1077
184 1078
184 1079
185 1079
186 1079
186 1080
187 1080
187 1081
187 1082
188 1082
188 1083
188 1084
189 1084
190 1084
190 1085
191 1085
191 1086
192 1086
192 1087
192 1088
193 1088
193 1089
194 1089
195 1089
195 1090
196 1090
197 1090
197 1091
197 1092
198 1092
198 1093
199 1093
200 1093
200 1094
201 1094
202 1094
202 1095
203 1095
204 1095
204 1096
205 1096
205 1097
206 1097
206 1098
207 1098
208 1098
208 1099
209 1099
210 1099
210 1100
211 1100
211 1101
212 1101
213 1101
213 1102
214 1102
214 1103
215 1103
216 1103
217 1103
218 1103
218 1104
219 1104
220 1104
221 1104
221 1105
222 1105
223 1105
224 1105
224 1106
225 1106
226 1106
226 1107
227 1107
228 1107
229 1107
230 1107
231 1107
232 1107
233 1107
234 1107
235 1107
236 1107
237 1107
238 1107
239 1107
240 1107
241 1107
242 1107
243 1107
244 1107
244 1106
245 1106
246 1106
246 1105
247 1105
248 1105
248 1104
249 1104
250 1104
251 1104
251 1103
252 1103
253 1103
254 1103
254 1102
255 1102
256 1102
256 1101
257 1101
257 1100
258 1100
259 1100
259 1099
260 1099
261 1099
261 1098
262 1098
263 1098
263 1097
264 1097
264 1096
264 1095
265 1095
265 1094
266 1094
267 1094
267 1093
268 1093
269 1093
269 1092
269 1091
270 1091
270 1090
271 1090
271 1089
272 1089
273 1089
273 1088
274 1088
274 1087
274 1086
275 1086
275 1085
276 1085
277 1085
277 1084
278 1084
278 1083
279 1083
279 1082
280 1082
280 1081
281 1081
281 1080
282 1080
282 1079
283 1079
283 1078
283 1077
284 1077
284 1076
285 1076
285 1075
286 1075
286 1074
287 1074
287 1073
288 1073
288 1072
288 1071
289 1071
289 1070
289 1069
290 1069
291 1069
291 1068
291 1067
292 1067
292 1066
292 1065
292 1064
292 1063
293 1063
293 1062
293 1061
294 1061
294 1060
295 1060
295 1059
295 1058
296 1058
296 1057
296 1056
297 1056
297 1055
297 1054
297 1053
297 1052
297 1051
297 1050
297 1049
297 1048
298 1048
298 1047
298 1046
299 1046
299 1045
299 1044
299 1043
300 1043
300 1042
300 1041
301 1041
301 1040
301 1039
301 1038
301 1037
301 1036
301 1035
301 1034
301 1033
301 1032
302 1032
302 1031
302 1030
302 1029
302 1028
302 1027
302 1026
302 1025
303 1025
303 1024
303 1023
303 1022
304 1022
304 1021
304 1020
305 1020
305 1019
305 1018
305 1017
305 1016
306 1016
306 1015
307 1015
307 1014
308 1014
308 1015
309 1015
309 1016
309 1017
310 1017
310 1018
311 1018
311 1019
312 1019
312 1020
313 1020
313 1021
314 1021
314 1022
314 1023
315 1023
315 1024
316 1024
317 1024
317 1025
318 1025
318 1026
318 1027
319 1027
319 1028
320 1028
321 1028
321 1029
322 1029
322 1030
323 1030
323 1031
324 1031
324 1032
325 1032
325 1033
326 1033
327 1033
327 1034
328 1034
328 1035
329 1035
329 1036
330 1036
330 1037
331 1037
331 1038
332 1038
333 1038
333 1039
334 1039
335 1039
335 1040
336 1040
336 1041
337 1041
338 1041
338 1042
339 1042
340 1042
341 1042
341 1043
342 1043
343 1043
344 1043
345 1043
346 1043
347 1043
348 1043
349 1043
350 1043
351 1043
352 1043
353 1043
353 1042
354 1042
355 1042
356 1042
356 1041
357 1041
357 1040
358 1040
358 1039
359 1039
359 1038
360 1038
361 1038
361 1037
362 1037
362 1036
362 1035
363 1035
363 1034
364 1034
364 1033
365 1033
365 1032
366 1032
366 1031
367 1031
367 1030
367 1029
367 1028
367 1027
368 1027
368 1026
368 1025
368 1024
369 1024
369 1023
369 1022
369 1021
370 1021
370 1020
370 1019
370 1018
370 1017
370 1016
370 1015
369 1015
369 1014
369 1013
369 1012
369 1011
368 1011
368 1010
368 1009
367 1009
367 1008
367 1007
367 1006
366 1006
366 1005
366 1004
365 1004
364 1004
364 1003
363 1003
363 1002
362 1002
362 1001
362 1000
362 999
362 998
362 997
363 997
363 996
364 996
365 996
365 995
366 995
366 994
366 993
367 993
367 992
367 991
367 990
368 990
368 989
368 988
369 988
369 987
369 986
369 985
370 985
370 984
370 983
370 982
370 981
370 980
370 979
369 979
369 978
369 977
369 976
369 975
368 975
368 974
368 973
368 972
367 972
367 971
367 970
367 969
366 969
366 968
366 967
365 967
365 966
364 966
364 965
363 965
363 964
362 964
362 963
362 962
361 962
360 962
360 961
359 961
359 960
358 960
358 959
357 959
357 958
356 958
355 958
355 957
354 957
353 957
353 956
352 956
351 956
350 956
349 956
348 956
347 956
346 956
345 956
344 956
343 956
342 956
341 956
341 957
340 957
339 957
338 957
337 957
337 958
336 958
336 959
335 959
335 960
334 960
333 960
333 961
332 961
331 961
331 962
330 962
329 962
329 963
329 964
328 964
328 965
327 965
327 966
326 966
325 966
325 967
324 967
324 968
323 968
323 969
322 969
322 970
321 970
321 971
320 971
319 971
319 972
318 972
318 973
317 973
317 974
316 974
316 975
315 975
315 976
314 976
314 977
314 978
313 978
313 979
312 979
312 980
311 980
311 981
310 981
310 982
309 982
309 983
309 984
308 984
308 985
307 985
307 984
306 984
306 983
305 983
305 982
305 981
305 980
304 980
304 979
304 978
303 978
303 977
303 976
303 975
303 974
302 974
302 973
302 972
302 971
302 970
302 969
302 968
302 967
301 967
301 966
301 965
301 964
301 963
301 962
301 961
301 960
301 959
301 958
300 958
300 957
299 957
299 956
299 955
299 954
298 954
298 953
298 952
298 951
298 950
297 950
297 949
297 948
297 947
297 946
297 945
297 944
296 944
296 943
296 942
296 941
295 941
295 940
294 940
294 939
294 938
293 938
293 937
293 936
292 936
292 935
292 934
292 933
291 933
291 932
291 931
290 931
290 930
289 930
289 929
289 928
288 928
288 927
287 927
287 926
287 925
286 925
286 924
285 924
285 923
284 923
284 922
283 922
283 921
283 920
282 920
281 920
281 919
280 919
280 918
279 918
279 917
279 916
278 916
278 915
277 915
277 914
276 914
276 913
275 913
274 913
274 912
274 911
273 911
273 910
272 910
271 910
271 909
270 909
270 908
269 908
269 907
268 907
268 906
267 906
267 905
266 905
266 904
265 904
265 903
264 903
263 903
263 902
262 902
262 901
261 901
261 900
260 900
259 900
259 899
258 899
257 899
257 898
256 898
256 897
255 897
254 897
254 896
253 896
252 896
251 896
251 895
250 895
249 895
248 895
248 894
247 894
246 894
246 893
245 893
244 893
244 892
243 892
242 892
241 892
240 892
239 892
238 892
237 892
236 892
235 892
234 892
233 892
232 892
231 892
230 892
229 892
228 892
227 892
226 892
-2 -2
