1712 523
1712 524
1711 524
1710 524
1709 524
1709 525
1708 525
1707 525
1707 526
1706 526
1705 526
1705 527
1704 527
1703 527
1702 527
1702 528
1701 528
1700 528
1699 528
1698 528
1698 529
1697 529
1697 530
1696 530
1696 531
1695 531
1694 531
1694 532
1693 532
1692 532
1692 533
1691 533
1690 533
1690 534
1689 534
1689 535
1688 535
1688 536
1687 536
1687 537
1686 537
1685 537
1685 538
1684 538
1684 539
1683 539
1683 540
1683 541
1682 541
1682 542
1681 542
1680 542
1680 543
1679 543
1679 544
1679 545
1678 545
1678 546
1677 546
1677 547
1677 548
1676 548
1676 549
1675 549
1675 550
1675 551
1675 552
1674 552
1674 553
1674 554
1674 555
1674 556
1673 556
1673 557
1673 558
1673 559
1673 560
1673 561
1673 562
1673 563
1673 564
1673 565
1673 566
1673 567
1673 568
1673 569
1673 570
1673 571
1673 572
1674 572
1674 573
1674 574
1674 575
1674 576
1674 577
1674 578
1674 579
1675 579
1675 580
1675 581
1675 582
1676 582
1676 583
1677 583
1677 584
1678 584
1678 585
1678 586
1678 587
1679 587
1679 588
1679 589
1680 589
1680 590
1680 591
1681 591
1682 591
1682 592
1682 593
1683 593
1683 594
1684 594
1684 595
1684 596
1685 596
1685 597
1686 597
1686 598
1687 598
1688 598
1688 599
1689 599
1689 600
1690 600
1691 600
1691 601
1692 601
1692 602
1693 602
1693 603
1694 603
1694 604
1695 604
1696 604
1697 604
1697 605
1698 605
1699 605
1700 605
1701 605
1701 606
1702 606
1703 606
1704 606
1705 606
1706 606
1707 606
1708 606
1709 606
1710 606
1711 606
1712 606
1713 606
1714 606
1715 606
1716 606
1717 606
1717 605
1718 605
1719 605
1720 605
1721 605
1721 604
1722 604
1723 604
1723 603
1724 603
1725 603
1725 602
1726 602
1726 601
1727 601
1727 600
1728 600
1728 599
1729 599
1729 598
1730 598
1730 597
1731 597
1731 596
1731 595
1732 595
1732 594
1732 593
1732 592
1733 592
1733 591
1733 590
1733 589
1733 588
1733 587
1733 586
1733 585
1733 584
1733 583
1733 582
1733 581
1732 581
1732 580
1732 579
1732 578
1732 577
1731 577
1731 576
1731 575
1731 574
1731 573
1730 573
1730 572
1729 572
1729 571
1729 570
1729 569
1728 569
1728 568
1728 567
1728 566
1728 565
1727 565
1727 564
1727 563
1727 562
1726 562
1726 561
1726 560
1725 560
1725 559
1725 558
1726 558
1727 558
1728 558
1729 558
1730 558
1730 559
1731 559
1732 559
1732 560
1733 560
1734 560
1734 561
1735 561
1735 562
1736 562
1737 562
1738 562
1738 563
1739 563
1740 563
1741 563
1741 564
1742 564
1742 565
1743 565
1743 566
1744 566
1744 567
1745 567
1746 567
1746 568
1747 568
1748 568
1748 569
1748 570
1749 570
1749 571
1750 571
1750 572
1751 572
1751 573
1752 573
1752 574
1753 574
1753 575
1754 575
1754 576
1754 577
1755 577
1755 578
1756 578
1756 579
1757 579
1757 580
1757 581
1757 582
1758 582
1758 583
1757 583
1757 584
1757 585
1757 586
1757 587
1756 587
1756 588
1756 589
1755 589
1755 590
1754 590
1754 591
1754 592
1754 593
1753 593
1753 594
1753 595
1753 596
1752 596
1752 597
1751 597
1751 598
1750 598
1750 599
1749 599
1749 600
1748 600
1748 601
1748 602
1747 602
1747 603
1746 603
1746 604
1745 604
1745 605
1744 605
1744 606
1743 606
1743 607
1742 607
1742 608
1741 608
1741 609
1740 609
1740 610
1739 610
1739 611
1738 611
1738 612
1737 612
1736 612
1736 613
1735 613
1735 614
1735 615
1734 615
1733 615
1733 616
1732 616
1732 617
1731 617
1731 618
1730 618
1730 619
1729 619
1729 620
1728 620
1728 621
1727 621
1726 621
1726 622
1725 622
1725 623
1724 623
1724 624
1723 624
1722 624
1722 625
1721 625
1721 626
1720 626
1719 626
1719 627
1718 627
1717 627
1717 628
1717 629
1716 629
1716 630
1715 630
1714 630
1714 631
1713 631
1712 631
1712 632
1711 632
1711 633
1710 633
1709 633
1709 634
1708 634
1707 634
1707 635
1706 635
1705 635
1705 636
1704 636
1703 636
1703 637
1702 637
1701 637
1701 638
1700 638
1700 639
1699 639
1698 639
1697 639
1696 639
1696 640
1695 640
1694 640
1693 640
1692 640
1692 641
1691 641
1690 641
1690 642
1689 642
1688 642
1688 643
1687 643
1686 643
1685 643
1684 643
1684 644
1683 644
1682 644
1681 644
1680 644
1679 644
1678 644
1677 644
1677 645
1676 645
1675 645
1675 646
1675 647
1674 647
1674 648
1673 648
1673 649
1672 649
1671 649
1670 649
1669 649
1669 650
1668 650
1667 650
1667 651
1666 651
1666 652
1665 652
1665 653
1664 653
1663 653
1663 654
1662 654
1661 654
1660 654
1659 654
1658 654
1657 654
1656 654
1655 654
1654 654
1653 654
1652 654
1651 654
1650 654
1649 654
1648 654
1647 654
1646 654
1645 654
1644 654
1643 654
1642 654
1641 654
1640 654
1639 654
1639 653
1638 653
1637 653
1636 653
1635 653
1634 653
1634 652
1633 652
1633 651
1632 651
1632 650
1631 650
1630 650
1630 649
1629 649
1628 649
1627 649
1626 649
1625 649
1625 648
1624 648
1624 647
1623 647
1622 647
1622 646
1621 646
1621 645
1620 645
1619 645
1618 645
1618 644
1617 644
1616 644
1615 644
1614 644
1613 644
1613 643
1612 643
1611 643
1611 642
1610 642
1610 641
1609 641
1609 640
1608 640
1607 640
1606 640
1605 640
1604 640
1604 639
1603 639
1602 639
1601 639
1600 639
1600 638
1599 638
1598 638
1598 637
1597 637
1597 636
1596 636
1596 635
1595 635
1594 635
1593 635
1592 635
1591 635
1590 635
1589 635
1589 634
1588 634
1588 633
1587 633
1587 632
1586 632
1586 631
1585 631
1584 631
1584 630
1583 630
1582 630
1581 630
1580 630
1580 629
1579 629
1579 628
1580 628
1581 628
1582 628
1583 628
1583 627
1584 627
1584 628
1585 628
1586 628
1587 628
1588 628
1589 628
1590 628
1591 628
1592 628
1593 628
1594 628
1595 628
1596 628
1597 628
1598 628
1599 628
1600 628
1601 628
1602 628
1603 628
1604 628
1605 628
1606 628
1607 628
1608 628
1609 628
1609 627
1610 627
1611 627
1612 627
1613 627
1613 626
1614 626
1614 625
1615 625
1616 625
1616 624
1617 624
1618 624
1619 624
1619 623
1620 623
1621 623
1622 623
1623 623
1623 622
1624 622
1624 621
1625 621
1625 620
1626 620
1626 619
1627 619
1628 619
1628 618
1629 618
1629 617
1630 617
1630 616
1631 616
1631 615
1632 615
1633 615
1633 614
1634 614
1634 613
1635 613
1635 612
1636 612
1636 611
1637 611
1637 610
1638 610
1638 609
1639 609
1639 608
1639 607
1639 606
1640 606
1640 605
1640 604
1641 604
1641 603
1642 603
1643 603
1643 602
1643 601
1643 600
1643 599
1643 598
1643 597
1643 596
1644 596
1644 595
1644 594
1644 593
1644 592
1644 591
1644 590
1644 589
1645 589
1645 588
1645 587
1646 587
1646 586
1647 586
1647 585
1647 584
1647 583
1647 582
1647 581
1647 580
1647 579
1647 578
1647 577
1647 576
1647 575
1646 575
1646 574
1645 574
1645 573
1644 573
1644 572
1644 571
1643 571
1643 570
1642 570
1641 570
1640 570
1640 569
1639 569
1638 569
1637 569
1636 569
1635 569
1634 569
1633 569
1633 570
1632 570
1631 570
1630 570
1629 570
1629 571
1628 571
1628 572
1628 573
1627 573
1627 574
1627 575
1626 575
1626 576
1626 577
1625 577
1625 578
1624 578
1624 579
1623 579
1622 579
1622 580
1621 580
1621 581
1620 581
1619 581
1619 582
1618 582
1618 583
1617 583
1616 583
1615 583
1615 584
1614 584
1613 584
1612 584
1611 584
1610 584
1609 584
1608 584
1607 584
1606 584
1605 584
1604 584
1603 584
1602 584
1601 584
1600 584
1599 584
1598 584
1597 584
1596 584
1595 584
1594 584
1593 584
1592 584
1591 584
1590 584
1589 584
1588 584
1587 584
1586 584
1585 584
1584 584
1583 584
1583 583
1582 583
1581 583
1580 583
1579 583
1578 583
1578 582
1577 582
1576 582
1575 582
1575 581
1574 581
1573 581
1572 581
1572 580
1571 580
1570 580
1569 580
1568 580
1568 579
1567 579
1566 579
1565 579
1564 579
1563 579
1562 579
1561 579
1560 579
1559 579
1558 579
1557 579
1556 579
1555 579
1554 579
1553 579
1552 579
1551 579
1550 579
1549 579
1548 579
1547 579
1546 579
1545 579
1544 579
1543 579
1542 579
1541 579
1540 579
1539 579
1538 579
1537 579
1537 578
1536 578
1535 578
1534 578
1533 578
1532 578
1531 578
1530 578
1530 579
1529 579
1528 579
1527 579
1526 579
1525 579
1524 579
1523 579
1522 579
1521 579
1520 579
1519 579
1518 579
1517 579
1516 579
1515 579
1514 579
1513 579
1512 579
1511 579
1510 579
1509 579
1508 579
1507 579
1506 579
1505 579
1505 580
1504 580
1503 580
1502 580
1502 581
1501 581
1500 581
1500 582
1499 582
1498 582
1498 583
1497 583
1496 583
1495 583
1494 583
1494 584
1493 584
1492 584
1491 584
1490 584
1489 584
1488 584
1488 585
1487 585
1487 586
1486 586
1486 587
1485 587
1484 587
1483 587
1483 588
1482 588
1481 588
1480 588
1479 588
1479 589
1478 589
1477 589
1476 589
1476 590
1475 590
1475 591
1474 591
1474 592
1473 592
1472 592
1472 593
1471 593
1470 593
1470 594
1469 594
1469 595
1468 595
1467 595
1467 596
1466 596
1466 597
1465 597
1465 598
1465 599
1464 599
1464 600
1463 600
1463 601
1462 601
1462 602
1461 602
1461 603
1460 603
1460 604
1459 604
1459 605
1458 605
1458 606
1457 606
1457 607
1456 607
1456 608
1455 608
1455 609
1454 609
1454 610
1453 610
1453 611
1452 611
1452 612
1451 612
1451 613
1450 613
1450 614
1450 615
1449 615
1449 616
1449 617
1448 617
1448 618
1447 618
1447 619
1447 620
1446 620
1446 621
1446 622
1446 623
1446 624
1446 625
1446 626
1447 626
1447 627
1448 627
1448 628
1449 628
1449 629
1449 630
1450 630
1450 631
1451 631
1451 632
1452 632
1452 633
1453 633
1454 633
1455 633
1455 634
1456 634
1457 634
1457 635
1458 635
1459 635
1460 635
1461 635
1462 635
1463 635
1464 635
1465 635
1465 634
1466 634
1467 634
1467 633
1468 633
1469 633
1470 633
1470 632
1471 632
1472 632
1472 631
1473 631
1474 631
1474 630
1475 630
1475 629
1476 629
1476 628
1477 628
1478 628
1479 628
1479 627
1480 627
1481 627
1482 627
1482 626
1483 626
1483 625
1484 625
1484 624
1485 624
1486 624
1486 623
1487 623
1488 623
1489 623
1490 623
1491 623
1492 623
1493 623
1494 623
1495 623
1496 623
1497 623
1498 623
1499 623
1500 623
1500 624
1501 624
1502 624
1502 625
1503 625
1503 626
1503 627
1504 627
1505 627
1506 627
1507 627
1508 627
1508 628
1509 628
1510 628
1511 628
1512 628
1512 629
1513 629
1514 629
1514 630
1515 630
1515 631
1516 631
1516 632
1517 632
1518 632
1519 632
1519 633
1520 633
1521 633
1521 634
1522 634
1523 634
1523 635
1523 636
1524 636
1525 636
1525 637
1526 637
1527 637
1528 637
1529 637
1530 637
1531 637
1532 637
1533 637
1534 637
1534 638
1535 638
1535 639
1536 639
1537 639
1537 640
1537 641
1538 641
1539 641
1540 641
1541 641
1541 642
1542 642
1543 642
1544 642
1544 643
1544 644
1545 644
1545 645
1546 645
1546 646
1547 646
1548 646
1549 646
1550 646
1551 646
1551 647
1552 647
1553 647
1553 648
1554 648
1554 649
1554 650
1555 650
1556 650
1556 651
1557 651
1558 651
1559 651
1559 652
1560 652
1561 652
1561 653
1562 653
1562 654
1563 654
1563 655
1564 655
1565 655
1565 656
1566 656
1567 656
1567 657
1568 657
1568 658
1569 658
1569 659
1570 659
1570 660
1571 660
1572 660
1573 660
1574 660
1574 661
1575 661
1576 661
1576 662
1577 662
1577 663
1577 664
1578 664
1579 664
1579 665
1580 665
1581 665
1582 665
1583 665
1583 666
1584 666
1585 666
1585 667
1585 668
1586 668
1586 669
1587 669
1588 669
1588 670
1589 670
1590 670
1590 671
1590 672
1591 672
1591 673
1591 674
1592 674
1593 674
1594 674
1594 675
1595 675
1596 675
1597 675
1598 675
1599 675
1600 675
1600 676
1600 677
1601 677
1601 678
1602 678
1602 679
1603 679
1604 679
1605 679
1606 679
1607 679
1608 679
1609 679
1609 680
1610 680
1611 680
1612 680
1612 681
1613 681
1613 682
1614 682
1614 683
1615 683
1616 683
1617 683
1618 683
1618 684
1619 684
1620 684
1621 684
1622 684
1623 684
1623 685
1624 685
1625 685
1625 686
1626 686
1626 687
1627 687
1628 687
1628 688
1629 688
1630 688
1631 688
1631 689
1632 689
1633 689
1634 689
1635 689
1636 689
1637 689
1638 689
1638 690
1639 690
1640 690
1641 690
1642 690
1643 690
1644 690
1644 691
1645 691
1646 691
1647 691
1648 691
1649 691
1649 692
1650 692
1651 692
1652 692
1652 693
1653 693
1654 693
1655 693
1656 693
1657 693
1658 693
1659 693
1660 693
1661 693
1662 693
1663 693
1664 693
1665 693
1666 693
1667 693
1668 693
1669 693
1670 693
1671 693
1672 693
1673 693
1674 693
1675 693
1676 693
1677 693
1678 693
1678 692
1679 692
1680 692
1681 692
1681 691
1682 691
1683 691
1684 691
1684 690
1685 690
1686 690
1687 690
1688 690
1688 689
1689 689
1690 689
1691 689
1692 689
1693 689
1693 688
1694 688
1695 688
1696 688
1697 688
1698 688
1699 688
1699 687
1700 687
1701 687
1702 687
1702 686
1703 686
1703 685
1704 685
1705 685
1706 685
1706 684
1707 684
1708 684
1709 684
1710 684
1711 684
1711 683
1712 683
1713 683
1714 683
1715 683
1715 682
1716 682
1717 682
1717 681
1718 681
1719 681
1719 680
1720 680
1721 680
1722 680
1722 679
1723 679
1724 679
1725 679
1726 679
1727 679
1727 678
1728 678
1729 678
1729 677
1730 677
1730 676
1731 676
1732 676
1732 675
1733 675
1734 675
1734 674
1735 674
1736 674
1737 674
1737 673
1738 673
1738 672
1739 672
1739 671
1740 671
1741 671
1741 670
1742 670
1743 670
1743 669
1744 669
1745 669
1746 669
1746 668
1747 668
1747 667
1748 667
1748 666
1749 666
1750 666
1750 665
1751 665
1752 665
1752 664
1753 664
1754 664
1754 663
1755 663
1755 662
1755 661
1756 661
1757 661
1757 660
1758 660
1758 659
1759 659
1759 658
1760 658
1760 657
1761 657
1761 656
1762 656
1763 656
1763 655
1764 655
1764 654
1765 654
1765 653
1765 652
1766 652
1767 652
1767 651
1768 651
1768 650
1769 650
1769 649
1769 648
1770 648
1770 647
1771 647
1771 646
1772 646
1772 645
1773 645
1773 644
1774 644
1774 643
1774 642
1775 642
1775 641
1775 640
1776 640
1776 639
1776 638
1777 638
1777 637
1778 637
1778 636
1779 636
1779 635
1779 634
1779 633
1779 632
1779 631
1779 630
1780 630
1780 629
1780 628
1780 627
1781 627
1781 626
1781 625
1782 625
1782 624
1782 623
1783 623
1783 622
1783 621
1783 620
1783 619
1783 618
1783 617
1783 616
1783 615
1783 614
1783 613
1783 612
1783 611
1783 610
1784 610
1784 609
1784 608
1784 607
1784 606
1784 605
1784 604
1784 603
1784 602
1784 601
1784 600
1784 599
1784 598
1784 597
1784 596
1784 595
1784 594
1784 593
1784 592
1784 591
1784 590
1783 590
1783 589
1783 588
1783 587
1783 586
1783 585
1783 584
1783 583
1783 582
1783 581
1783 580
1783 579
1783 578
1783 577
1783 576
1783 575
1783 574
1783 573
1783 572
1783 571
1783 570
1783 569
1782 569
1782 568
1782 567
1781 567
1781 566
1781 565
1780 565
1780 564
1780 563
1780 562
1779 562
1779 561
1779 560
1779 559
1779 558
1778 558
1778 557
1778 556
1777 556
1777 555
1776 555
1776 554
1776 553
1775 553
1775 552
1775 551
1774 551
1774 550
1774 549
1773 549
1773 548
1772 548
1772 547
1771 547
1771 546
1770 546
1770 545
1770 544
1769 544
1769 543
1768 543
1768 542
1767 542
1767 541
1766 541
1765 541
1765 540
1765 539
1764 539
1764 538
1763 538
1762 538
1762 537
1761 537
1761 536
1760 536
1760 535
1759 535
1759 534
1758 534
1758 533
1757 533
1756 533
1756 532
1755 532
1754 532
1754 531
1753 531
1752 531
1752 530
1751 530
1751 529
1750 529
1750 528
1749 528
1748 528
1747 528
1747 527
1746 527
1745 527
1744 527
1744 526
1743 526
1742 526
1742 525
1741 525
1740 525
1740 524
1739 524
1738 524
1737 524
1737 523
1736 523
1735 523
1734 523
1733 523
1732 523
1731 523
1730 523
1729 523
1728 523
1727 523
1726 523
1725 523
1724 523
1723 523
1722 523
1721 523
1720 523
1719 523
1718 523
1717 523
1716 523
1715 523
1714 523
1713 523
1712 523
-2 -2
