1329 658
1329 659
1328 659
1327 659
1326 659
1326 660
1325 660
1325 661
1324 661
1323 661
1323 662
1322 662
1321 662
1320 662
1320 663
1319 663
1318 663
1317 663
1316 663
1315 663
1314 663
1313 663
1312 663
1311 663
1311 664
1310 664
1309 664
1309 665
1308 665
1308 666
1307 666
1306 666
1306 667
1305 667
1305 668
1304 668
1303 668
1302 668
1301 668
1300 668
1299 668
1298 668
1297 668
1296 668
1295 668
1294 668
1294 669
1293 669
1293 670
1292 670
1292 671
1291 671
1291 672
1290 672
1289 672
1288 672
1287 672
1286 672
1286 673
1285 673
1284 673
1284 674
1283 674
1283 675
1282 675
1282 676
1281 676
1280 676
1280 677
1279 677
1278 677
1277 677
1276 677
1275 677
1274 677
1273 677
1273 678
1272 678
1272 679
1271 679
1270 679
1270 680
1269 680
1269 681
1268 681
1267 681
1267 682
1266 682
1265 682
1265 683
1264 683
1264 684
1264 685
1263 685
1263 686
1262 686
1262 687
1261 687
1261 688
1260 688
1260 689
1260 690
1259 690
1259 691
1259 692
1259 693
1258 693
1258 694
1257 694
1257 695
1256 695
1255 695
1254 695
1253 695
1252 695
1251 695
1251 694
1250 694
1250 693
1249 693
1248 693
1248 692
1247 692
1247 691
1246 691
1245 691
1245 690
1244 690
1243 690
1243 689
1242 689
1242 688
1241 688
1241 687
1240 687
1239 687
1238 687
1238 686
1237 686
1236 686
1235 686
1234 686
1233 686
1232 686
1231 686
1230 686
1229 686
1228 686
1227 686
1226 686
1225 686
1224 686
1223 686
1222 686
1222 687
1221 687
1220 687
1220 688
1219 688
1218 688
1218 689
1217 689
1217 690
1216 690
1215 690
1215 691
1214 691
1214 692
1213 692
1213 693
1212 693
1212 694
1211 694
1211 695
1210 695
1209 695
1209 696
1208 696
1208 697
1208 698
1207 698
1207 699
1206 699
1205 699
1205 700
1204 700
1204 701
1203 701
1203 702
1203 703
1202 703
1202 704
1201 704
1201 705
1200 705
1199 705
1199 706
1199 707
1198 707
1198 708
1198 709
1197 709
1196 709
1195 709
1194 709
1193 709
1192 709
1192 708
1191 708
1191 707
1190 707
1190 706
1189 706
1188 706
1188 705
1187 705
1186 705
1186 704
1185 704
1184 704
1184 703
1183 703
1182 703
1182 702
1181 702
1180 702
1180 701
1179 701
1178 701
1177 701
1177 700
1176 700
1175 700
1174 700
1173 700
1172 700
1171 700
1170 700
1169 700
1168 700
1167 700
1166 700
1165 700
1164 700
1163 700
1162 700
1161 700
1160 700
1159 700
1158 700
1157 700
1156 700
1155 700
1154 700
1153 700
1153 701
1152 701
1151 701
1151 702
1150 702
1149 702
1149 703
1148 703
1148 704
1147 704
1146 704
1146 705
1145 705
1144 705
1144 706
1143 706
1143 707
1142 707
1141 707
1141 708
1140 708
1140 709
1139 709
1139 710
1138 710
1138 711
1137 711
1137 712
1136 712
1136 713
1135 713
1135 714
1134 714
1134 715
1134 716
1133 716
1133 717
1133 718
1132 718
1132 719
1131 719
1131 720
1130 720
1130 721
1130 722
1129 722
1129 723
1129 724
1129 725
1128 725
1128 726
1128 727
1127 727
1127 728
1127 729
1127 730
1126 730
1126 731
1126 732
1125 732
1125 733
1125 734
1125 735
1124 735
1124 736
1124 737
1124 738
1124 739
1124 740
1124 741
1124 742
1124 743
1124 744
1124 745
1123 745
1123 746
1123 747
1123 748
1123 749
1123 750
1123 751
1122 751
1122 752
1122 753
1122 754
1121 754
1121 755
1121 756
1121 757
1120 757
1120 758
1120 759
1120 760
1120 761
1120 762
1119 762
1119 763
1119 764
1119 765
1119 766
1119 767
1119 768
1118 768
1118 769
1118 770
1117 770
1117 771
1117 772
1116 772
1116 773
1116 774
1116 775
1115 775
1115 776
1115 777
1115 778
1115 779
1115 780
1115 781
1115 782
1115 783
1114 783
1114 784
1114 785
1114 786
1114 787
1113 787
1113 788
1113 789
1113 790
1113 791
1112 791
1112 792
1112 793
1112 794
1112 795
1112 796
1111 796
1111 797
1111 798
1111 799
1111 800
1111 801
1111 802
1111 803
1111 804
1111 805
1111 806
1111 807
1111 808
1111 809
1111 810
1112 810
1112 811
1112 812
1112 813
1112 814
1112 815
1112 816
1112 817
1112 818
1112 819
1112 820
1112 821
1112 822
1112 823
1112 824
1112 825
1112 826
1112 827
1112 828
1112 829
1112 830
1112 831
1112 832
1112 833
1112 834
1112 835
1112 836
1112 837
1112 838
1112 839
1111 839
1111 840
1111 841
1111 842
1111 843
1111 844
1111 845
1110 845
1110 846
1110 847
1110 848
1110 849
1110 850
1110 851
1110 852
1110 853
1110 854
1110 855
1110 856
1110 857
1110 858
1110 859
1110 860
1110 861
1110 862
1110 863
1110 864
1110 865
1110 866
1110 867
1109 867
1109 868
1109 869
1109 870
1109 871
1108 871
1107 871
1107 872
1107 873
1106 873
1106 874
1106 875
1106 876
1106 877
1106 878
1106 879
1106 880
1106 881
1106 882
1106 883
1106 884
1106 885
1106 886
1106 887
1106 888
1106 889
1106 890
1106 891
1106 892
1106 893
1107 893
1108 893
1109 893
1110 893
1111 893
1112 893
1113 893
1114 893
1115 893
1116 893
1117 893
1118 893
1119 893
1120 893
1121 893
1122 893
1123 893
1124 893
1125 893
1126 893
1127 893
1127 892
1127 891
1128 891
1128 890
1129 890
1130 890
1131 890
1131 889
1132 889
1133 889
1134 889
1135 889
1136 889
1137 889
1138 889
1139 889
1140 889
1141 889
1142 889
1143 889
1144 889
1145 889
1146 889
1147 889
1148 889
1149 889
1150 889
1151 889
1152 889
1153 889
1154 889
1155 889
1156 889
1157 889
1157 888
1158 888
1159 888
1160 888
1160 887
1161 887
1162 887
1163 887
1164 887
1165 887
1166 887
1167 887
1168 887
1169 887
1170 887
1171 887
1172 887
1173 887
1174 887
1175 887
1176 887
1177 887
1178 887
1179 887
1180 887
1181 887
1182 887
1183 887
1184 887
1185 887
1186 887
1187 887
1188 887
1189 887
1189 888
1190 888
1191 888
1192 888
1193 888
1194 888
1195 888
1196 888
1197 888
1198 888
1199 888
1200 888
1201 888
1202 888
1202 887
1203 887
1204 887
1205 887
1206 887
1207 887
1207 886
1208 886
1209 886
1210 886
1211 886
1212 886
1213 886
1213 885
1214 885
1215 885
1216 885
1217 885
1217 884
1218 884
1219 884
1220 884
1221 884
1222 884
1223 884
1224 884
1225 884
1225 883
1226 883
1227 883
1227 882
1228 882
1229 882
1229 881
1230 881
1231 881
1232 881
1232 880
1233 880
1234 880
1235 880
1236 880
1236 879
1237 879
1238 879
1239 879
1240 879
1241 879
1242 879
1243 879
1243 878
1244 878
1245 878
1245 877
1246 877
1247 877
1248 877
1248 876
1249 876
1250 876
1251 876
1252 876
1253 876
1254 876
1254 875
1255 875
1256 875
1257 875
1258 875
1259 875
1260 875
1261 875
1262 875
1263 875
1264 875
1265 875
1265 874
1266 874
1267 874
1267 873
1268 873
1269 873
1270 873
1270 872
1271 872
1272 872
1272 871
1273 871
1274 871
1275 871
1275 870
1276 870
1277 870
1278 870
1278 869
1279 869
1279 868
1280 868
1280 867
1281 867
1281 866
1282 866
1283 866
1283 865
1284 865
1285 865
1285 864
1286 864
1287 864
1287 863
1287 862
1288 862
1289 862
1289 861
1289 860
1290 860
1290 859
1291 859
1291 858
1292 858
1292 857
1293 857
1293 856
1293 855
1294 855
1294 854
1294 853
1295 853
1295 852
1295 851
1296 851
1296 850
1297 850
1297 849
1298 849
1298 848
1298 847
1299 847
1299 846
1299 845
1299 844
1299 843
1299 842
1299 841
1299 840
1299 839
1299 838
1299 837
1299 836
1299 835
1299 834
1299 833
1299 832
1299 831
1299 830
1299 829
1299 828
1299 827
1299 826
1299 825
1299 824
1299 823
1299 822
1298 822
1298 821
1298 820
1298 819
1297 819
1297 818
1296 818
1296 817
1296 816
1295 816
1295 815
1295 814
1295 813
1294 813
1294 812
1294 811
1293 811
1293 810
1293 809
1292 809
1292 808
1291 808
1291 807
1290 807
1290 806
1290 805
1290 804
1290 803
1290 802
1291 802
1291 801
1292 801
1292 800
1293 800
1294 800
1294 799
1294 798
1295 798
1295 797
1296 797
1296 796
1297 796
1298 796
1298 795
1299 795
1299 794
1300 794
1300 793
1300 792
1301 792
1301 791
1302 791
1303 791
1303 790
1303 789
1304 789
1304 788
1305 788
1305 787
1306 787
1306 786
1307 786
1307 785
1308 785
1308 784
1308 783
1309 783
1309 782
1310 782
1310 781
1311 781
1311 780
1312 780
1312 779
1312 778
1313 778
1313 777
1313 776
1313 775
1313 774
1313 773
1313 772
1313 771
1313 770
1313 769
1313 768
1313 767
1313 766
1313 765
1313 764
1313 763
1313 762
1313 761
1312 761
1312 760
1312 759
1311 759
1311 758
1311 757
1310 757
1310 756
1309 756
1309 755
1309 754
1308 754
1308 753
1308 752
1307 752
1307 751
1306 751
1306 750
1305 750
1305 749
1305 748
1304 748
1304 747
1304 746
1304 745
1304 744
1304 743
1304 742
1305 742
1305 741
1306 741
1307 741
1307 740
1308 740
1309 740
1309 739
1310 739
1311 739
1311 738
1312 738
1312 737
1313 737
1313 736
1314 736
1314 735
1315 735
1316 735
1316 734
1317 734
1317 733
1317 732
1317 731
1318 731
1318 730
1319 730
1319 729
1320 729
1320 728
1321 728
1321 727
1321 726
1322 726
1322 725
1322 724
1322 723
1322 722
1322 721
1322 720
1322 719
1323 719
1323 718
1323 717
1324 717
1324 716
1325 716
1325 715
1326 715
1326 714
1326 713
1327 713
1327 712
1327 711
1327 710
1327 709
1327 708
1327 707
1328 707
1329 707
1329 706
1330 706
1331 706
1331 705
1331 704
1331 703
1331 702
1331 701
1331 700
1331 699
1331 698
1331 697
1331 696
1331 695
1331 694
1332 694
1332 693
1333 693
1333 692
1334 692
1334 691
1335 691
1335 690
1335 689
1336 689
1336 688
1336 687
1336 686
1336 685
1336 684
1336 683
1336 682
1336 681
1336 680
1336 679
1337 679
1337 678
1337 677
1337 676
1338 676
1338 675
1338 674
1339 674
1339 673
1340 673
1340 672
1340 671
1341 671
1341 670
1341 669
1341 668
1341 667
1341 666
1341 665
1341 664
1341 663
1341 662
1341 661
1341 660
1340 660
1340 659
1339 659
1339 658
1338 658
1337 658
1336 658
1335 658
1334 658
1333 658
1332 658
1331 658
1330 658
1329 658
-2 -2
