1755 892
1755 893
1754 893
1753 893
1753 894
1752 894
1751 894
1751 895
1750 895
1749 895
1748 895
1748 896
1747 896
1746 896
1745 896
1745 897
1744 897
1743 897
1743 898
1742 898
1742 899
1741 899
1740 899
1740 900
1739 900
1738 900
1738 901
1737 901
1736 901
1736 902
1735 902
1735 903
1734 903
1734 904
1733 904
1733 905
1732 905
1732 906
1731 906
1730 906
1730 907
1730 908
1729 908
1729 909
1728 909
1727 909
1727 910
1726 910
1726 911
1725 911
1725 912
1725 913
1724 913
1723 913
1723 914
1722 914
1722 915
1721 915
1721 916
1720 916
1720 917
1719 917
1719 918
1719 919
1718 919
1717 919
1717 920
1716 920
1716 921
1716 922
1715 922
1715 923
1714 923
1714 924
1713 924
1713 925
1712 925
1712 926
1711 926
1711 927
1711 928
1710 928
1710 929
1709 929
1709 930
1709 931
1708 931
1708 932
1708 933
1707 933
1707 934
1707 935
1707 936
1706 936
1706 937
1706 938
1705 938
1705 939
1705 940
1704 940
1704 941
1704 942
1703 942
1703 943
1703 944
1703 945
1702 945
1702 946
1702 947
1702 948
1702 949
1701 949
1701 950
1701 951
1701 952
1701 953
1701 954
1700 954
1700 955
1700 956
1699 956
1699 957
1699 958
1699 959
1699 960
1698 960
1698 961
1698 962
1698 963
1698 964
1698 965
1698 966
1697 966
1697 967
1697 968
1697 969
1697 970
1697 971
1697 972
1697 973
1697 974
1696 974
1696 975
1696 976
1696 977
1695 977
1695 978
1695 979
1695 980
1694 980
1694 981
1694 982
1694 983
1693 983
1693 984
1692 984
1692 985
1691 985
1691 984
1690 984
1690 983
1689 983
1689 982
1689 981
1688 981
1688 980
1687 980
1687 979
1686 979
1686 978
1685 978
1685 977
1685 976
1684 976
1684 975
1683 975
1682 975
1682 974
1681 974
1681 973
1681 972
1680 972
1680 971
1679 971
1678 971
1678 970
1677 970
1677 969
1676 969
1676 968
1675 968
1675 967
1674 967
1674 966
1673 966
1672 966
1672 965
1671 965
1671 964
1670 964
1670 963
1669 963
1669 962
1668 962
1668 961
1667 961
1666 961
1666 960
1665 960
1665 959
1664 959
1663 959
1663 958
1662 958
1662 957
1661 957
1660 957
1659 957
1659 956
1658 956
1657 956
1656 956
1655 956
1654 956
1653 956
1652 956
1651 956
1650 956
1649 956
1648 956
1647 956
1647 957
1646 957
1645 957
1644 957
1643 957
1643 958
1642 958
1642 959
1641 959
1641 960
1640 960
1640 961
1639 961
1638 961
1638 962
1637 962
1637 963
1637 964
1636 964
1636 965
1635 965
1635 966
1634 966
1634 967
1633 967
1633 968
1633 969
1632 969
1632 970
1632 971
1632 972
1631 972
1631 973
1631 974
1631 975
1631 976
1630 976
1630 977
1630 978
1629 978
1629 979
1629 980
1629 981
1629 982
1629 983
1629 984
1630 984
1630 985
1630 986
1630 987
1630 988
1631 988
1631 989
1631 990
1632 990
1632 991
1632 992
1632 993
1633 993
1633 994
1633 995
1634 995
1635 995
1635 996
1636 996
1636 997
1637 997
1637 998
1637 999
1637 1000
1637 1001
1637 1002
1636 1002
1636 1003
1635 1003
1635 1004
1634 1004
1633 1004
1633 1005
1633 1006
1632 1006
1632 1007
1632 1008
1632 1009
1631 1009
1631 1010
1631 1011
1631 1012
1630 1012
1630 1013
1630 1014
1629 1014
1629 1015
1629 1016
1629 1017
1629 1018
1629 1019
1629 1020
1629 1021
1630 1021
1630 1022
1630 1023
1630 1024
1631 1024
1631 1025
1631 1026
1631 1027
1632 1027
1632 1028
1632 1029
1632 1030
1633 1030
1633 1031
1633 1032
1634 1032
1634 1033
1635 1033
1635 1034
1636 1034
1636 1035
1637 1035
1637 1036
1637 1037
1638 1037
1639 1037
1639 1038
1640 1038
1640 1039
1641 1039
1642 1039
1642 1040
1642 1041
1643 1041
1643 1042
1644 1042
1645 1042
1646 1042
1646 1043
1647 1043
1648 1043
1649 1043
1650 1043
1651 1043
1652 1043
1653 1043
1654 1043
1655 1043
1656 1043
1657 1043
1658 1043
1658 1042
1659 1042
1660 1042
1661 1042
1662 1042
1662 1041
1663 1041
1663 1040
1664 1040
1665 1040
1665 1039
1666 1039
1666 1038
1667 1038
1668 1038
1668 1037
1669 1037
1669 1036
1670 1036
1671 1036
1671 1035
1671 1034
1672 1034
1672 1033
1673 1033
1674 1033
1674 1032
1675 1032
1675 1031
1676 1031
1676 1030
1677 1030
1677 1029
1678 1029
1678 1028
1679 1028
1680 1028
1680 1027
1681 1027
1681 1026
1682 1026
1682 1025
1682 1024
1683 1024
1684 1024
1684 1023
1685 1023
1685 1022
1685 1021
1686 1021
1686 1020
1687 1020
1687 1019
1688 1019
1688 1018
1689 1018
1689 1017
1690 1017
1690 1016
1690 1015
1691 1015
1691 1014
1692 1014
1693 1014
1693 1015
1694 1015
1694 1016
1694 1017
1694 1018
1694 1019
1694 1020
1695 1020
1695 1021
1695 1022
1696 1022
1696 1023
1696 1024
1696 1025
1697 1025
1697 1026
1697 1027
1697 1028
1697 1029
1697 1030
1697 1031
1698 1031
1698 1032
1698 1033
1698 1034
1698 1035
1698 1036
1698 1037
1698 1038
1698 1039
1698 1040
1699 1040
1699 1041
1699 1042
1700 1042
1700 1043
1700 1044
1700 1045
1701 1045
1701 1046
1701 1047
1701 1048
1702 1048
1702 1049
1702 1050
1702 1051
1702 1052
1702 1053
1702 1054
1702 1055
1703 1055
1703 1056
1703 1057
1704 1057
1704 1058
1704 1059
1705 1059
1705 1060
1705 1061
1706 1061
1706 1062
1706 1063
1707 1063
1707 1064
1707 1065
1707 1066
1708 1066
1708 1067
1708 1068
1708 1069
1709 1069
1710 1069
1710 1070
1710 1071
1711 1071
1711 1072
1712 1072
1712 1073
1712 1074
1713 1074
1713 1075
1714 1075
1714 1076
1715 1076
1715 1077
1716 1077
1716 1078
1716 1079
1717 1079
1717 1080
1718 1080
1719 1080
1719 1081
1720 1081
1720 1082
1720 1083
1721 1083
1721 1084
1722 1084
1722 1085
1723 1085
1724 1085
1724 1086
1725 1086
1725 1087
1725 1088
1726 1088
1726 1089
1727 1089
1728 1089
1728 1090
1729 1090
1729 1091
1730 1091
1730 1092
1730 1093
1731 1093
1732 1093
1732 1094
1733 1094
1733 1095
1734 1095
1735 1095
1735 1096
1735 1097
1736 1097
1737 1097
1737 1098
1738 1098
1739 1098
1739 1099
1740 1099
1740 1100
1741 1100
1742 1100
1742 1101
1743 1101
1743 1102
1744 1102
1744 1103
1745 1103
1746 1103
1747 1103
1748 1103
1749 1103
1749 1104
1750 1104
1751 1104
1751 1105
1752 1105
1753 1105
1753 1106
1754 1106
1755 1106
1755 1107
1756 1107
1757 1107
1758 1107
1759 1107
1760 1107
1761 1107
1762 1107
1763 1107
1764 1107
1765 1107
1766 1107
1767 1107
1768 1107
1769 1107
1770 1107
1771 1107
1772 1107
1773 1107
1773 1106
1774 1106
1775 1106
1775 1105
1776 1105
1777 1105
1778 1105
1778 1104
1779 1104
1780 1104
1781 1104
1781 1103
1782 1103
1783 1103
1784 1103
1785 1103
1785 1102
1786 1102
1787 1102
1787 1101
1788 1101
1788 1100
1789 1100
1789 1099
1790 1099
1791 1099
1791 1098
1792 1098
1793 1098
1793 1097
1794 1097
1794 1096
1795 1096
1795 1095
1796 1095
1797 1095
1797 1094
1798 1094
1799 1094
1799 1093
1800 1093
1801 1093
1801 1092
1802 1092
1802 1091
1803 1091
1803 1090
1804 1090
1804 1089
1805 1089
1806 1089
1806 1088
1807 1088
1807 1087
1807 1086
1808 1086
1808 1085
1809 1085
1810 1085
1810 1084
1811 1084
1811 1083
1811 1082
1812 1082
1812 1081
1812 1080
1813 1080
1814 1080
1814 1079
1815 1079
1815 1078
1816 1078
1816 1077
1816 1076
1816 1075
1817 1075
1817 1074
1817 1073
1817 1072
1818 1072
1818 1071
1819 1071
1819 1070
1820 1070
1820 1069
1820 1068
1820 1067
1821 1067
1821 1066
1821 1065
1821 1064
1821 1063
1821 1062
1821 1061
1821 1060
1821 1059
1821 1058
1821 1057
1821 1056
1821 1055
1821 1054
1821 1053
1821 1052
1821 1051
1821 1050
1821 1049
1821 1048
1821 1047
1821 1046
1821 1045
1820 1045
1820 1044
1820 1043
1820 1042
1819 1042
1819 1041
1818 1041
1818 1040
1818 1039
1817 1039
1817 1038
1817 1037
1816 1037
1816 1036
1816 1035
1815 1035
1815 1034
1814 1034
1814 1033
1813 1033
1813 1032
1812 1032
1812 1031
1811 1031
1811 1030
1810 1030
1810 1029
1809 1029
1809 1028
1808 1028
1807 1028
1807 1027
1806 1027
1805 1027
1805 1026
1804 1026
1803 1026
1802 1026
1802 1025
1801 1025
1800 1025
1800 1024
1799 1024
1798 1024
1797 1024
1796 1024
1796 1023
1795 1023
1794 1023
1793 1023
1792 1023
1791 1023
1790 1023
1789 1023
1788 1023
1787 1023
1787 1024
1786 1024
1785 1024
1784 1024
1783 1024
1783 1025
1782 1025
1781 1025
1780 1025
1779 1025
1779 1026
1778 1026
1777 1026
1776 1026
1775 1026
1775 1027
1774 1027
1773 1027
1772 1027
1772 1028
1771 1028
1771 1029
1770 1029
1770 1030
1769 1030
1769 1031
1768 1031
1767 1031
1767 1032
1766 1032
1766 1033
1765 1033
1765 1034
1765 1035
1764 1035
1764 1036
1763 1036
1763 1037
1763 1038
1763 1039
1762 1039
1762 1040
1762 1041
1762 1042
1762 1043
1761 1043
1761 1044
1761 1045
1761 1046
1760 1046
1760 1047
1760 1048
1760 1049
1760 1050
1759 1050
1759 1051
1759 1052
1759 1053
1759 1054
1759 1055
1760 1055
1760 1056
1760 1057
1760 1058
1761 1058
1761 1059
1761 1060
1762 1060
1762 1061
1762 1062
1763 1062
1763 1063
1763 1064
1764 1064
1764 1065
1765 1065
1765 1066
1766 1066
1767 1066
1767 1067
1768 1067
1768 1068
1768 1069
1769 1069
1769 1070
1770 1070
1771 1070
1772 1070
1772 1071
1773 1071
1774 1071
1775 1071
1776 1071
1777 1071
1778 1071
1779 1071
1780 1071
1781 1071
1782 1071
1783 1071
1784 1071
1785 1071
1785 1072
1784 1072
1784 1073
1783 1073
1782 1073
1782 1074
1782 1075
1781 1075
1781 1076
1781 1077
1780 1077
1779 1077
1779 1078
1778 1078
1777 1078
1776 1078
1776 1079
1775 1079
1774 1079
1774 1080
1773 1080
1773 1081
1772 1081
1771 1081
1770 1081
1769 1081
1768 1081
1767 1081
1766 1081
1765 1081
1764 1081
1763 1081
1762 1081
1761 1081
1761 1080
1760 1080
1759 1080
1759 1079
1758 1079
1757 1079
1757 1078
1756 1078
1755 1078
1754 1078
1753 1078
1753 1077
1752 1077
1751 1077
1751 1076
1750 1076
1750 1075
1749 1075
1748 1075
1748 1074
1747 1074
1747 1073
1746 1073
1745 1073
1745 1072
1744 1072
1743 1072
1743 1071
1742 1071
1742 1070
1741 1070
1741 1069
1740 1069
1740 1068
1739 1068
1738 1068
1738 1067
1737 1067
1737 1066
1738 1066
1738 1065
1738 1064
1738 1063
1739 1063
1739 1062
1740 1062
1740 1061
1741 1061
1741 1060
1741 1059
1742 1059
1742 1058
1743 1058
1743 1057
1744 1057
1744 1056
1745 1056
1745 1055
1746 1055
1746 1054
1746 1053
1747 1053
1747 1052
1748 1052
1748 1051
1749 1051
1749 1050
1750 1050
1750 1049
1751 1049
1751 1048
1751 1047
1752 1047
1752 1046
1753 1046
1753 1045
1753 1044
1754 1044
1754 1043
1755 1043
1755 1042
1755 1041
1755 1040
1756 1040
1756 1039
1756 1038
1756 1037
1756 1036
1757 1036
1757 1035
1757 1034
1757 1033
1757 1032
1757 1031
1757 1030
1757 1029
1757 1028
1757 1027
1757 1026
1757 1025
1757 1024
1756 1024
1756 1023
1756 1022
1756 1021
1756 1020
1756 1019
1755 1019
1755 1018
1755 1017
1755 1016
1755 1015
1754 1015
1754 1014
1753 1014
1753 1013
1752 1013
1752 1012
1751 1012
1751 1011
1750 1011
1750 1010
1750 1009
1749 1009
1748 1009
1748 1008
1747 1008
1747 1007
1746 1007
1746 1006
1745 1006
1745 1005
1745 1004
1744 1004
1743 1004
1743 1003
1742 1003
1741 1003
1741 1002
1741 1001
1741 1000
1741 999
1741 998
1741 997
1742 997
1742 996
1743 996
1744 996
1744 995
1745 995
1745 994
1746 994
1746 993
1746 992
1747 992
1747 991
1748 991
1749 991
1749 990
1750 990
1750 989
1751 989
1751 988
1751 987
1752 987
1752 986
1753 986
1753 985
1754 985
1754 984
1755 984
1755 983
1755 982
1755 981
1756 981
1756 980
1756 979
1756 978
1756 977
1756 976
1756 975
1757 975
1757 974
1757 973
1757 972
1757 971
1757 970
1757 969
1757 968
1757 967
1757 966
1757 965
1757 964
1756 964
1756 963
1756 962
1756 961
1756 960
1756 959
1755 959
1755 958
1755 957
1755 956
1754 956
1754 955
1753 955
1753 954
1753 953
1752 953
1752 952
1751 952
1751 951
1750 951
1750 950
1750 949
1749 949
1749 948
1748 948
1748 947
1747 947
1747 946
1746 946
1746 945
1745 945
1745 944
1744 944
1744 943
1744 942
1743 942
1742 942
1742 941
1742 940
1741 940
1741 939
1741 938
1740 938
1740 937
1739 937
1739 936
1738 936
1738 935
1738 934
1737 934
1737 933
1737 932
1738 932
1738 931
1739 931
1740 931
1740 930
1741 930
1741 929
1742 929
1742 928
1743 928
1743 927
1744 927
1745 927
1745 926
1746 926
1747 926
1747 925
1748 925
1749 925
1749 924
1750 924
1750 923
1751 923
1751 922
1752 922
1752 921
1753 921
1754 921
1755 921
1756 921
1757 921
1758 921
1758 920
1759 920
1759 919
1760 919
1761 919
1762 919
1762 918
1763 918
1764 918
1765 918
1766 918
1767 918
1768 918
1769 918
1770 918
1771 918
1772 918
1773 918
1773 919
1774 919
1774 920
1775 920
1776 920
1776 921
1777 921
1778 921
1779 921
1779 922
1780 922
1781 922
1781 923
1781 924
1782 924
1782 925
1782 926
1783 926
1784 926
1784 927
1785 927
1785 928
1784 928
1783 928
1782 928
1781 928
1780 928
1779 928
1778 928
1777 928
1776 928
1775 928
1774 928
1773 928
1772 928
1771 928
1771 929
1770 929
1769 929
1769 930
1768 930
1768 931
1767 931
1767 932
1766 932
1766 933
1765 933
1765 934
1764 934
1764 935
1763 935
1763 936
1763 937
1762 937
1762 938
1762 939
1761 939
1761 940
1761 941
1760 941
1760 942
1760 943
1760 944
1760 945
1759 945
1759 946
1759 947
1759 948
1759 949
1760 949
1760 950
1760 951
1760 952
1760 953
1761 953
1761 954
1761 955
1761 956
1762 956
1762 957
1762 958
1762 959
1762 960
1763 960
1763 961
1763 962
1763 963
1764 963
1764 964
1764 965
1765 965
1765 966
1766 966
1766 967
1767 967
1767 968
1768 968
1769 968
1769 969
1770 969
1770 970
1771 970
1771 971
1772 971
1773 971
1773 972
1774 972
1775 972
1775 973
1776 973
1777 973
1778 973
1779 973
1779 974
1780 974
1781 974
1782 974
1782 975
1783 975
1784 975
1785 975
1786 975
1786 976
1787 976
1788 976
1789 976
1789 977
1790 977
1791 977
1792 977
1792 976
1793 976
1794 976
1795 976
1796 976
1796 975
1797 975
1798 975
1799 975
1799 974
1800 974
1801 974
1802 974
1802 973
1803 973
1804 973
1805 973
1805 972
1806 972
1807 972
1808 972
1808 971
1809 971
1809 970
1810 970
1810 969
1811 969
1811 968
1812 968
1812 967
1813 967
1813 966
1814 966
1814 965
1815 965
1815 964
1816 964
1816 963
1816 962
1817 962
1817 961
1817 960
1818 960
1818 959
1818 958
1819 958
1819 957
1820 957
1820 956
1820 955
1821 955
1821 954
1821 953
1821 952
1821 951
1821 950
1821 949
1821 948
1821 947
1821 946
1821 945
1821 944
1821 943
1821 942
1821 941
1821 940
1821 939
1821 938
1821 937
1821 936
1821 935
1821 934
1821 933
1821 932
1820 932
1820 931
1820 930
1819 930
1819 929
1818 929
1818 928
1818 927
1817 927
1817 926
1817 925
1817 924
1816 924
1816 923
1816 922
1815 922
1815 921
1814 921
1814 920
1813 920
1813 919
1812 919
1812 918
1812 917
1811 917
1811 916
1811 915
1810 915
1809 915
1809 914
1808 914
1808 913
1807 913
1807 912
1807 911
1806 911
1805 911
1805 910
1804 910
1804 909
1803 909
1803 908
1802 908
1802 907
1801 907
1801 906
1800 906
1799 906
1799 905
1798 905
1797 905
1797 904
1796 904
1796 903
1795 903
1794 903
1794 902
1793 902
1793 901
1792 901
1791 901
1791 900
1790 900
1789 900
1789 899
1788 899
1788 898
1787 898
1786 898
1786 897
1785 897
1785 896
1784 896
1783 896
1782 896
1781 896
1781 895
1780 895
1779 895
1778 895
1778 894
1777 894
1776 894
1775 894
1775 893
1774 893
1773 893
1773 892
1772 892
1771 892
1770 892
1769 892
1768 892
1767 892
1766 892
1765 892
1764 892
1763 892
1762 892
1761 892
1760 892
1759 892
1758 892
1757 892
1756 892
1755 892
-2 -2
