561 1115
561 1116
560 1116
559 1116
558 1116
558 1117
557 1117
556 1117
556 1118
555 1118
554 1118
554 1119
553 1119
552 1119
551 1119
551 1120
550 1120
549 1120
549 1121
548 1121
547 1121
547 1122
547 1123
546 1123
545 1123
545 1124
544 1124
544 1125
543 1125
543 1126
542 1126
542 1127
542 1128
541 1128
541 1129
540 1129
540 1130
539 1130
539 1131
539 1132
538 1132
538 1133
537 1133
537 1134
537 1135
537 1136
536 1136
536 1137
536 1138
535 1138
535 1139
535 1140
534 1140
534 1141
533 1141
533 1142
533 1143
533 1144
532 1144
532 1145
532 1146
532 1147
532 1148
532 1149
532 1150
531 1150
531 1151
531 1152
531 1153
531 1154
531 1155
530 1155
530 1156
530 1157
530 1158
530 1159
530 1160
529 1160
529 1161
529 1162
529 1163
529 1164
529 1165
529 1166
529 1167
529 1168
529 1169
529 1170
530 1170
530 1171
530 1172
530 1173
530 1174
530 1175
530 1176
531 1176
531 1177
531 1178
531 1179
531 1180
531 1181
532 1181
532 1182
532 1183
532 1184
532 1185
532 1186
532 1187
533 1187
533 1188
533 1189
533 1190
534 1190
534 1191
534 1192
535 1192
535 1193
536 1193
536 1194
536 1195
537 1195
537 1196
537 1197
537 1198
538 1198
538 1199
538 1200
539 1200
539 1201
540 1201
540 1202
541 1202
541 1203
541 1204
542 1204
542 1205
542 1206
543 1206
543 1207
544 1207
544 1208
545 1208
545 1209
545 1210
546 1210
546 1211
547 1211
547 1212
548 1212
548 1213
549 1213
549 1214
550 1214
550 1215
551 1215
551 1216
552 1216
552 1217
553 1217
553 1218
554 1218
554 1219
555 1219
555 1220
556 1220
557 1220
557 1221
558 1221
558 1222
559 1222
559 1223
560 1223
561 1223
561 1224
562 1224
563 1224
563 1225
564 1225
565 1225
565 1226
566 1226
566 1227
567 1227
567 1228
568 1228
569 1228
569 1229
570 1229
571 1229
572 1229
573 1229
574 1229
574 1230
575 1230
576 1230
577 1230
577 1231
578 1231
579 1231
579 1232
580 1232
580 1233
581 1233
582 1233
583 1233
584 1233
585 1233
586 1233
587 1233
588 1233
589 1233
590 1233
591 1233
592 1233
593 1233
594 1233
595 1233
596 1233
597 1233
597 1232
598 1232
598 1231
599 1231
600 1231
600 1230
601 1230
602 1230
603 1230
603 1229
604 1229
605 1229
606 1229
606 1228
607 1228
608 1228
608 1227
608 1226
609 1226
610 1226
610 1225
611 1225
611 1224
612 1224
612 1223
613 1223
613 1222
614 1222
614 1221
614 1220
615 1220
616 1220
616 1219
617 1219
617 1218
618 1218
618 1217
618 1216
619 1216
619 1215
619 1214
620 1214
620 1213
620 1212
621 1212
621 1211
622 1211
622 1210
623 1210
623 1209
623 1208
623 1207
623 1206
624 1206
624 1205
625 1205
625 1204
626 1204
626 1203
627 1203
627 1202
627 1201
627 1200
628 1200
628 1199
628 1198
629 1198
629 1197
630 1197
630 1196
631 1196
631 1195
632 1195
632 1194
632 1193
633 1193
633 1192
633 1191
633 1190
634 1190
634 1189
635 1189
635 1188
636 1188
636 1187
636 1186
637 1186
637 1185
637 1184
637 1183
638 1183
638 1182
638 1181
639 1181
639 1180
640 1180
640 1179
641 1179
641 1178
641 1177
642 1177
642 1176
642 1175
642 1174
643 1174
643 1173
643 1172
644 1172
645 1172
645 1171
645 1170
646 1170
646 1169
646 1168
647 1168
647 1167
647 1166
648 1166
648 1165
648 1164
649 1164
650 1164
650 1163
650 1162
651 1162
651 1161
651 1160
652 1160
652 1159
653 1159
653 1158
654 1158
654 1157
655 1157
655 1156
655 1155
655 1154
656 1154
656 1153
656 1152
656 1151
656 1150
657 1150
657 1149
657 1148
657 1147
657 1146
657 1145
657 1144
657 1143
657 1142
657 1141
656 1141
656 1140
656 1139
655 1139
655 1138
654 1138
654 1137
653 1137
653 1136
652 1136
652 1135
651 1135
651 1134
650 1134
649 1134
648 1134
647 1134
646 1134
646 1133
645 1133
644 1133
643 1133
642 1133
641 1133
640 1133
639 1133
638 1133
638 1132
637 1132
636 1132
636 1131
635 1131
634 1131
634 1130
633 1130
632 1130
631 1130
630 1130
630 1129
629 1129
628 1129
627 1129
626 1129
625 1129
624 1129
623 1129
623 1128
622 1128
621 1128
620 1128
620 1127
619 1127
618 1127
617 1127
617 1126
616 1126
615 1126
615 1125
614 1125
613 1125
612 1125
612 1124
611 1124
610 1124
609 1124
608 1124
607 1124
606 1124
605 1124
604 1124
604 1123
603 1123
602 1123
601 1123
601 1122
600 1122
599 1122
598 1122
598 1121
597 1121
596 1121
596 1120
595 1120
594 1120
593 1120
592 1120
591 1120
590 1120
589 1120
589 1119
588 1119
587 1119
586 1119
585 1119
584 1119
584 1118
583 1118
582 1118
582 1117
581 1117
580 1117
580 1116
579 1116
578 1116
577 1116
577 1115
576 1115
575 1115
574 1115
573 1115
572 1115
571 1115
570 1115
569 1115
568 1115
567 1115
566 1115
565 1115
564 1115
563 1115
562 1115
561 1115
-2 -2
