581 766
581 767
580 767
579 767
579 768
578 768
577 768
577 769
576 769
575 769
574 769
573 769
573 770
572 770
571 770
570 770
569 770
569 771
568 771
567 771
567 772
566 772
566 773
565 773
565 774
564 774
563 774
563 775
562 775
561 775
560 775
560 776
559 776
559 777
558 777
558 778
557 778
557 779
556 779
555 779
555 780
554 780
554 781
553 781
553 782
552 782
552 783
551 783
551 784
550 784
550 785
549 785
549 786
548 786
548 787
547 787
547 788
546 788
546 789
545 789
545 790
545 791
544 791
544 792
543 792
543 793
542 793
542 794
542 795
541 795
541 796
541 797
540 797
540 798
539 798
539 799
538 799
538 800
538 801
537 801
537 802
537 803
537 804
536 804
536 805
536 806
535 806
535 807
535 808
534 808
534 809
533 809
533 810
533 811
533 812
533 813
532 813
532 814
532 815
532 816
532 817
532 818
531 818
531 819
531 820
531 821
531 822
531 823
530 823
530 824
530 825
530 826
530 827
530 828
530 829
529 829
529 830
529 831
529 832
529 833
529 834
529 835
529 836
529 837
529 838
529 839
530 839
530 840
530 841
530 842
530 843
530 844
531 844
531 845
531 846
531 847
531 848
532 848
532 849
532 850
532 851
532 852
532 853
532 854
532 855
533 855
533 856
533 857
533 858
534 858
534 859
534 860
535 860
535 861
536 861
536 862
537 862
537 863
537 864
537 865
538 865
538 866
538 867
538 868
539 868
539 869
540 869
540 870
541 870
541 871
542 871
542 872
542 873
543 873
543 874
544 874
544 875
545 875
546 875
546 876
547 876
547 877
547 878
548 878
549 878
549 879
550 879
551 879
552 879
552 880
553 880
554 880
555 880
555 881
556 881
556 882
557 882
558 882
558 883
559 883
560 883
561 883
561 884
562 884
563 884
564 884
565 884
566 884
567 884
568 884
569 884
570 884
571 884
572 884
573 884
574 884
575 884
576 884
577 884
578 884
578 883
579 883
580 883
580 882
581 882
581 881
582 881
583 881
584 881
584 880
585 880
586 880
587 880
588 880
588 879
589 879
590 879
591 879
592 879
593 879
594 879
595 879
596 879
596 878
597 878
598 878
598 877
599 877
600 877
601 877
601 876
602 876
603 876
604 876
605 876
605 875
606 875
607 875
608 875
609 875
610 875
611 875
612 875
612 874
613 874
614 874
615 874
615 873
616 873
617 873
617 872
618 872
619 872
620 872
620 871
621 871
622 871
623 871
623 870
624 870
625 870
626 870
627 870
628 870
629 870
630 870
630 869
631 869
632 869
633 869
633 868
634 868
635 868
635 867
636 867
637 867
638 867
638 866
639 866
640 866
641 866
642 866
643 866
644 866
645 866
646 866
646 865
647 865
648 865
649 865
650 865
651 865
651 864
652 864
652 863
653 863
654 863
654 862
655 862
655 861
655 860
656 860
656 859
657 859
657 858
657 857
657 856
657 855
657 854
658 854
658 853
658 852
657 852
657 851
657 850
657 849
656 849
656 848
656 847
656 846
656 845
655 845
655 844
655 843
654 843
654 842
653 842
653 841
652 841
652 840
652 839
651 839
651 838
651 837
650 837
650 836
649 836
649 835
648 835
648 834
648 833
647 833
647 832
647 831
646 831
646 830
645 830
645 829
645 828
644 828
644 827
643 827
643 826
643 825
642 825
642 824
642 823
641 823
641 822
641 821
641 820
640 820
640 819
639 819
639 818
638 818
638 817
638 816
637 816
637 815
637 814
637 813
636 813
636 812
635 812
635 811
634 811
634 810
634 809
633 809
633 808
633 807
632 807
632 806
632 805
631 805
631 804
630 804
630 803
629 803
629 802
629 801
628 801
628 800
628 799
627 799
627 798
627 797
626 797
626 796
625 796
625 795
625 794
624 794
624 793
623 793
623 792
623 791
623 790
622 790
622 789
622 788
621 788
621 787
620 787
620 786
620 785
619 785
619 784
619 783
618 783
618 782
618 781
617 781
617 780
616 780
615 780
615 779
614 779
614 778
614 777
613 777
613 776
612 776
612 775
611 775
611 774
610 774
609 774
609 773
608 773
608 772
607 772
607 771
606 771
605 771
605 770
604 770
603 770
603 769
602 769
601 769
600 769
600 768
599 768
598 768
598 767
597 767
597 766
596 766
595 766
594 766
593 766
592 766
591 766
590 766
589 766
588 766
587 766
586 766
585 766
584 766
583 766
582 766
581 766
-2 -2
