537 658
537 659
536 659
535 659
534 659
533 659
533 660
532 660
531 660
530 660
530 661
529 661
528 661
527 661
527 662
526 662
525 662
524 662
523 662
523 663
522 663
521 663
520 663
519 663
518 663
517 663
517 664
516 664
515 664
514 664
513 664
513 665
512 665
511 665
511 666
510 666
510 667
509 667
508 667
507 667
506 667
506 668
505 668
504 668
503 668
502 668
501 668
501 669
500 669
500 670
499 670
499 671
498 671
497 671
496 671
496 672
495 672
494 672
494 673
493 673
492 673
492 674
491 674
491 675
490 675
490 676
489 676
489 677
488 677
487 677
487 678
486 678
486 679
486 680
485 680
485 681
484 681
483 681
483 682
482 682
482 683
481 683
481 684
481 685
480 685
480 686
479 686
479 687
478 687
477 687
477 688
477 689
476 689
476 690
476 691
475 691
475 692
474 692
474 693
473 693
473 694
472 694
472 695
472 696
472 697
471 697
471 698
471 699
471 700
470 700
470 701
469 701
469 702
468 702
468 703
468 704
468 705
467 705
467 706
467 707
467 708
467 709
467 710
466 710
466 711
465 711
465 712
465 713
464 713
464 714
463 714
462 714
462 715
461 715
460 715
460 714
459 714
458 714
457 714
456 714
455 714
454 714
453 714
452 714
451 714
450 714
450 713
449 713
448 713
447 713
446 713
445 713
444 713
443 713
442 713
441 713
440 713
439 713
438 713
438 714
437 714
436 714
435 714
434 714
433 714
432 714
431 714
430 714
429 714
428 714
427 714
426 714
426 715
425 715
424 715
424 716
423 716
423 717
422 717
421 717
421 718
420 718
419 718
418 718
418 719
417 719
416 719
415 719
415 720
414 720
413 720
413 721
412 721
412 722
411 722
411 723
410 723
409 723
409 724
408 724
407 724
407 725
406 725
406 726
405 726
405 727
404 727
404 728
403 728
403 729
402 729
402 730
401 730
401 731
400 731
400 732
399 732
399 733
398 733
398 734
397 734
397 735
397 736
396 736
396 737
395 737
395 738
395 739
394 739
394 740
393 740
393 741
393 742
393 743
392 743
392 744
392 745
392 746
391 746
391 747
391 748
390 748
390 749
389 749
389 750
389 751
388 751
388 752
388 753
388 754
388 755
388 756
387 756
387 757
387 758
387 759
387 760
387 761
387 762
387 763
386 763
386 764
386 765
386 766
386 767
386 768
386 769
386 770
386 771
387 771
387 772
387 773
387 774
387 775
387 776
387 777
387 778
388 778
388 779
388 780
388 781
388 782
388 783
388 784
388 785
388 786
389 786
389 787
390 787
390 788
390 789
391 789
391 790
391 791
392 791
392 792
392 793
392 794
393 794
393 795
393 796
394 796
394 797
394 798
395 798
395 799
396 799
396 800
397 800
397 801
398 801
398 802
398 803
398 804
399 804
400 804
400 805
401 805
401 806
402 806
402 807
402 808
402 809
403 809
404 809
404 810
405 810
405 811
406 811
406 812
407 812
407 813
408 813
408 814
409 814
410 814
410 815
411 815
411 816
412 816
412 817
413 817
413 818
414 818
415 818
415 819
416 819
417 819
418 819
419 819
419 820
420 820
420 821
420 822
419 822
419 823
419 824
419 825
418 825
418 826
417 826
417 827
416 827
416 828
416 829
416 830
416 831
415 831
415 832
415 833
415 834
415 835
414 835
414 836
413 836
413 837
413 838
412 838
412 839
412 840
412 841
412 842
411 842
411 843
411 844
411 845
411 846
411 847
411 848
411 849
411 850
411 851
411 852
411 853
411 854
411 855
410 855
410 856
410 857
410 858
410 859
410 860
410 861
411 861
411 862
411 863
411 864
411 865
411 866
411 867
411 868
411 869
411 870
411 871
411 872
411 873
411 874
412 874
412 875
412 876
412 877
412 878
412 879
412 880
413 880
413 881
414 881
414 882
414 883
415 883
415 884
415 885
416 885
416 886
416 887
416 888
416 889
417 889
417 890
418 890
418 891
418 892
419 892
419 893
420 893
420 894
420 895
421 895
421 896
421 897
422 897
422 898
422 899
423 899
423 900
424 900
424 901
424 902
425 902
425 903
426 903
426 904
426 905
426 906
427 906
427 907
428 907
429 907
429 908
429 909
430 909
430 910
430 911
430 912
431 912
431 913
432 913
432 914
433 914
433 915
434 915
434 916
434 917
435 917
435 918
436 918
436 919
436 920
437 920
438 920
438 921
439 921
439 922
440 922
440 923
441 923
441 924
441 925
442 925
443 925
443 926
444 926
444 927
445 927
445 928
446 928
446 929
447 929
448 929
448 930
449 930
449 931
450 931
451 931
451 932
452 932
453 932
453 933
454 933
454 934
455 934
455 935
456 935
457 935
458 935
459 935
459 936
460 936
461 936
462 936
462 937
463 937
464 937
464 938
465 938
465 939
466 939
467 939
468 939
468 940
469 940
470 940
471 940
472 940
473 940
474 940
475 940
476 940
477 940
478 940
479 940
480 940
481 940
482 940
483 940
484 940
485 940
486 940
487 940
488 940
489 940
490 940
491 940
492 940
493 940
494 940
495 940
496 940
496 939
497 939
497 938
498 938
499 938
499 937
500 937
501 937
501 936
502 936
503 936
504 936
504 935
505 935
506 935
507 935
507 934
508 934
508 933
509 933
509 932
510 932
511 932
511 931
512 931
513 931
513 930
514 930
515 930
515 929
515 928
516 928
516 927
517 927
517 926
518 926
519 926
519 925
520 925
521 925
521 924
521 923
522 923
522 922
523 922
524 922
524 921
525 921
525 920
526 920
526 919
526 918
527 918
528 918
528 917
529 917
529 916
530 916
530 915
530 914
531 914
531 913
532 913
533 913
533 912
534 912
534 911
535 911
535 910
535 909
536 909
536 908
537 908
537 907
538 907
539 907
539 906
539 905
539 904
539 903
539 902
539 901
539 900
539 899
539 898
539 897
539 896
539 895
538 895
538 894
538 893
537 893
536 893
536 892
535 892
534 892
534 891
533 891
532 891
531 891
531 890
530 890
530 889
529 889
528 889
528 888
527 888
527 887
526 887
525 887
525 886
524 886
523 886
523 885
522 885
522 884
521 884
521 883
520 883
520 882
519 882
518 882
518 881
517 881
517 880
516 880
516 879
515 879
515 878
514 878
514 877
513 877
513 876
512 876
512 875
512 874
512 873
511 873
511 872
511 871
511 870
511 869
511 868
510 868
510 867
510 866
509 866
509 865
508 865
508 864
508 863
507 863
507 862
507 861
507 860
507 859
507 858
507 857
507 856
507 855
507 854
507 853
507 852
507 851
507 850
507 849
507 848
507 847
506 847
506 846
506 845
506 844
505 844
505 843
505 842
505 841
505 840
504 840
504 839
504 838
504 837
504 836
503 836
503 835
503 834
503 833
503 832
503 831
502 831
502 830
502 829
502 828
502 827
502 826
502 825
502 824
502 823
502 822
502 821
502 820
502 819
502 818
502 817
502 816
502 815
502 814
502 813
502 812
502 811
502 810
502 809
502 808
502 807
502 806
503 806
503 805
503 804
504 804
504 803
504 802
505 802
505 801
506 801
506 800
506 799
506 798
506 797
507 797
507 796
507 795
507 794
507 793
508 793
508 792
508 791
509 791
509 790
510 790
510 789
511 789
511 788
511 787
511 786
511 785
512 785
512 784
512 783
513 783
513 782
514 782
515 782
515 781
516 781
516 780
516 779
517 779
517 778
518 778
518 777
519 777
519 776
520 776
520 775
521 775
521 774
522 774
522 773
523 773
523 772
524 772
525 772
525 771
525 770
526 770
526 769
527 769
527 768
528 768
529 768
529 767
530 767
531 767
531 766
532 766
533 766
533 765
534 765
534 764
535 764
535 763
536 763
537 763
537 762
538 762
538 761
539 761
539 760
540 760
540 759
541 759
541 758
542 758
543 758
543 757
544 757
545 757
545 756
546 756
546 755
547 755
547 754
548 754
549 754
549 753
550 753
551 753
551 752
552 752
552 751
553 751
553 750
554 750
554 749
555 749
556 749
557 749
557 748
558 748
558 747
559 747
559 746
560 746
561 746
561 745
562 745
563 745
563 744
564 744
565 744
566 744
567 744
568 744
569 744
570 744
570 743
571 743
572 743
573 743
574 743
575 743
576 743
577 743
578 743
579 743
580 743
580 744
581 744
582 744
583 744
584 744
585 744
586 744
587 744
588 744
588 745
589 745
590 745
591 745
591 746
592 746
593 746
593 747
594 747
594 748
595 748
596 748
597 748
598 748
599 748
599 747
600 747
601 747
601 746
602 746
603 746
603 745
604 745
604 744
605 744
605 743
606 743
606 742
606 741
607 741
607 740
608 740
608 739
608 738
609 738
609 737
609 736
609 735
609 734
609 733
609 732
609 731
609 730
609 729
609 728
609 727
609 726
609 725
609 724
609 723
609 722
609 721
609 720
609 719
609 718
609 717
609 716
609 715
609 714
609 713
609 712
608 712
608 711
608 710
607 710
607 709
607 708
607 707
607 706
606 706
606 705
606 704
606 703
606 702
605 702
605 701
605 700
605 699
605 698
605 697
605 696
604 696
604 695
604 694
604 693
604 692
603 692
603 691
603 690
602 690
602 689
602 688
601 688
601 687
601 686
600 686
600 685
599 685
599 684
599 683
598 683
598 682
597 682
597 681
596 681
596 680
595 680
595 679
595 678
594 678
594 677
593 677
593 676
592 676
592 675
591 675
591 674
590 674
590 673
589 673
589 672
588 672
588 671
587 671
586 671
586 670
586 669
585 669
584 669
584 668
583 668
582 668
582 667
581 667
581 666
580 666
579 666
579 665
578 665
578 664
577 664
576 664
576 663
575 663
574 663
573 663
572 663
572 662
571 662
570 662
570 661
569 661
568 661
567 661
567 660
566 660
565 660
565 659
564 659
563 659
562 659
561 659
561 658
560 658
559 658
558 658
557 658
556 658
555 658
554 658
553 658
552 658
551 658
550 658
549 658
548 658
547 658
546 658
545 658
544 658
543 658
542 658
541 658
540 658
539 658
538 658
537 658
-2 -2
