862 910
862 911
861 911
860 911
859 911
858 911
858 912
857 912
856 912
855 912
854 912
853 912
853 913
852 913
851 913
850 913
849 913
849 914
848 914
847 914
846 914
845 914
844 914
843 914
842 914
841 914
840 914
839 914
838 914
837 914
836 914
835 914
834 914
833 914
832 914
831 914
830 914
829 914
828 914
827 914
826 914
825 914
824 914
823 914
823 915
822 915
821 915
820 915
819 915
819 916
818 916
818 917
817 917
817 918
816 918
816 919
815 919
815 920
814 920
814 921
813 921
813 922
812 922
812 923
812 924
812 925
812 926
812 927
812 928
812 929
812 930
812 931
812 932
813 932
813 933
813 934
814 934
815 934
815 935
815 936
816 936
816 937
817 937
817 938
818 938
818 939
819 939
819 940
820 940
820 941
821 941
821 942
822 942
822 943
822 944
823 944
823 945
824 945
825 945
825 946
826 946
826 947
826 948
827 948
827 949
828 949
829 949
829 950
830 950
830 951
831 951
831 952
831 953
831 954
832 954
832 955
832 956
833 956
833 957
834 957
834 958
835 958
835 959
836 959
836 960
836 961
837 961
837 962
838 962
838 963
839 963
839 964
840 964
840 965
841 965
841 966
841 967
842 967
842 968
843 968
844 968
844 969
844 970
845 970
845 971
845 972
846 972
846 973
847 973
848 973
848 974
849 974
849 975
849 976
850 976
850 977
851 977
852 977
853 977
853 978
854 978
855 978
855 979
855 980
856 980
856 981
857 981
858 981
859 981
859 982
860 982
861 982
862 982
863 982
864 982
865 982
866 982
867 982
868 982
868 981
869 981
869 980
870 980
870 979
871 979
871 978
872 978
872 977
873 977
873 976
874 976
874 975
875 975
875 974
875 973
875 972
875 971
876 971
876 970
876 969
876 968
876 967
876 966
876 965
876 964
875 964
875 963
875 962
875 961
875 960
874 960
874 959
874 958
874 957
874 956
874 955
874 954
875 954
875 953
875 952
875 951
875 950
875 949
875 948
876 948
876 947
876 946
877 946
877 945
878 945
878 944
879 944
879 943
879 942
879 941
880 941
880 940
881 940
882 940
882 939
883 939
884 939
884 938
885 938
886 938
886 937
887 937
887 936
888 936
889 936
889 935
890 935
890 934
891 934
891 933
892 933
892 932
893 932
893 931
893 930
893 929
893 928
893 927
893 926
893 925
894 925
894 924
894 923
894 922
894 921
893 921
893 920
893 919
893 918
893 917
893 916
892 916
892 915
891 915
891 914
890 914
889 914
889 913
888 913
887 913
887 912
886 912
885 912
885 911
884 911
883 911
883 910
882 910
881 910
880 910
879 910
878 910
877 910
876 910
875 910
874 910
873 910
872 910
871 910
870 910
869 910
868 910
867 910
866 910
865 910
864 910
863 910
862 910
-2 -2
