1145 1341
1145 1342
1144 1342
1143 1342
1142 1342
1141 1342
1141 1343
1140 1343
1139 1343
1139 1344
1138 1344
1137 1344
1137 1345
1136 1345
1136 1346
1136 1347
1135 1347
1135 1348
1135 1349
1134 1349
1134 1350
1134 1351
1134 1352
1134 1353
1133 1353
1133 1354
1133 1355
1133 1356
1133 1357
1133 1358
1133 1359
1133 1360
1133 1361
1132 1361
1132 1362
1132 1363
1131 1363
1131 1364
1131 1365
1131 1366
1130 1366
1130 1367
1130 1368
1130 1369
1129 1369
1129 1370
1129 1371
1129 1372
1129 1373
1129 1374
1129 1375
1129 1376
1129 1377
1128 1377
1128 1378
1128 1379
1128 1380
1127 1380
1127 1381
1127 1382
1126 1382
1126 1383
1126 1384
1125 1384
1125 1385
1125 1386
1125 1387
1124 1387
1124 1388
1124 1389
1124 1390
1124 1391
1124 1392
1124 1393
1124 1394
1123 1394
1123 1395
1123 1396
1123 1397
1123 1398
1122 1398
1122 1399
1122 1400
1122 1401
1121 1401
1121 1402
1121 1403
1121 1404
1120 1404
1120 1405
1120 1406
1120 1407
1120 1408
1120 1409
1120 1410
1119 1410
1119 1411
1119 1412
1119 1413
1119 1414
1119 1415
1118 1415
1118 1416
1118 1417
1117 1417
1117 1418
1117 1419
1116 1419
1116 1420
1116 1421
1116 1422
1115 1422
1115 1423
1115 1424
1115 1425
1115 1426
1115 1427
1115 1428
1115 1429
1115 1430
1115 1431
1115 1432
1115 1433
1115 1434
1115 1435
1115 1436
1115 1437
1116 1437
1116 1438
1116 1439
1116 1440
1116 1441
1117 1441
1117 1442
1117 1443
1118 1443
1118 1444
1119 1444
1119 1445
1119 1446
1119 1447
1120 1447
1120 1448
1120 1449
1120 1450
1120 1451
1121 1451
1121 1452
1122 1452
1123 1452
1123 1453
1124 1453
1124 1454
1124 1455
1125 1455
1125 1456
1126 1456
1126 1457
1127 1457
1128 1457
1128 1458
1129 1458
1130 1458
1130 1459
1130 1460
1131 1460
1132 1460
1132 1461
1133 1461
1134 1461
1134 1462
1135 1462
1136 1462
1137 1462
1137 1463
1138 1463
1138 1464
1139 1464
1140 1464
1140 1465
1141 1465
1141 1466
1142 1466
1143 1466
1144 1466
1145 1466
1145 1467
1146 1467
1147 1467
1148 1467
1149 1467
1150 1467
1150 1468
1151 1468
1152 1468
1153 1468
1154 1468
1155 1468
1156 1468
1156 1469
1157 1469
1158 1469
1159 1469
1159 1470
1160 1470
1161 1470
1162 1470
1163 1470
1164 1470
1165 1470
1166 1470
1167 1470
1168 1470
1169 1470
1170 1470
1170 1469
1171 1469
1172 1469
1173 1469
1174 1469
1175 1469
1176 1469
1176 1468
1177 1468
1178 1468
1179 1468
1180 1468
1181 1468
1181 1467
1182 1467
1183 1467
1184 1467
1185 1467
1186 1467
1186 1466
1187 1466
1188 1466
1189 1466
1190 1466
1190 1465
1191 1465
1191 1464
1192 1464
1193 1464
1193 1463
1194 1463
1195 1463
1195 1462
1196 1462
1197 1462
1198 1462
1198 1461
1199 1461
1200 1461
1200 1460
1201 1460
1201 1459
1202 1459
1202 1458
1203 1458
1204 1458
1204 1457
1205 1457
1206 1457
1206 1456
1207 1456
1207 1455
1208 1455
1209 1455
1209 1454
1210 1454
1210 1453
1211 1453
1211 1452
1212 1452
1212 1451
1213 1451
1214 1451
1214 1450
1215 1450
1215 1449
1215 1448
1216 1448
1217 1448
1217 1447
1217 1446
1218 1446
1219 1446
1219 1445
1219 1444
1220 1444
1220 1443
1220 1442
1221 1442
1221 1441
1222 1441
1222 1440
1223 1440
1223 1439
1224 1439
1224 1438
1224 1437
1224 1436
1225 1436
1225 1435
1225 1434
1226 1434
1226 1433
1227 1433
1227 1432
1228 1432
1228 1431
1229 1431
1229 1430
1229 1429
1229 1428
1229 1427
1229 1426
1229 1425
1230 1425
1230 1424
1230 1423
1231 1423
1231 1422
1231 1421
1232 1421
1232 1420
1233 1420
1233 1419
1233 1418
1233 1417
1233 1416
1233 1415
1233 1414
1233 1413
1233 1412
1233 1411
1233 1410
1233 1409
1233 1408
1233 1407
1233 1406
1233 1405
1233 1404
1233 1403
1233 1402
1232 1402
1232 1401
1231 1401
1231 1400
1231 1399
1230 1399
1230 1398
1230 1397
1229 1397
1229 1396
1229 1395
1229 1394
1229 1393
1228 1393
1228 1392
1227 1392
1227 1391
1226 1391
1226 1390
1225 1390
1225 1389
1225 1388
1224 1388
1224 1387
1223 1387
1223 1386
1222 1386
1222 1385
1221 1385
1220 1385
1220 1384
1219 1384
1219 1383
1219 1382
1218 1382
1218 1381
1217 1381
1216 1381
1216 1380
1215 1380
1214 1380
1214 1379
1213 1379
1212 1379
1212 1378
1211 1378
1211 1377
1210 1377
1209 1377
1209 1376
1208 1376
1207 1376
1206 1376
1206 1375
1205 1375
1205 1374
1204 1374
1203 1374
1203 1373
1202 1373
1202 1372
1201 1372
1200 1372
1200 1371
1199 1371
1198 1371
1198 1370
1197 1370
1196 1370
1196 1369
1195 1369
1195 1368
1194 1368
1194 1367
1193 1367
1192 1367
1192 1366
1191 1366
1190 1366
1190 1365
1189 1365
1189 1364
1188 1364
1187 1364
1187 1363
1186 1363
1186 1362
1185 1362
1184 1362
1183 1362
1183 1361
1182 1361
1181 1361
1181 1360
1180 1360
1180 1359
1179 1359
1179 1358
1178 1358
1177 1358
1176 1358
1176 1357
1175 1357
1174 1357
1174 1356
1173 1356
1172 1356
1172 1355
1171 1355
1171 1354
1170 1354
1170 1353
1169 1353
1168 1353
1168 1352
1167 1352
1166 1352
1166 1351
1165 1351
1164 1351
1164 1350
1163 1350
1163 1349
1162 1349
1162 1348
1161 1348
1160 1348
1160 1347
1159 1347
1158 1347
1158 1346
1157 1346
1157 1345
1156 1345
1156 1344
1155 1344
1154 1344
1154 1343
1153 1343
1152 1343
1151 1343
1150 1343
1150 1342
1149 1342
1148 1342
1147 1342
1147 1341
1146 1341
1145 1341
-2 -2
