1131 1017
1131 1018
1130 1018
1130 1019
1129 1019
1129 1020
1128 1020
1128 1021
1127 1021
1127 1022
1126 1022
1126 1023
1125 1023
1125 1024
1125 1025
1124 1025
1124 1026
1124 1027
1124 1028
1123 1028
1123 1029
1123 1030
1123 1031
1123 1032
1123 1033
1123 1034
1123 1035
1124 1035
1124 1036
1124 1037
1124 1038
1124 1039
1125 1039
1125 1040
1125 1041
1125 1042
1125 1043
1125 1044
1125 1045
1124 1045
1124 1046
1124 1047
1124 1048
1124 1049
1124 1050
1123 1050
1123 1051
1123 1052
1123 1053
1122 1053
1122 1054
1121 1054
1121 1055
1120 1055
1120 1056
1120 1057
1120 1058
1119 1058
1119 1059
1118 1059
1118 1060
1117 1060
1116 1060
1115 1060
1115 1061
1114 1061
1113 1061
1113 1062
1112 1062
1112 1063
1111 1063
1110 1063
1110 1064
1109 1064
1109 1065
1108 1065
1108 1066
1107 1066
1107 1067
1107 1068
1106 1068
1106 1069
1106 1070
1106 1071
1106 1072
1106 1073
1105 1073
1105 1074
1105 1075
1105 1076
1105 1077
1105 1078
1106 1078
1106 1079
1106 1080
1106 1081
1106 1082
1106 1083
1107 1083
1107 1084
1108 1084
1108 1085
1109 1085
1110 1085
1111 1085
1111 1086
1112 1086
1113 1086
1113 1087
1114 1087
1114 1088
1115 1088
1115 1089
1116 1089
1117 1089
1118 1089
1119 1089
1120 1089
1121 1089
1122 1089
1123 1089
1124 1089
1125 1089
1126 1089
1127 1089
1128 1089
1129 1089
1130 1089
1131 1089
1132 1089
1133 1089
1134 1089
1135 1089
1136 1089
1137 1089
1138 1089
1138 1088
1139 1088
1140 1088
1141 1088
1142 1088
1142 1087
1143 1087
1144 1087
1145 1087
1146 1087
1146 1086
1147 1086
1148 1086
1149 1086
1150 1086
1150 1085
1151 1085
1152 1085
1153 1085
1154 1085
1155 1085
1156 1085
1157 1085
1158 1085
1159 1085
1160 1085
1161 1085
1162 1085
1163 1085
1164 1085
1165 1085
1166 1085
1167 1085
1168 1085
1169 1085
1170 1085
1171 1085
1172 1085
1173 1085
1174 1085
1175 1085
1176 1085
1177 1085
1177 1084
1178 1084
1179 1084
1180 1084
1180 1083
1181 1083
1181 1082
1182 1082
1182 1081
1183 1081
1183 1080
1184 1080
1184 1079
1185 1079
1185 1078
1186 1078
1187 1078
1187 1077
1187 1076
1187 1075
1187 1074
1187 1073
1187 1072
1187 1071
1187 1070
1187 1069
1187 1068
1187 1067
1186 1067
1186 1066
1186 1065
1185 1065
1184 1065
1184 1064
1184 1063
1183 1063
1183 1062
1182 1062
1182 1061
1181 1061
1181 1060
1180 1060
1180 1059
1179 1059
1179 1058
1178 1058
1178 1057
1177 1057
1177 1056
1177 1055
1176 1055
1176 1054
1175 1054
1174 1054
1174 1053
1173 1053
1173 1052
1173 1051
1172 1051
1172 1050
1171 1050
1170 1050
1170 1049
1169 1049
1169 1048
1169 1047
1168 1047
1168 1046
1168 1045
1167 1045
1167 1044
1167 1043
1166 1043
1166 1042
1165 1042
1165 1041
1164 1041
1164 1040
1163 1040
1163 1039
1163 1038
1162 1038
1162 1037
1161 1037
1161 1036
1160 1036
1160 1035
1159 1035
1159 1034
1158 1034
1158 1033
1158 1032
1157 1032
1157 1031
1156 1031
1156 1030
1155 1030
1155 1029
1154 1029
1154 1028
1154 1027
1153 1027
1153 1026
1152 1026
1152 1025
1151 1025
1150 1025
1150 1024
1150 1023
1149 1023
1149 1022
1148 1022
1147 1022
1146 1022
1146 1021
1145 1021
1145 1020
1144 1020
1144 1019
1143 1019
1142 1019
1142 1018
1141 1018
1141 1017
1140 1017
1139 1017
1138 1017
1137 1017
1136 1017
1135 1017
1134 1017
1133 1017
1132 1017
1131 1017
-2 -2
