992 1549
992 1550
991 1550
990 1550
989 1550
989 1551
988 1551
987 1551
987 1552
986 1552
985 1552
984 1552
984 1553
983 1553
982 1553
982 1554
981 1554
981 1555
980 1555
980 1556
979 1556
979 1557
978 1557
978 1558
977 1558
977 1559
976 1559
976 1560
975 1560
975 1561
975 1562
974 1562
974 1563
973 1563
973 1564
972 1564
972 1565
971 1565
971 1566
970 1566
970 1567
970 1568
969 1568
969 1569
968 1569
968 1570
968 1571
967 1571
967 1572
966 1572
966 1573
966 1574
966 1575
965 1575
965 1576
965 1577
965 1578
965 1579
965 1580
965 1581
964 1581
964 1582
964 1583
964 1584
964 1585
964 1586
964 1587
964 1588
964 1589
964 1590
965 1590
965 1591
965 1592
965 1593
965 1594
966 1594
966 1595
966 1596
966 1597
966 1598
967 1598
967 1599
967 1600
968 1600
968 1601
969 1601
970 1601
970 1602
971 1602
971 1603
971 1604
972 1604
972 1605
973 1605
973 1606
974 1606
975 1606
975 1607
976 1607
977 1607
977 1608
978 1608
978 1609
979 1609
979 1610
980 1610
981 1610
981 1611
982 1611
983 1611
984 1611
985 1611
986 1611
986 1612
987 1612
988 1612
989 1612
990 1612
991 1612
992 1612
993 1612
994 1612
995 1612
996 1612
997 1612
998 1612
999 1612
1000 1612
1001 1612
1002 1612
1003 1612
1004 1612
1005 1612
1006 1612
1007 1612
1008 1612
1009 1612
1010 1612
1011 1612
1012 1612
1013 1612
1013 1611
1014 1611
1015 1611
1016 1611
1017 1611
1018 1611
1018 1610
1019 1610
1020 1610
1020 1609
1021 1609
1021 1608
1022 1608
1022 1607
1023 1607
1024 1607
1024 1606
1025 1606
1026 1606
1026 1605
1027 1605
1027 1604
1028 1604
1028 1603
1029 1603
1029 1602
1030 1602
1030 1601
1031 1601
1031 1600
1032 1600
1032 1599
1033 1599
1033 1598
1033 1597
1033 1596
1033 1595
1033 1594
1034 1594
1034 1593
1034 1592
1034 1591
1034 1590
1035 1590
1035 1589
1035 1588
1035 1587
1035 1586
1035 1585
1035 1584
1035 1583
1035 1582
1035 1581
1034 1581
1034 1580
1034 1579
1034 1578
1034 1577
1034 1576
1033 1576
1033 1575
1033 1574
1033 1573
1033 1572
1032 1572
1032 1571
1032 1570
1031 1570
1031 1569
1030 1569
1030 1568
1029 1568
1029 1567
1029 1566
1028 1566
1028 1565
1027 1565
1027 1564
1026 1564
1026 1563
1025 1563
1025 1562
1024 1562
1024 1561
1024 1560
1023 1560
1023 1559
1022 1559
1022 1558
1021 1558
1021 1557
1020 1557
1020 1556
1019 1556
1019 1555
1018 1555
1018 1554
1017 1554
1017 1553
1016 1553
1015 1553
1015 1552
1014 1552
1013 1552
1012 1552
1012 1551
1011 1551
1010 1551
1010 1550
1009 1550
1008 1550
1008 1549
1007 1549
1006 1549
1005 1549
1004 1549
1003 1549
1002 1549
1001 1549
1000 1549
999 1549
998 1549
997 1549
996 1549
995 1549
994 1549
993 1549
992 1549
-2 -2
