980 1629
980 1630
979 1630
978 1630
977 1630
976 1630
976 1631
975 1631
974 1631
973 1631
972 1631
972 1632
971 1632
970 1632
969 1632
969 1633
968 1633
967 1633
967 1634
966 1634
966 1635
965 1635
965 1636
964 1636
964 1637
963 1637
962 1637
962 1638
961 1638
961 1639
961 1640
960 1640
960 1641
959 1641
959 1642
958 1642
958 1643
958 1644
957 1644
957 1645
957 1646
957 1647
956 1647
956 1648
956 1649
956 1650
956 1651
956 1652
956 1653
956 1654
956 1655
956 1656
956 1657
956 1658
956 1659
957 1659
957 1660
957 1661
958 1661
958 1662
958 1663
959 1663
959 1664
960 1664
960 1665
960 1666
961 1666
961 1667
961 1668
962 1668
962 1669
963 1669
963 1670
964 1670
964 1671
965 1671
965 1672
966 1672
966 1673
966 1674
967 1674
967 1675
968 1675
968 1676
969 1676
969 1677
970 1677
970 1678
971 1678
971 1679
971 1680
972 1680
972 1681
973 1681
974 1681
974 1682
975 1682
975 1683
975 1684
976 1684
976 1685
977 1685
978 1685
978 1686
979 1686
979 1687
980 1687
980 1688
981 1688
981 1689
982 1689
982 1690
983 1690
984 1690
984 1691
985 1691
985 1692
984 1692
984 1693
983 1693
983 1694
982 1694
981 1694
980 1694
979 1694
979 1695
978 1695
977 1695
977 1696
976 1696
975 1696
974 1696
974 1697
973 1697
972 1697
971 1697
970 1697
969 1697
968 1697
967 1697
966 1697
966 1698
965 1698
964 1698
963 1698
962 1698
961 1698
960 1698
959 1698
959 1699
958 1699
957 1699
957 1700
956 1700
955 1700
954 1700
954 1701
953 1701
952 1701
951 1701
950 1701
950 1702
949 1702
948 1702
947 1702
946 1702
945 1702
944 1702
944 1703
943 1703
942 1703
942 1704
941 1704
940 1704
940 1705
939 1705
938 1705
938 1706
937 1706
936 1706
936 1707
935 1707
934 1707
933 1707
932 1707
932 1708
931 1708
931 1709
930 1709
930 1710
929 1710
928 1710
928 1711
927 1711
926 1711
926 1712
925 1712
925 1713
924 1713
924 1714
923 1714
923 1715
922 1715
922 1716
921 1716
920 1716
920 1717
919 1717
919 1718
919 1719
918 1719
917 1719
917 1720
916 1720
916 1721
915 1721
915 1722
914 1722
914 1723
913 1723
913 1724
913 1725
912 1725
911 1725
911 1726
910 1726
910 1727
910 1728
909 1728
909 1729
908 1729
908 1730
907 1730
907 1731
906 1731
906 1732
905 1732
905 1733
904 1733
904 1734
903 1734
903 1735
903 1736
902 1736
902 1737
901 1737
901 1738
900 1738
900 1739
900 1740
899 1740
899 1741
899 1742
898 1742
898 1743
897 1743
897 1744
897 1745
896 1745
896 1746
896 1747
896 1748
895 1748
895 1749
895 1750
895 1751
894 1751
894 1752
894 1753
893 1753
893 1754
893 1755
892 1755
892 1756
892 1757
892 1758
892 1759
892 1760
892 1761
892 1762
892 1763
892 1764
892 1765
892 1766
892 1767
892 1768
892 1769
892 1770
892 1771
892 1772
892 1773
893 1773
893 1774
893 1775
894 1775
894 1776
894 1777
894 1778
895 1778
895 1779
895 1780
895 1781
896 1781
896 1782
896 1783
896 1784
896 1785
897 1785
897 1786
898 1786
898 1787
898 1788
899 1788
899 1789
900 1789
900 1790
900 1791
901 1791
901 1792
901 1793
902 1793
902 1794
903 1794
903 1795
904 1795
904 1796
904 1797
905 1797
905 1798
905 1799
906 1799
906 1800
906 1801
907 1801
907 1802
908 1802
908 1803
909 1803
909 1804
910 1804
910 1805
910 1806
911 1806
911 1807
912 1807
913 1807
913 1808
914 1808
914 1809
914 1810
915 1810
915 1811
916 1811
917 1811
917 1812
918 1812
919 1812
919 1813
920 1813
920 1814
920 1815
921 1815
922 1815
922 1816
923 1816
924 1816
925 1816
925 1817
926 1817
927 1817
927 1818
928 1818
929 1818
929 1819
930 1819
930 1820
931 1820
932 1820
932 1821
933 1821
934 1821
935 1821
936 1821
937 1821
938 1821
939 1821
940 1821
941 1821
942 1821
943 1821
944 1821
945 1821
946 1821
947 1821
948 1821
949 1821
950 1821
951 1821
952 1821
953 1821
954 1821
954 1820
955 1820
956 1820
957 1820
957 1819
958 1819
958 1818
959 1818
959 1817
960 1817
961 1817
961 1816
962 1816
963 1816
964 1816
964 1815
965 1815
965 1814
966 1814
966 1813
967 1813
967 1812
968 1812
968 1811
969 1811
969 1810
970 1810
970 1809
971 1809
971 1808
972 1808
972 1807
972 1806
973 1806
973 1805
973 1804
973 1803
973 1802
974 1802
974 1801
974 1800
975 1800
975 1799
975 1798
975 1797
976 1797
976 1796
976 1795
976 1794
977 1794
977 1793
977 1792
977 1791
977 1790
977 1789
977 1788
976 1788
976 1787
976 1786
975 1786
975 1785
975 1784
975 1783
975 1782
974 1782
974 1781
974 1780
974 1779
974 1778
973 1778
973 1777
973 1776
973 1775
973 1774
972 1774
972 1773
971 1773
971 1772
971 1771
970 1771
970 1770
969 1770
969 1769
968 1769
968 1768
968 1767
967 1767
967 1766
966 1766
966 1765
965 1765
965 1764
964 1764
963 1764
963 1763
962 1763
961 1763
960 1763
960 1762
959 1762
958 1762
957 1762
956 1762
956 1761
955 1761
954 1761
953 1761
953 1760
952 1760
951 1760
950 1760
949 1760
948 1760
947 1760
946 1760
945 1760
944 1760
943 1760
942 1760
941 1760
941 1761
940 1761
939 1761
939 1762
938 1762
937 1762
936 1762
936 1763
935 1763
935 1764
934 1764
934 1765
933 1765
933 1766
932 1766
932 1767
931 1767
931 1768
930 1768
930 1769
929 1769
929 1770
929 1771
929 1772
928 1772
928 1773
928 1774
928 1775
928 1776
928 1777
928 1778
928 1779
928 1780
928 1781
928 1782
928 1783
928 1784
928 1785
927 1785
927 1784
926 1784
926 1783
925 1783
925 1782
924 1782
924 1781
923 1781
922 1781
922 1780
922 1779
921 1779
921 1778
921 1777
921 1776
920 1776
920 1775
919 1775
919 1774
919 1773
918 1773
918 1772
918 1771
918 1770
918 1769
918 1768
917 1768
917 1767
918 1767
918 1766
918 1765
918 1764
918 1763
918 1762
918 1761
919 1761
919 1760
920 1760
920 1759
920 1758
921 1758
921 1757
921 1756
921 1755
921 1754
921 1753
921 1752
922 1752
922 1751
923 1751
923 1750
924 1750
924 1749
925 1749
925 1748
925 1747
926 1747
926 1746
926 1745
927 1745
927 1744
927 1743
928 1743
928 1742
929 1742
929 1741
930 1741
930 1740
931 1740
931 1739
931 1738
932 1738
932 1737
933 1737
934 1737
934 1738
935 1738
936 1738
936 1739
937 1739
937 1740
938 1740
938 1741
939 1741
940 1741
940 1742
941 1742
942 1742
942 1743
943 1743
943 1744
943 1745
944 1745
945 1745
945 1746
946 1746
946 1747
947 1747
947 1748
948 1748
948 1749
949 1749
949 1750
950 1750
951 1750
951 1751
952 1751
952 1752
953 1752
954 1752
954 1753
955 1753
955 1754
956 1754
956 1755
957 1755
958 1755
959 1755
960 1755
960 1756
961 1756
962 1756
963 1756
964 1756
964 1757
965 1757
966 1757
967 1757
968 1757
969 1757
970 1757
971 1757
972 1757
973 1757
974 1757
975 1757
975 1756
976 1756
977 1756
978 1756
979 1756
980 1756
980 1755
981 1755
982 1755
983 1755
984 1755
984 1754
985 1754
985 1753
986 1753
986 1752
987 1752
987 1751
988 1751
989 1751
989 1750
990 1750
990 1749
991 1749
991 1748
991 1747
992 1747
992 1746
993 1746
993 1745
994 1745
995 1745
995 1744
995 1743
996 1743
996 1742
997 1742
997 1741
998 1741
999 1741
1000 1741
1001 1741
1002 1741
1002 1742
1003 1742
1003 1743
1004 1743
1004 1744
1004 1745
1005 1745
1006 1745
1006 1746
1007 1746
1007 1747
1008 1747
1008 1748
1008 1749
1009 1749
1009 1750
1010 1750
1011 1750
1011 1751
1012 1751
1012 1752
1013 1752
1013 1753
1014 1753
1014 1754
1015 1754
1015 1755
1016 1755
1017 1755
1018 1755
1019 1755
1019 1756
1020 1756
1021 1756
1022 1756
1023 1756
1024 1756
1024 1757
1025 1757
1026 1757
1027 1757
1028 1757
1029 1757
1030 1757
1031 1757
1032 1757
1033 1757
1034 1757
1035 1757
1035 1756
1036 1756
1037 1756
1038 1756
1039 1756
1040 1756
1040 1755
1041 1755
1042 1755
1043 1755
1043 1754
1044 1754
1044 1753
1045 1753
1046 1753
1046 1752
1047 1752
1047 1751
1048 1751
1049 1751
1049 1750
1050 1750
1050 1749
1051 1749
1051 1748
1052 1748
1052 1747
1053 1747
1053 1746
1054 1746
1055 1746
1055 1745
1056 1745
1056 1744
1057 1744
1057 1743
1057 1742
1058 1742
1059 1742
1059 1741
1060 1741
1061 1741
1061 1740
1062 1740
1062 1739
1063 1739
1063 1738
1064 1738
1065 1738
1065 1737
1066 1737
1067 1737
1067 1738
1068 1738
1068 1739
1068 1740
1069 1740
1069 1741
1070 1741
1070 1742
1071 1742
1071 1743
1072 1743
1072 1744
1073 1744
1073 1745
1073 1746
1073 1747
1074 1747
1074 1748
1075 1748
1075 1749
1076 1749
1076 1750
1077 1750
1077 1751
1077 1752
1078 1752
1078 1753
1078 1754
1078 1755
1078 1756
1078 1757
1078 1758
1079 1758
1079 1759
1080 1759
1080 1760
1080 1761
1081 1761
1081 1762
1081 1763
1081 1764
1081 1765
1081 1766
1081 1767
1081 1768
1081 1769
1081 1770
1081 1771
1081 1772
1081 1773
1080 1773
1080 1774
1080 1775
1079 1775
1079 1776
1078 1776
1078 1777
1078 1778
1077 1778
1077 1779
1077 1780
1077 1781
1076 1781
1075 1781
1074 1781
1074 1782
1073 1782
1073 1783
1073 1784
1072 1784
1072 1785
1071 1785
1071 1784
1071 1783
1071 1782
1071 1781
1071 1780
1071 1779
1071 1778
1071 1777
1071 1776
1071 1775
1071 1774
1071 1773
1071 1772
1071 1771
1070 1771
1070 1770
1070 1769
1069 1769
1069 1768
1068 1768
1068 1767
1067 1767
1067 1766
1066 1766
1066 1765
1065 1765
1065 1764
1064 1764
1064 1763
1063 1763
1062 1763
1062 1762
1061 1762
1060 1762
1060 1761
1059 1761
1058 1761
1058 1760
1057 1760
1056 1760
1055 1760
1054 1760
1053 1760
1052 1760
1051 1760
1050 1760
1049 1760
1048 1760
1047 1760
1046 1760
1046 1761
1045 1761
1044 1761
1043 1761
1043 1762
1042 1762
1041 1762
1040 1762
1039 1762
1039 1763
1038 1763
1037 1763
1036 1763
1036 1764
1035 1764
1034 1764
1034 1765
1033 1765
1033 1766
1032 1766
1032 1767
1031 1767
1031 1768
1030 1768
1030 1769
1030 1770
1029 1770
1029 1771
1028 1771
1028 1772
1028 1773
1027 1773
1027 1774
1027 1775
1026 1775
1026 1776
1026 1777
1026 1778
1026 1779
1025 1779
1025 1780
1025 1781
1025 1782
1025 1783
1024 1783
1024 1784
1024 1785
1024 1786
1023 1786
1023 1787
1023 1788
1023 1789
1023 1790
1023 1791
1023 1792
1023 1793
1023 1794
1023 1795
1023 1796
1024 1796
1024 1797
1024 1798
1024 1799
1024 1800
1025 1800
1025 1801
1025 1802
1026 1802
1026 1803
1026 1804
1026 1805
1027 1805
1027 1806
1027 1807
1028 1807
1028 1808
1028 1809
1029 1809
1029 1810
1030 1810
1030 1811
1031 1811
1031 1812
1032 1812
1032 1813
1033 1813
1033 1814
1034 1814
1034 1815
1035 1815
1036 1815
1036 1816
1037 1816
1038 1816
1038 1817
1039 1817
1040 1817
1040 1818
1041 1818
1041 1819
1042 1819
1042 1820
1043 1820
1044 1820
1044 1821
1045 1821
1046 1821
1047 1821
1048 1821
1049 1821
1050 1821
1051 1821
1052 1821
1053 1821
1054 1821
1055 1821
1056 1821
1057 1821
1058 1821
1059 1821
1060 1821
1061 1821
1062 1821
1063 1821
1064 1821
1065 1821
1066 1821
1067 1821
1067 1820
1068 1820
1069 1820
1069 1819
1070 1819
1070 1818
1071 1818
1072 1818
1072 1817
1073 1817
1074 1817
1074 1816
1075 1816
1076 1816
1077 1816
1077 1815
1078 1815
1079 1815
1079 1814
1080 1814
1080 1813
1080 1812
1081 1812
1082 1812
1082 1811
1083 1811
1084 1811
1084 1810
1085 1810
1085 1809
1085 1808
1086 1808
1086 1807
1087 1807
1088 1807
1088 1806
1089 1806
1089 1805
1089 1804
1090 1804
1090 1803
1090 1802
1091 1802
1092 1802
1092 1801
1093 1801
1093 1800
1093 1799
1094 1799
1094 1798
1094 1797
1095 1797
1095 1796
1095 1795
1096 1795
1096 1794
1097 1794
1097 1793
1098 1793
1098 1792
1099 1792
1099 1791
1099 1790
1099 1789
1100 1789
1100 1788
1101 1788
1101 1787
1102 1787
1102 1786
1102 1785
1103 1785
1103 1784
1103 1783
1103 1782
1103 1781
1104 1781
1104 1780
1104 1779
1104 1778
1105 1778
1105 1777
1105 1776
1106 1776
1106 1775
1106 1774
1107 1774
1107 1773
1107 1772
1107 1771
1107 1770
1107 1769
1107 1768
1107 1767
1107 1766
1107 1765
1107 1764
1107 1763
1107 1762
1107 1761
1107 1760
1107 1759
1107 1758
1107 1757
1107 1756
1107 1755
1106 1755
1106 1754
1106 1753
1106 1752
1105 1752
1105 1751
1104 1751
1104 1750
1104 1749
1104 1748
1103 1748
1103 1747
1103 1746
1103 1745
1102 1745
1102 1744
1102 1743
1101 1743
1101 1742
1100 1742
1100 1741
1100 1740
1099 1740
1099 1739
1099 1738
1098 1738
1098 1737
1097 1737
1097 1736
1096 1736
1096 1735
1095 1735
1095 1734
1095 1733
1094 1733
1094 1732
1093 1732
1093 1731
1092 1731
1092 1730
1091 1730
1091 1729
1090 1729
1090 1728
1089 1728
1089 1727
1089 1726
1088 1726
1087 1726
1087 1725
1086 1725
1086 1724
1085 1724
1085 1723
1085 1722
1084 1722
1084 1721
1083 1721
1083 1720
1082 1720
1082 1719
1081 1719
1080 1719
1080 1718
1080 1717
1079 1717
1079 1716
1078 1716
1077 1716
1077 1715
1076 1715
1076 1714
1075 1714
1075 1713
1074 1713
1074 1712
1073 1712
1072 1712
1072 1711
1071 1711
1071 1710
1070 1710
1069 1710
1069 1709
1068 1709
1068 1708
1067 1708
1067 1707
1066 1707
1065 1707
1064 1707
1063 1707
1063 1706
1062 1706
1061 1706
1061 1705
1060 1705
1059 1705
1059 1704
1058 1704
1058 1703
1057 1703
1056 1703
1055 1703
1055 1702
1054 1702
1053 1702
1052 1702
1051 1702
1050 1702
1049 1702
1049 1701
1048 1701
1047 1701
1046 1701
1045 1701
1045 1700
1044 1700
1043 1700
1042 1700
1042 1699
1041 1699
1040 1699
1040 1698
1039 1698
1038 1698
1037 1698
1036 1698
1035 1698
1034 1698
1033 1698
1033 1697
1032 1697
1031 1697
1030 1697
1029 1697
1028 1697
1027 1697
1026 1697
1025 1697
1025 1696
1024 1696
1023 1696
1022 1696
1022 1695
1021 1695
1020 1695
1020 1694
1019 1694
1018 1694
1017 1694
1016 1694
1016 1693
1015 1693
1015 1692
1014 1692
1014 1691
1015 1691
1015 1690
1016 1690
1017 1690
1017 1689
1018 1689
1018 1688
1019 1688
1019 1687
1020 1687
1020 1686
1021 1686
1021 1685
1022 1685
1023 1685
1023 1684
1024 1684
1024 1683
1025 1683
1025 1682
1026 1682
1026 1681
1027 1681
1027 1680
1028 1680
1028 1679
1029 1679
1029 1678
1029 1677
1030 1677
1030 1676
1031 1676
1031 1675
1032 1675
1032 1674
1033 1674
1033 1673
1033 1672
1034 1672
1034 1671
1035 1671
1035 1670
1036 1670
1037 1670
1037 1669
1037 1668
1038 1668
1038 1667
1038 1666
1039 1666
1039 1665
1039 1664
1040 1664
1040 1663
1041 1663
1041 1662
1042 1662
1042 1661
1042 1660
1043 1660
1043 1659
1043 1658
1043 1657
1043 1656
1043 1655
1043 1654
1043 1653
1043 1652
1043 1651
1043 1650
1043 1649
1043 1648
1043 1647
1043 1646
1042 1646
1042 1645
1042 1644
1041 1644
1041 1643
1041 1642
1040 1642
1040 1641
1039 1641
1039 1640
1038 1640
1038 1639
1037 1639
1037 1638
1036 1638
1036 1637
1035 1637
1035 1636
1034 1636
1034 1635
1033 1635
1033 1634
1032 1634
1032 1633
1031 1633
1030 1633
1030 1632
1029 1632
1028 1632
1027 1632
1027 1631
1026 1631
1025 1631
1024 1631
1023 1631
1023 1630
1022 1630
1021 1630
1020 1630
1019 1630
1019 1629
1018 1629
1017 1629
1016 1629
1016 1630
1015 1630
1014 1630
1013 1630
1012 1630
1012 1631
1011 1631
1010 1631
1009 1631
1009 1632
1008 1632
1007 1632
1006 1632
1006 1633
1005 1633
1004 1633
1004 1634
1004 1635
1003 1635
1003 1636
1002 1636
1002 1637
1001 1637
1000 1637
999 1637
998 1637
998 1636
997 1636
996 1636
996 1635
995 1635
995 1634
994 1634
994 1633
993 1633
993 1632
992 1632
991 1632
990 1632
990 1631
989 1631
988 1631
988 1630
987 1630
986 1630
985 1630
984 1630
983 1630
983 1629
982 1629
981 1629
980 1629
-2 -2
