376 1045
376 1046
375 1046
374 1046
374 1047
373 1047
372 1047
372 1048
371 1048
371 1049
370 1049
369 1049
368 1049
368 1050
367 1050
366 1050
365 1050
364 1050
363 1050
363 1051
362 1051
361 1051
361 1052
361 1053
360 1053
359 1053
359 1054
358 1054
357 1054
356 1054
356 1055
355 1055
354 1055
354 1056
353 1056
352 1056
352 1057
351 1057
351 1058
350 1058
349 1058
349 1059
348 1059
347 1059
346 1059
346 1060
345 1060
345 1061
344 1061
344 1062
343 1062
343 1063
342 1063
341 1063
341 1064
340 1064
339 1064
339 1065
338 1065
338 1066
337 1066
337 1067
336 1067
336 1068
335 1068
335 1069
334 1069
333 1069
333 1070
333 1071
332 1071
332 1072
331 1072
331 1073
330 1073
329 1073
329 1074
328 1074
328 1075
327 1075
327 1076
327 1077
326 1077
325 1077
325 1078
324 1078
323 1078
323 1079
323 1080
322 1080
322 1081
321 1081
321 1082
320 1082
320 1083
319 1083
319 1084
319 1085
318 1085
318 1086
317 1086
317 1087
316 1087
315 1087
315 1088
315 1089
314 1089
314 1090
313 1090
313 1091
313 1092
312 1092
311 1092
311 1093
310 1093
310 1094
309 1094
309 1095
308 1095
308 1096
307 1096
307 1097
306 1097
306 1098
305 1098
305 1099
305 1100
304 1100
304 1101
303 1101
303 1102
303 1103
302 1103
302 1104
301 1104
301 1105
300 1105
300 1106
300 1107
299 1107
299 1108
299 1109
298 1109
298 1110
297 1110
297 1111
296 1111
296 1112
295 1112
295 1113
295 1114
294 1114
294 1115
294 1116
293 1116
293 1117
292 1117
292 1118
292 1119
291 1119
291 1120
290 1120
290 1121
290 1122
289 1122
289 1123
288 1123
288 1124
287 1124
287 1125
286 1125
286 1126
285 1126
285 1127
285 1128
284 1128
283 1128
283 1129
282 1129
282 1130
281 1130
281 1131
281 1132
280 1132
280 1133
279 1133
278 1133
278 1134
277 1134
277 1135
276 1135
276 1136
275 1136
275 1137
274 1137
274 1138
273 1138
272 1138
272 1139
271 1139
271 1140
270 1140
270 1141
269 1141
268 1141
268 1142
267 1142
266 1142
266 1143
265 1143
264 1143
263 1143
262 1143
261 1143
260 1143
259 1143
258 1143
257 1143
256 1143
255 1143
254 1143
254 1142
253 1142
252 1142
251 1142
251 1143
250 1143
249 1143
248 1143
247 1143
246 1143
246 1144
245 1144
245 1145
244 1145
244 1146
243 1146
243 1147
243 1148
242 1148
242 1149
242 1150
242 1151
241 1151
241 1152
241 1153
242 1153
242 1154
242 1155
242 1156
243 1156
243 1157
243 1158
244 1158
244 1159
244 1160
245 1160
245 1161
246 1161
246 1162
247 1162
247 1163
248 1163
249 1163
249 1164
250 1164
251 1164
251 1165
252 1165
253 1165
253 1166
253 1167
254 1167
255 1167
255 1168
256 1168
257 1168
257 1169
258 1169
258 1170
259 1170
259 1171
260 1171
261 1171
261 1172
262 1172
262 1173
263 1173
264 1173
265 1173
266 1173
267 1173
267 1174
268 1174
269 1174
270 1174
271 1174
272 1174
273 1174
273 1175
274 1175
275 1175
276 1175
277 1175
278 1175
279 1175
280 1175
281 1175
281 1174
282 1174
283 1174
284 1174
285 1174
286 1174
287 1174
288 1174
289 1174
289 1173
290 1173
291 1173
292 1173
293 1173
294 1173
295 1173
295 1172
296 1172
297 1172
297 1171
298 1171
299 1171
299 1170
300 1170
301 1170
301 1169
302 1169
303 1169
303 1168
304 1168
305 1168
305 1167
306 1167
306 1166
307 1166
307 1165
308 1165
308 1164
309 1164
310 1164
310 1163
311 1163
311 1162
312 1162
312 1161
313 1161
313 1160
314 1160
315 1160
315 1159
316 1159
317 1159
317 1158
318 1158
318 1157
319 1157
319 1156
320 1156
320 1155
320 1154
321 1154
321 1153
322 1153
322 1152
323 1152
323 1151
324 1151
324 1150
325 1150
325 1149
325 1148
326 1148
326 1147
326 1146
327 1146
327 1147
327 1148
327 1149
327 1150
327 1151
327 1152
326 1152
326 1153
326 1154
325 1154
325 1155
325 1156
324 1156
324 1157
324 1158
323 1158
323 1159
323 1160
323 1161
323 1162
323 1163
323 1164
322 1164
322 1165
322 1166
321 1166
321 1167
320 1167
319 1167
319 1168
319 1169
318 1169
318 1170
318 1171
318 1172
317 1172
317 1173
317 1174
317 1175
316 1175
316 1176
315 1176
315 1177
314 1177
314 1178
314 1179
314 1180
314 1181
313 1181
313 1182
313 1183
313 1184
313 1185
312 1185
312 1186
312 1187
311 1187
311 1188
311 1189
310 1189
310 1190
309 1190
309 1191
309 1192
309 1193
309 1194
309 1195
308 1195
308 1196
308 1197
307 1197
307 1198
307 1199
306 1199
306 1200
305 1200
305 1201
305 1202
304 1202
304 1203
304 1204
304 1205
303 1205
303 1206
303 1207
302 1207
302 1208
301 1208
301 1209
300 1209
300 1210
300 1211
299 1211
299 1212
299 1213
298 1213
297 1213
297 1214
296 1214
296 1215
295 1215
295 1216
295 1217
294 1217
293 1217
293 1218
292 1218
291 1218
291 1219
291 1220
290 1220
290 1221
289 1221
289 1222
288 1222
287 1222
286 1222
285 1222
284 1222
284 1223
283 1223
283 1224
282 1224
282 1225
281 1225
280 1225
280 1226
279 1226
278 1226
278 1227
277 1227
276 1227
275 1227
274 1227
273 1227
272 1227
271 1227
270 1227
270 1228
269 1228
269 1229
268 1229
268 1230
267 1230
266 1230
266 1231
265 1231
264 1231
264 1232
263 1232
262 1232
261 1232
261 1233
260 1233
260 1234
259 1234
259 1235
258 1235
257 1235
257 1236
256 1236
255 1236
254 1236
253 1236
253 1237
252 1237
251 1237
251 1238
250 1238
250 1239
249 1239
248 1239
248 1240
247 1240
246 1240
245 1240
245 1241
244 1241
243 1241
242 1241
241 1241
240 1241
240 1242
239 1242
238 1242
238 1243
237 1243
236 1243
236 1244
235 1244
234 1244
234 1245
233 1245
232 1245
231 1245
230 1245
229 1245
228 1245
227 1245
226 1245
225 1245
224 1245
223 1245
222 1245
222 1246
221 1246
220 1246
219 1246
218 1246
217 1246
216 1246
215 1246
214 1246
213 1246
212 1246
211 1246
210 1246
209 1246
209 1247
208 1247
207 1247
206 1247
205 1247
204 1247
203 1247
202 1247
201 1247
200 1247
199 1247
198 1247
197 1247
196 1247
196 1248
195 1248
195 1247
194 1247
193 1247
192 1247
191 1247
190 1247
189 1247
188 1247
187 1247
186 1247
186 1246
185 1246
184 1246
183 1246
182 1246
181 1246
180 1246
180 1245
179 1245
178 1245
177 1245
176 1245
175 1245
175 1244
174 1244
174 1243
173 1243
173 1242
172 1242
171 1242
171 1241
170 1241
170 1240
169 1240
169 1239
168 1239
168 1238
167 1238
167 1237
167 1236
167 1235
167 1234
167 1233
167 1232
167 1231
167 1230
167 1229
167 1228
167 1227
167 1226
167 1225
167 1224
167 1223
167 1222
167 1221
167 1220
167 1219
167 1218
167 1217
167 1216
167 1215
167 1214
168 1214
168 1213
168 1212
169 1212
169 1211
170 1211
170 1210
170 1209
171 1209
171 1208
171 1207
171 1206
171 1205
171 1204
172 1204
172 1203
172 1202
173 1202
174 1202
175 1202
176 1202
176 1203
177 1203
177 1204
177 1205
177 1206
177 1207
178 1207
178 1208
178 1209
178 1210
178 1211
179 1211
179 1212
180 1212
180 1213
180 1214
181 1214
181 1215
182 1215
182 1216
183 1216
183 1217
183 1218
183 1219
184 1219
184 1220
184 1221
184 1222
185 1222
186 1222
186 1223
187 1223
187 1224
187 1225
188 1225
188 1226
189 1226
189 1227
189 1228
190 1228
191 1228
191 1229
192 1229
193 1229
194 1229
194 1230
195 1230
196 1230
197 1230
197 1231
198 1231
199 1231
200 1231
201 1231
202 1231
203 1231
204 1231
205 1231
206 1231
207 1231
207 1230
208 1230
209 1230
210 1230
211 1230
211 1229
212 1229
213 1229
214 1229
214 1228
215 1228
216 1228
216 1227
217 1227
217 1226
218 1226
218 1225
219 1225
219 1224
220 1224
221 1224
221 1223
222 1223
222 1222
222 1221
223 1221
223 1220
224 1220
224 1219
225 1219
225 1218
226 1218
226 1217
227 1217
227 1216
227 1215
227 1214
227 1213
227 1212
227 1211
227 1210
227 1209
228 1209
228 1208
228 1207
228 1206
228 1205
229 1205
229 1204
229 1203
229 1202
229 1201
229 1200
229 1199
229 1198
229 1197
229 1196
229 1195
229 1194
229 1193
228 1193
228 1192
228 1191
228 1190
228 1189
227 1189
227 1188
227 1187
227 1186
227 1185
227 1184
227 1183
226 1183
226 1182
226 1181
225 1181
225 1180
224 1180
224 1179
224 1178
223 1178
223 1177
223 1176
222 1176
222 1175
222 1174
221 1174
221 1173
220 1173
220 1172
220 1171
219 1171
219 1170
218 1170
218 1169
217 1169
217 1168
216 1168
216 1167
215 1167
215 1166
214 1166
214 1165
213 1165
213 1164
212 1164
212 1163
211 1163
210 1163
210 1162
209 1162
208 1162
208 1161
207 1161
206 1161
205 1161
205 1160
204 1160
203 1160
202 1160
202 1159
201 1159
200 1159
200 1158
199 1158
198 1158
197 1158
197 1157
196 1157
195 1157
194 1157
193 1157
192 1157
191 1157
190 1157
189 1157
188 1157
187 1157
186 1157
185 1157
185 1158
184 1158
183 1158
182 1158
181 1158
181 1159
180 1159
179 1159
179 1160
178 1160
177 1160
177 1161
176 1161
175 1161
174 1161
173 1161
172 1161
172 1162
171 1162
170 1162
169 1162
168 1162
167 1162
167 1163
166 1163
166 1164
165 1164
165 1165
164 1165
163 1165
163 1166
162 1166
161 1166
160 1166
160 1167
159 1167
158 1167
158 1168
157 1168
157 1169
156 1169
156 1170
155 1170
154 1170
154 1171
153 1171
153 1172
152 1172
152 1173
151 1173
151 1174
150 1174
150 1175
149 1175
149 1176
148 1176
147 1176
147 1177
147 1178
146 1178
146 1179
145 1179
145 1180
145 1181
144 1181
144 1182
143 1182
143 1183
142 1183
142 1184
142 1185
141 1185
141 1186
141 1187
140 1187
140 1188
140 1189
139 1189
139 1190
139 1191
138 1191
138 1192
137 1192
137 1193
137 1194
137 1195
136 1195
136 1196
136 1197
136 1198
136 1199
136 1200
136 1201
136 1202
136 1203
135 1203
135 1204
135 1205
135 1206
135 1207
134 1207
134 1208
134 1209
133 1209
133 1210
133 1211
133 1212
132 1212
132 1213
132 1214
132 1215
132 1216
132 1217
132 1218
132 1219
132 1220
132 1221
132 1222
132 1223
132 1224
133 1224
133 1225
133 1226
134 1226
134 1227
134 1228
134 1229
134 1230
135 1230
135 1231
135 1232
135 1233
136 1233
136 1234
136 1235
136 1236
136 1237
136 1238
136 1239
137 1239
137 1240
137 1241
138 1241
138 1242
138 1243
139 1243
139 1244
140 1244
140 1245
140 1246
141 1246
141 1247
141 1248
142 1248
142 1249
142 1250
143 1250
143 1251
144 1251
144 1252
145 1252
145 1253
146 1253
146 1254
146 1255
147 1255
147 1256
148 1256
148 1257
149 1257
149 1258
150 1258
150 1259
150 1260
151 1260
151 1261
152 1261
152 1262
153 1262
154 1262
154 1263
155 1263
155 1264
155 1265
156 1265
156 1266
156 1267
157 1267
158 1267
158 1268
159 1268
159 1269
159 1270
160 1270
160 1271
161 1271
161 1272
162 1272
162 1273
163 1273
163 1274
164 1274
164 1275
165 1275
165 1276
166 1276
167 1276
167 1277
168 1277
168 1278
169 1278
169 1279
170 1279
171 1279
171 1280
172 1280
172 1281
173 1281
174 1281
174 1282
175 1282
175 1283
175 1284
176 1284
177 1284
177 1285
178 1285
179 1285
179 1286
180 1286
181 1286
181 1287
182 1287
182 1288
183 1288
183 1289
184 1289
185 1289
186 1289
186 1290
187 1290
188 1290
188 1291
189 1291
190 1291
190 1292
191 1292
191 1293
192 1293
193 1293
194 1293
194 1294
195 1294
196 1294
197 1294
198 1294
199 1294
200 1294
201 1294
202 1294
202 1295
203 1295
204 1295
205 1295
206 1295
207 1295
208 1295
208 1296
209 1296
210 1296
211 1296
212 1296
213 1296
214 1296
215 1296
216 1296
217 1296
218 1296
218 1295
219 1295
220 1295
221 1295
222 1295
222 1294
223 1294
224 1294
225 1294
226 1294
227 1294
228 1294
229 1294
230 1294
231 1294
232 1294
233 1294
234 1294
235 1294
236 1294
237 1294
238 1294
238 1293
239 1293
240 1293
240 1292
241 1292
241 1291
242 1291
243 1291
244 1291
244 1290
245 1290
246 1290
247 1290
248 1290
248 1289
249 1289
250 1289
251 1289
252 1289
253 1289
254 1289
254 1288
255 1288
255 1287
256 1287
256 1286
257 1286
258 1286
259 1286
259 1285
260 1285
261 1285
262 1285
263 1285
263 1284
264 1284
265 1284
265 1283
266 1283
266 1282
267 1282
268 1282
268 1281
269 1281
270 1281
270 1280
271 1280
272 1280
273 1280
273 1279
274 1279
274 1278
275 1278
276 1278
276 1277
277 1277
277 1276
278 1276
279 1276
280 1276
280 1275
281 1275
282 1275
282 1274
283 1274
283 1273
284 1273
284 1272
285 1272
286 1272
287 1272
287 1271
288 1271
289 1271
289 1270
290 1270
291 1270
291 1269
292 1269
292 1268
293 1268
293 1267
294 1267
295 1267
295 1266
296 1266
297 1266
297 1265
298 1265
298 1264
299 1264
299 1263
300 1263
301 1263
301 1262
302 1262
302 1261
303 1261
304 1261
304 1260
305 1260
305 1259
306 1259
306 1258
307 1258
307 1257
308 1257
308 1256
309 1256
309 1255
310 1255
310 1254
311 1254
311 1253
312 1253
312 1252
313 1252
313 1251
314 1251
314 1250
315 1250
315 1249
316 1249
316 1248
317 1248
317 1247
318 1247
318 1246
319 1246
319 1245
320 1245
320 1244
320 1243
321 1243
321 1242
322 1242
322 1241
323 1241
323 1240
323 1239
324 1239
325 1239
325 1238
325 1237
326 1237
326 1236
326 1235
327 1235
327 1234
328 1234
329 1234
329 1233
329 1232
329 1231
329 1230
330 1230
330 1229
331 1229
331 1228
332 1228
333 1228
333 1227
333 1226
334 1226
334 1225
334 1224
334 1223
334 1222
334 1221
334 1220
335 1220
335 1219
336 1219
336 1218
337 1218
338 1218
338 1217
338 1216
338 1215
339 1215
339 1214
339 1213
339 1212
339 1211
339 1210
340 1210
340 1209
340 1208
341 1208
341 1207
342 1207
342 1206
343 1206
343 1205
343 1204
343 1203
343 1202
343 1201
344 1201
344 1200
344 1199
344 1198
345 1198
345 1197
346 1197
346 1196
347 1196
347 1195
348 1195
348 1194
348 1193
348 1192
348 1191
348 1190
348 1189
349 1189
349 1188
349 1187
349 1186
348 1186
348 1185
348 1184
348 1183
349 1183
349 1182
350 1182
350 1181
351 1181
351 1180
352 1180
352 1179
352 1178
353 1178
353 1177
353 1176
353 1175
353 1174
353 1173
353 1172
353 1171
353 1170
353 1169
353 1168
353 1167
353 1166
353 1165
353 1164
354 1164
354 1163
354 1162
355 1162
356 1162
356 1161
356 1160
357 1160
357 1159
357 1158
357 1157
357 1156
357 1155
357 1154
357 1153
357 1152
357 1151
357 1150
357 1149
357 1148
357 1147
357 1146
358 1146
358 1145
359 1145
359 1144
360 1144
360 1143
360 1142
361 1142
361 1141
361 1140
362 1140
362 1139
362 1138
362 1137
362 1136
362 1135
362 1134
362 1133
362 1132
362 1131
362 1130
363 1130
363 1129
363 1128
363 1127
364 1127
364 1126
365 1126
365 1125
366 1125
366 1124
367 1124
367 1123
367 1122
367 1121
367 1120
367 1119
367 1118
367 1117
368 1117
368 1116
369 1116
370 1116
370 1115
371 1115
371 1114
371 1113
371 1112
371 1111
371 1110
371 1109
372 1109
372 1108
372 1107
372 1106
372 1105
373 1105
373 1104
374 1104
374 1103
375 1103
375 1102
375 1101
376 1101
376 1100
376 1099
376 1098
376 1097
376 1096
376 1095
377 1095
377 1094
378 1094
378 1093
379 1093
379 1092
380 1092
380 1091
381 1091
381 1090
381 1089
381 1088
381 1087
381 1086
381 1085
382 1085
383 1085
383 1084
384 1084
385 1084
385 1083
385 1082
385 1081
386 1081
386 1080
387 1080
387 1079
388 1079
389 1079
390 1079
390 1078
391 1078
392 1078
392 1077
393 1077
393 1076
394 1076
395 1076
396 1076
396 1075
397 1075
398 1075
399 1075
400 1075
401 1075
402 1075
403 1075
404 1075
404 1074
405 1074
406 1074
406 1073
407 1073
408 1073
408 1072
409 1072
410 1072
410 1071
411 1071
412 1071
413 1071
413 1070
414 1070
414 1069
415 1069
416 1069
416 1068
417 1068
417 1067
417 1066
418 1066
418 1065
418 1064
419 1064
419 1063
419 1062
419 1061
420 1061
420 1060
420 1059
420 1058
420 1057
420 1056
419 1056
419 1055
419 1054
419 1053
418 1053
418 1052
418 1051
417 1051
417 1050
416 1050
416 1049
415 1049
414 1049
414 1048
413 1048
413 1047
412 1047
412 1046
411 1046
410 1046
410 1045
409 1045
408 1045
407 1045
406 1045
405 1045
404 1045
403 1045
402 1045
401 1045
400 1045
399 1045
398 1045
397 1045
396 1045
395 1045
394 1045
393 1045
392 1045
391 1045
390 1045
389 1045
388 1045
387 1045
386 1045
385 1045
384 1045
383 1045
382 1045
381 1045
380 1045
379 1045
378 1045
377 1045
376 1045
-2 -2
