982 885
982 886
981 886
980 886
979 886
978 886
977 886
976 886
975 886
975 887
974 887
973 887
972 887
971 887
970 887
969 887
969 888
968 888
967 888
967 889
966 889
965 889
965 890
964 890
963 890
963 891
962 891
961 891
960 891
959 891
958 891
957 891
957 892
956 892
955 892
954 892
954 893
953 893
953 894
952 894
951 894
951 895
950 895
949 895
949 896
948 896
947 896
946 896
946 897
945 897
944 897
944 898
943 898
943 899
942 899
942 900
941 900
940 900
940 901
939 901
939 902
938 902
938 903
937 903
937 904
936 904
936 905
935 905
934 905
934 906
933 906
933 907
933 908
932 908
932 909
931 909
930 909
930 910
929 910
929 911
928 911
928 912
927 912
927 913
926 913
925 913
925 914
924 914
924 915
923 915
922 915
922 916
921 916
921 917
920 917
920 918
919 918
919 919
918 919
917 919
917 920
916 920
916 921
915 921
915 922
914 922
914 923
913 923
913 924
912 924
912 925
911 925
911 926
910 926
910 927
909 927
909 928
908 928
908 929
907 929
907 930
907 931
906 931
906 932
905 932
905 933
905 934
904 934
904 935
903 935
903 936
903 937
902 937
902 938
901 938
901 939
901 940
900 940
900 941
900 942
899 942
899 943
899 944
898 944
898 945
897 945
897 946
897 947
896 947
896 948
896 949
895 949
895 950
895 951
895 952
894 952
894 953
893 953
893 954
892 954
892 955
892 956
892 957
891 957
891 958
891 959
891 960
891 961
891 962
890 962
890 963
890 964
889 964
889 965
889 966
888 966
888 967
888 968
887 968
887 969
887 970
887 971
887 972
887 973
887 974
887 975
886 975
886 976
886 977
886 978
886 979
886 980
886 981
886 982
886 983
886 984
886 985
886 986
886 987
886 988
886 989
886 990
886 991
886 992
886 993
886 994
886 995
886 996
886 997
886 998
885 998
885 999
885 1000
885 1001
885 1002
885 1003
885 1004
885 1005
885 1006
885 1007
885 1008
885 1009
885 1010
885 1011
885 1012
885 1013
885 1014
885 1015
885 1016
885 1017
886 1017
886 1018
886 1019
886 1020
886 1021
886 1022
886 1023
886 1024
887 1024
887 1025
887 1026
887 1027
887 1028
887 1029
888 1029
888 1030
888 1031
888 1032
889 1032
889 1033
889 1034
890 1034
890 1035
890 1036
891 1036
891 1037
891 1038
891 1039
891 1040
892 1040
892 1041
892 1042
892 1043
892 1044
892 1045
893 1045
893 1046
894 1046
894 1047
894 1048
895 1048
895 1049
895 1050
896 1050
896 1051
896 1052
896 1053
896 1054
897 1054
897 1055
898 1055
898 1056
899 1056
899 1057
900 1057
900 1058
900 1059
901 1059
901 1060
902 1060
902 1061
903 1061
903 1062
904 1062
904 1063
905 1063
905 1064
905 1065
906 1065
906 1066
907 1066
908 1066
908 1067
909 1067
909 1068
910 1068
910 1069
910 1070
911 1070
911 1071
912 1071
912 1072
913 1072
913 1073
914 1073
914 1074
914 1075
915 1075
915 1076
915 1077
916 1077
916 1078
917 1078
917 1079
918 1079
918 1080
919 1080
919 1081
920 1081
920 1082
920 1083
921 1083
921 1084
922 1084
922 1085
923 1085
923 1086
924 1086
924 1087
925 1087
925 1088
926 1088
926 1089
927 1089
927 1090
928 1090
929 1090
929 1091
929 1092
930 1092
930 1093
931 1093
932 1093
932 1094
933 1094
934 1094
934 1095
935 1095
935 1096
936 1096
937 1096
937 1097
938 1097
938 1098
939 1098
940 1098
940 1099
941 1099
942 1099
942 1100
943 1100
944 1100
944 1101
945 1101
945 1102
946 1102
946 1103
947 1103
948 1103
949 1103
950 1103
950 1104
951 1104
952 1104
952 1105
953 1105
953 1106
954 1106
954 1107
955 1107
956 1107
957 1107
958 1107
958 1108
959 1108
960 1108
961 1108
962 1108
962 1109
963 1109
964 1109
964 1110
965 1110
966 1110
966 1111
967 1111
968 1111
968 1112
969 1112
970 1112
971 1112
972 1112
973 1112
973 1113
974 1113
975 1113
976 1113
977 1113
978 1113
979 1113
980 1113
981 1113
982 1113
983 1113
984 1113
985 1113
986 1113
987 1113
988 1113
989 1113
990 1113
991 1113
992 1113
993 1113
994 1113
995 1113
996 1113
996 1114
997 1114
998 1114
999 1114
1000 1114
1001 1114
1002 1114
1003 1114
1004 1114
1005 1114
1006 1114
1007 1114
1008 1114
1009 1114
1010 1114
1011 1114
1012 1114
1013 1114
1014 1114
1015 1114
1016 1114
1017 1114
1018 1114
1018 1113
1019 1113
1020 1113
1021 1113
1022 1113
1023 1113
1024 1113
1024 1112
1025 1112
1026 1112
1027 1112
1028 1112
1029 1112
1030 1112
1030 1111
1031 1111
1032 1111
1032 1110
1033 1110
1034 1110
1034 1109
1035 1109
1036 1109
1037 1109
1037 1108
1038 1108
1039 1108
1040 1108
1041 1108
1041 1107
1042 1107
1043 1107
1044 1107
1045 1107
1045 1106
1046 1106
1046 1105
1047 1105
1048 1105
1048 1104
1049 1104
1050 1104
1050 1103
1051 1103
1052 1103
1053 1103
1053 1102
1054 1102
1055 1102
1055 1101
1056 1101
1056 1100
1057 1100
1057 1099
1058 1099
1059 1099
1059 1098
1060 1098
1060 1097
1061 1097
1061 1096
1062 1096
1062 1095
1063 1095
1063 1094
1064 1094
1065 1094
1065 1093
1066 1093
1066 1092
1066 1091
1067 1091
1067 1090
1068 1090
1069 1090
1069 1089
1070 1089
1070 1088
1071 1088
1072 1088
1072 1087
1072 1086
1073 1086
1074 1086
1074 1085
1075 1085
1075 1084
1076 1084
1077 1084
1077 1083
1078 1083
1078 1082
1079 1082
1079 1081
1080 1081
1080 1080
1081 1080
1082 1080
1082 1079
1083 1079
1083 1078
1084 1078
1084 1077
1085 1077
1085 1076
1086 1076
1086 1075
1087 1075
1088 1075
1088 1074
1089 1074
1089 1073
1089 1072
1090 1072
1090 1071
1091 1071
1091 1070
1092 1070
1092 1069
1093 1069
1093 1068
1093 1067
1094 1067
1094 1066
1094 1065
1095 1065
1095 1064
1096 1064
1096 1063
1097 1063
1097 1062
1098 1062
1098 1061
1098 1060
1098 1059
1099 1059
1099 1058
1099 1057
1100 1057
1100 1056
1101 1056
1101 1055
1102 1055
1102 1054
1103 1054
1103 1053
1103 1052
1103 1051
1103 1050
1103 1049
1104 1049
1104 1048
1104 1047
1105 1047
1105 1046
1106 1046
1106 1045
1107 1045
1107 1044
1107 1043
1107 1042
1108 1042
1108 1041
1108 1040
1108 1039
1108 1038
1108 1037
1109 1037
1109 1036
1109 1035
1110 1035
1110 1034
1111 1034
1111 1033
1111 1032
1112 1032
1112 1031
1112 1030
1112 1029
1112 1028
1112 1027
1112 1026
1113 1026
1113 1025
1113 1024
1113 1023
1113 1022
1113 1021
1113 1020
1113 1019
1113 1018
1113 1017
1113 1016
1113 1015
1113 1014
1113 1013
1113 1012
1113 1011
1113 1010
1113 1009
1113 1008
1113 1007
1113 1006
1113 1005
1113 1004
1113 1003
1113 1002
1113 1001
1114 1001
1114 1000
1114 999
1114 998
1114 997
1114 996
1114 995
1114 994
1114 993
1114 992
1114 991
1114 990
1114 989
1114 988
1114 987
1114 986
1114 985
1114 984
1114 983
1113 983
1113 982
1113 981
1113 980
1113 979
1113 978
1113 977
1113 976
1113 975
1113 974
1112 974
1112 973
1112 972
1112 971
1112 970
1111 970
1111 969
1111 968
1111 967
1110 967
1110 966
1110 965
1109 965
1109 964
1109 963
1108 963
1108 962
1108 961
1108 960
1108 959
1108 958
1107 958
1107 957
1107 956
1107 955
1107 954
1106 954
1106 953
1105 953
1105 952
1104 952
1104 951
1104 950
1104 949
1103 949
1103 948
1103 947
1103 946
1103 945
1102 945
1102 944
1101 944
1101 943
1100 943
1100 942
1099 942
1099 941
1099 940
1098 940
1098 939
1097 939
1097 938
1096 938
1096 937
1095 937
1095 936
1094 936
1094 935
1093 935
1093 934
1092 934
1092 933
1091 933
1091 932
1090 932
1090 931
1090 930
1089 930
1089 929
1088 929
1088 928
1087 928
1087 927
1086 927
1086 926
1086 925
1085 925
1085 924
1084 924
1084 923
1084 922
1083 922
1083 921
1082 921
1082 920
1081 920
1081 919
1080 919
1080 918
1080 917
1079 917
1079 916
1078 916
1078 915
1077 915
1077 914
1076 914
1076 913
1075 913
1075 912
1074 912
1074 911
1073 911
1073 910
1072 910
1072 909
1071 909
1070 909
1070 908
1070 907
1069 907
1068 907
1068 906
1067 906
1067 905
1066 905
1065 905
1065 904
1064 904
1064 903
1063 903
1063 902
1062 902
1061 902
1061 901
1060 901
1059 901
1059 900
1058 900
1057 900
1057 899
1056 899
1056 898
1055 898
1054 898
1054 897
1053 897
1053 896
1052 896
1051 896
1050 896
1049 896
1049 895
1048 895
1047 895
1047 894
1046 894
1046 893
1045 893
1045 892
1044 892
1043 892
1042 892
1042 891
1041 891
1040 891
1039 891
1038 891
1038 890
1037 890
1036 890
1035 890
1035 889
1034 889
1033 889
1033 888
1032 888
1031 888
1031 887
1030 887
1029 887
1028 887
1027 887
1026 887
1025 887
1024 887
1023 887
1022 887
1022 886
1021 886
1020 886
1019 886
1018 886
1017 886
1016 886
1015 886
1014 886
1013 886
1012 886
1011 886
1010 886
1009 886
1008 886
1007 886
1006 886
1005 886
1004 886
1003 886
1002 886
1002 885
1001 885
1000 885
999 885
998 885
997 885
996 885
995 885
994 885
993 885
992 885
991 885
990 885
989 885
988 885
987 885
986 885
985 885
984 885
983 885
982 885
-2 -2
