262 523
262 524
261 524
260 524
259 524
259 525
258 525
257 525
257 526
256 526
255 526
255 527
254 527
253 527
252 527
252 528
251 528
250 528
249 528
249 529
248 529
248 530
247 530
247 531
246 531
246 532
245 532
244 532
243 532
243 533
242 533
241 533
241 534
240 534
240 535
239 535
239 536
238 536
238 537
237 537
236 537
236 538
235 538
235 539
234 539
234 540
234 541
233 541
232 541
232 542
231 542
231 543
230 543
230 544
229 544
229 545
229 546
228 546
228 547
227 547
227 548
226 548
226 549
225 549
225 550
225 551
224 551
224 552
224 553
223 553
223 554
223 555
222 555
222 556
221 556
221 557
221 558
220 558
220 559
220 560
220 561
219 561
219 562
219 563
219 564
219 565
218 565
218 566
218 567
217 567
217 568
217 569
216 569
216 570
216 571
216 572
216 573
216 574
216 575
216 576
216 577
216 578
216 579
216 580
216 581
216 582
216 583
216 584
216 585
216 586
216 587
216 588
216 589
215 589
215 590
215 591
215 592
215 593
215 594
215 595
215 596
215 597
215 598
215 599
215 600
215 601
215 602
215 603
215 604
215 605
215 606
215 607
215 608
215 609
215 610
216 610
216 611
216 612
216 613
216 614
216 615
216 616
216 617
216 618
216 619
216 620
216 621
216 622
217 622
217 623
217 624
218 624
218 625
218 626
218 627
219 627
219 628
219 629
219 630
220 630
220 631
220 632
220 633
220 634
220 635
221 635
221 636
221 637
222 637
222 638
223 638
223 639
223 640
224 640
224 641
224 642
225 642
225 643
226 643
226 644
226 645
227 645
227 646
228 646
228 647
229 647
229 648
230 648
230 649
230 650
231 650
231 651
232 651
233 651
233 652
234 652
234 653
234 654
235 654
235 655
236 655
237 655
237 656
238 656
238 657
239 657
239 658
240 658
240 659
241 659
241 660
242 660
243 660
243 661
244 661
244 662
245 662
245 663
246 663
246 664
247 664
247 665
248 665
249 665
249 666
250 666
251 666
251 667
252 667
252 668
253 668
253 669
254 669
255 669
256 669
256 670
257 670
258 670
258 671
259 671
260 671
260 672
261 672
261 673
262 673
263 673
263 674
264 674
265 674
265 675
266 675
267 675
267 676
268 676
269 676
269 677
270 677
270 678
271 678
272 678
272 679
273 679
274 679
275 679
276 679
277 679
277 680
278 680
279 680
280 680
280 681
281 681
282 681
282 682
283 682
284 682
284 683
285 683
286 683
287 683
288 683
288 684
289 684
290 684
291 684
292 684
293 684
293 685
294 685
295 685
295 686
296 686
297 686
297 687
298 687
299 687
300 687
300 688
301 688
302 688
303 688
304 688
305 688
305 689
306 689
307 689
308 689
309 689
310 689
310 690
311 690
312 690
313 690
314 690
315 690
315 691
316 691
317 691
318 691
318 692
319 692
320 692
320 693
321 693
322 693
323 693
324 693
325 693
326 693
327 693
328 693
329 693
330 693
331 693
332 693
333 693
334 693
335 693
336 693
337 693
338 693
339 693
340 693
341 693
342 693
343 693
344 693
345 693
346 693
346 692
347 692
348 692
349 692
350 692
350 691
351 691
352 691
353 691
354 691
355 691
355 690
356 690
357 690
358 690
359 690
360 690
360 689
361 689
362 689
363 689
364 689
365 689
366 689
367 689
368 689
368 688
369 688
370 688
371 688
372 688
372 687
373 687
373 686
374 686
374 685
375 685
376 685
376 684
377 684
378 684
379 684
380 684
380 683
381 683
382 683
383 683
384 683
385 683
385 682
386 682
386 681
387 681
387 680
388 680
389 680
390 680
390 679
391 679
392 679
393 679
394 679
395 679
396 679
397 679
397 678
398 678
398 677
399 677
399 676
399 675
400 675
401 675
401 674
402 674
403 674
403 675
404 675
405 675
405 674
406 674
407 674
408 674
408 673
408 672
409 672
409 671
409 670
410 670
411 670
411 669
412 669
413 669
413 668
414 668
414 667
414 666
415 666
416 666
416 665
417 665
418 665
419 665
420 665
420 664
421 664
422 664
422 663
422 662
423 662
423 661
424 661
425 661
425 660
426 660
427 660
428 660
429 660
429 659
430 659
430 658
431 658
431 657
432 657
432 656
433 656
434 656
434 655
435 655
436 655
436 654
437 654
437 653
438 653
438 652
439 652
440 652
441 652
441 651
442 651
443 651
444 651
444 650
445 650
445 649
446 649
446 648
446 647
447 647
448 647
448 646
449 646
450 646
451 646
452 646
453 646
453 645
454 645
454 644
455 644
455 643
455 642
456 642
457 642
458 642
458 641
459 641
460 641
461 641
461 640
462 640
463 640
463 639
464 639
464 638
465 638
465 637
466 637
467 637
468 637
469 637
470 637
471 637
472 637
473 637
474 637
474 636
475 636
476 636
476 635
477 635
477 634
478 634
478 633
479 633
480 633
481 633
481 632
482 632
483 632
483 631
484 631
484 630
485 630
485 629
486 629
487 629
487 628
488 628
489 628
490 628
491 628
491 627
492 627
493 627
494 627
495 627
495 626
496 626
497 626
497 625
497 624
498 624
499 624
499 623
500 623
501 623
502 623
503 623
504 623
505 623
506 623
507 623
508 623
509 623
510 623
511 623
512 623
513 623
513 624
514 624
515 624
515 625
516 625
516 626
517 626
517 627
518 627
519 627
520 627
520 628
521 628
522 628
523 628
523 629
524 629
524 630
525 630
525 631
526 631
527 631
527 632
528 632
529 632
529 633
530 633
531 633
532 633
532 634
533 634
534 634
534 635
535 635
536 635
536 636
537 636
538 636
539 636
540 636
540 635
541 635
542 635
542 634
543 634
544 634
545 634
545 633
546 633
547 633
547 632
548 632
548 631
549 631
549 630
550 630
550 629
550 628
551 628
551 627
552 627
552 626
553 626
553 625
553 624
553 623
553 622
553 621
553 620
553 619
552 619
552 618
551 618
551 617
550 617
550 616
550 615
549 615
549 614
549 613
548 613
548 612
547 612
547 611
546 611
546 610
545 610
545 609
544 609
544 608
543 608
543 607
542 607
542 606
541 606
541 605
540 605
540 604
539 604
539 603
538 603
538 602
537 602
537 601
536 601
536 600
535 600
535 599
534 599
534 598
534 597
533 597
532 597
532 596
532 595
531 595
530 595
530 594
529 594
529 593
528 593
527 593
527 592
526 592
525 592
525 591
524 591
524 590
523 590
523 589
522 589
521 589
520 589
520 588
519 588
518 588
517 588
516 588
516 587
515 587
514 587
513 587
513 586
512 586
512 585
511 585
511 584
510 584
509 584
508 584
507 584
506 584
505 584
505 583
504 583
503 583
502 583
501 583
501 582
500 582
499 582
499 581
498 581
497 581
497 580
496 580
495 580
494 580
494 579
493 579
492 579
491 579
490 579
489 579
488 579
487 579
486 579
485 579
484 579
483 579
482 579
481 579
480 579
479 579
478 579
477 579
476 579
475 579
474 579
473 579
472 579
471 579
470 579
469 579
468 579
468 578
467 578
466 578
465 578
464 578
463 578
462 578
462 579
461 579
460 579
459 579
458 579
457 579
456 579
455 579
454 579
453 579
452 579
451 579
450 579
449 579
448 579
447 579
446 579
445 579
444 579
443 579
442 579
441 579
440 579
439 579
438 579
437 579
436 579
435 579
434 579
433 579
432 579
431 579
431 580
430 580
429 580
428 580
427 580
427 581
426 581
425 581
424 581
424 582
423 582
422 582
421 582
421 583
420 583
419 583
418 583
417 583
416 583
416 584
415 584
414 584
413 584
412 584
411 584
410 584
409 584
408 584
407 584
406 584
405 584
404 584
403 584
402 584
401 584
400 584
399 584
398 584
397 584
396 584
395 584
394 584
393 584
392 584
391 584
390 584
389 584
388 584
387 584
386 584
385 584
385 583
384 583
383 583
382 583
381 583
381 582
380 582
379 582
379 581
378 581
378 580
377 580
377 579
376 579
376 578
375 578
374 578
374 577
373 577
373 576
373 575
372 575
372 574
371 574
371 573
371 572
370 572
370 571
369 571
369 570
368 570
367 570
366 570
366 569
365 569
364 569
363 569
362 569
361 569
360 569
359 569
358 569
358 570
357 570
356 570
356 571
355 571
355 572
354 572
354 573
354 574
353 574
353 575
353 576
352 576
352 577
352 578
352 579
352 580
352 581
352 582
352 583
352 584
352 585
353 585
353 586
353 587
354 587
354 588
354 589
354 590
355 590
355 591
355 592
355 593
355 594
355 595
355 596
356 596
356 597
356 598
356 599
356 600
356 601
356 602
357 602
357 603
358 603
358 604
358 605
359 605
359 606
360 606
360 607
360 608
360 609
361 609
361 610
362 610
362 611
363 611
363 612
364 612
364 613
365 613
365 614
366 614
367 614
367 615
368 615
368 616
369 616
369 617
370 617
370 618
371 618
372 618
372 619
373 619
373 620
374 620
374 621
375 621
375 622
376 622
376 623
377 623
378 623
379 623
380 623
380 624
381 624
382 624
383 624
383 625
384 625
385 625
385 626
386 626
386 627
387 627
388 627
389 627
390 627
391 627
391 628
392 628
393 628
394 628
395 628
396 628
397 628
398 628
399 628
400 628
401 628
402 628
403 628
404 628
405 628
406 628
407 628
408 628
409 628
410 628
411 628
412 628
413 628
414 628
415 628
416 628
417 628
418 628
419 628
420 628
420 629
419 629
418 629
418 630
417 630
416 630
415 630
415 631
414 631
413 631
413 632
412 632
412 633
411 633
411 634
410 634
410 635
409 635
408 635
407 635
406 635
405 635
404 635
403 635
403 636
402 636
402 637
401 637
401 638
400 638
399 638
399 639
398 639
397 639
396 639
396 640
395 640
394 640
393 640
392 640
391 640
390 640
390 641
389 641
389 642
388 642
388 643
387 643
386 643
386 644
385 644
384 644
383 644
382 644
381 644
380 644
380 645
379 645
378 645
378 646
377 646
377 647
376 647
376 648
375 648
374 648
374 649
373 649
372 649
371 649
370 649
369 649
369 650
368 650
367 650
367 651
366 651
366 652
365 652
365 653
364 653
363 653
362 653
361 653
361 654
360 654
359 654
358 654
357 654
356 654
355 654
354 654
353 654
352 654
351 654
350 654
349 654
348 654
347 654
346 654
345 654
344 654
343 654
342 654
341 654
340 654
339 654
338 654
337 654
336 654
336 653
335 653
334 653
334 652
333 652
333 651
332 651
332 650
331 650
330 650
330 649
329 649
328 649
327 649
326 649
326 648
325 648
325 647
324 647
324 646
324 645
323 645
322 645
322 644
321 644
320 644
319 644
318 644
317 644
316 644
315 644
314 644
314 643
313 643
312 643
311 643
311 642
310 642
309 642
309 641
308 641
307 641
307 640
306 640
305 640
304 640
303 640
303 639
302 639
301 639
300 639
299 639
299 638
298 638
297 638
297 637
296 637
296 636
295 636
294 636
294 635
293 635
292 635
292 634
291 634
290 634
290 633
289 633
289 632
288 632
287 632
287 631
286 631
285 631
285 630
284 630
283 630
283 629
282 629
282 628
281 628
281 627
280 627
280 626
279 626
278 626
278 625
277 625
277 624
276 624
275 624
275 623
274 623
274 622
273 622
273 621
272 621
271 621
271 620
270 620
270 619
269 619
269 618
268 618
268 617
267 617
267 616
266 616
266 615
265 615
264 615
264 614
264 613
263 613
263 612
262 612
261 612
261 611
260 611
260 610
259 610
259 609
258 609
258 608
257 608
257 607
256 607
256 606
255 606
255 605
254 605
254 604
253 604
253 603
252 603
252 602
251 602
251 601
250 601
250 600
250 599
249 599
249 598
248 598
248 597
247 597
247 596
246 596
246 595
246 594
246 593
245 593
245 592
245 591
245 590
244 590
244 589
243 589
243 588
243 587
242 587
242 586
242 585
242 584
241 584
241 583
241 582
242 582
242 581
242 580
242 579
243 579
243 578
244 578
244 577
245 577
245 576
246 576
246 575
246 574
247 574
247 573
248 573
248 572
249 572
249 571
250 571
250 570
251 570
251 569
252 569
252 568
253 568
253 567
254 567
255 567
255 566
256 566
256 565
257 565
257 564
258 564
259 564
259 563
260 563
261 563
261 562
262 562
263 562
264 562
264 561
265 561
266 561
266 560
267 560
267 559
268 559
269 559
269 558
270 558
271 558
272 558
273 558
274 558
274 559
274 560
273 560
273 561
272 561
272 562
272 563
272 564
271 564
271 565
271 566
271 567
271 568
271 569
270 569
270 570
270 571
269 571
269 572
269 573
268 573
268 574
268 575
268 576
267 576
267 577
267 578
267 579
267 580
267 581
267 582
266 582
266 583
266 584
266 585
266 586
266 587
266 588
266 589
266 590
267 590
267 591
267 592
267 593
267 594
267 595
268 595
268 596
268 597
269 597
269 598
270 598
270 599
271 599
271 600
272 600
272 601
273 601
273 602
274 602
274 603
275 603
276 603
276 604
277 604
278 604
279 604
279 605
280 605
281 605
282 605
282 606
283 606
284 606
285 606
286 606
287 606
288 606
289 606
290 606
291 606
292 606
293 606
294 606
295 606
296 606
297 606
298 606
298 605
299 605
300 605
301 605
302 605
302 604
303 604
304 604
305 604
305 603
306 603
306 602
307 602
307 601
308 601
308 600
309 600
310 600
310 599
311 599
312 599
312 598
313 598
313 597
314 597
314 596
315 596
315 595
316 595
316 594
316 593
317 593
317 592
318 592
318 591
319 591
319 590
319 589
320 589
320 588
320 587
321 587
321 586
321 585
322 585
322 584
322 583
323 583
323 582
324 582
324 581
324 580
325 580
325 579
325 578
325 577
325 576
325 575
325 574
325 573
325 572
326 572
326 571
326 570
326 569
326 568
326 567
326 566
326 565
326 564
326 563
326 562
326 561
326 560
326 559
326 558
326 557
325 557
325 556
325 555
325 554
325 553
325 552
325 551
324 551
324 550
324 549
323 549
323 548
322 548
322 547
321 547
321 546
321 545
320 545
320 544
319 544
319 543
318 543
318 542
317 542
317 541
316 541
316 540
315 540
315 539
315 538
314 538
313 538
313 537
312 537
312 536
311 536
311 535
310 535
310 534
309 534
309 533
308 533
307 533
307 532
306 532
305 532
305 531
304 531
304 530
303 530
302 530
302 529
301 529
301 528
300 528
299 528
298 528
297 528
297 527
296 527
295 527
294 527
294 526
293 526
292 526
292 525
291 525
290 525
290 524
289 524
288 524
287 524
287 523
286 523
285 523
284 523
283 523
282 523
281 523
280 523
279 523
278 523
277 523
276 523
275 523
274 523
273 523
272 523
271 523
270 523
269 523
268 523
267 523
266 523
265 523
264 523
263 523
262 523
-2 -2
