763 386
763 387
762 387
761 387
760 387
759 387
758 387
757 387
756 387
756 388
755 388
754 388
753 388
752 388
751 388
751 389
750 389
749 389
749 390
748 390
748 391
747 391
746 391
746 392
745 392
744 392
743 392
743 393
742 393
741 393
740 393
740 394
739 394
738 394
738 395
737 395
737 396
736 396
736 397
735 397
734 397
734 398
733 398
733 399
732 399
732 400
731 400
731 401
730 401
730 402
729 402
729 403
728 403
728 404
727 404
727 405
726 405
726 406
725 406
725 407
725 408
724 408
724 409
723 409
723 410
723 411
722 411
722 412
721 412
721 413
721 414
720 414
720 415
719 415
719 416
719 417
719 418
718 418
718 419
718 420
718 421
717 421
717 422
717 423
716 423
716 424
715 424
715 425
715 426
714 426
714 427
714 428
714 429
714 430
714 431
714 432
714 433
714 434
714 435
714 436
714 437
714 438
713 438
713 439
713 440
713 441
713 442
713 443
713 444
713 445
713 446
713 447
713 448
713 449
713 450
713 451
714 451
714 452
714 453
714 454
714 455
714 456
714 457
714 458
714 459
714 460
715 460
715 461
715 462
714 462
714 463
714 464
713 464
713 465
712 465
711 465
711 466
710 466
710 467
709 467
708 467
707 467
706 467
705 467
704 467
704 468
703 468
702 468
702 469
701 469
701 470
700 470
700 471
699 471
698 471
698 472
697 472
696 472
695 472
694 472
694 473
693 473
693 474
692 474
692 475
691 475
691 476
690 476
689 476
689 477
688 477
687 477
687 478
687 479
686 479
686 480
685 480
685 481
684 481
683 481
683 482
682 482
682 483
681 483
681 484
681 485
680 485
680 486
679 486
678 486
678 487
677 487
677 488
677 489
676 489
676 490
675 490
675 491
675 492
674 492
674 493
673 493
673 494
672 494
672 495
672 496
671 496
671 497
671 498
671 499
670 499
670 500
669 500
669 501
669 502
668 502
668 503
668 504
668 505
667 505
667 506
667 507
667 508
667 509
666 509
666 510
666 511
665 511
665 512
665 513
664 513
664 514
664 515
664 516
663 516
663 517
663 518
663 519
663 520
663 521
663 522
663 523
662 523
662 524
662 525
662 526
662 527
661 527
661 528
661 529
661 530
660 530
660 531
660 532
659 532
659 533
659 534
659 535
659 536
658 536
658 537
658 538
658 539
658 540
658 541
658 542
658 543
658 544
658 545
658 546
658 547
658 548
658 549
658 550
658 551
658 552
658 553
658 554
658 555
658 556
658 557
658 558
658 559
658 560
658 561
658 562
659 562
659 563
659 564
659 565
660 565
660 566
660 567
660 568
661 568
661 569
662 569
662 570
662 571
662 572
663 572
663 573
663 574
663 575
664 575
664 576
664 577
664 578
665 578
665 579
666 579
666 580
666 581
667 581
667 582
668 582
668 583
668 584
668 585
669 585
669 586
670 586
671 586
671 587
672 587
672 588
672 589
673 589
673 590
674 590
674 591
675 591
675 592
676 592
676 593
677 593
677 594
678 594
678 595
679 595
680 595
680 596
681 596
681 597
682 597
682 598
683 598
683 599
684 599
685 599
685 600
686 600
687 600
687 601
688 601
689 601
689 602
690 602
690 603
691 603
692 603
692 604
693 604
694 604
695 604
696 604
696 605
697 605
698 605
699 605
700 605
701 605
702 605
702 606
703 606
704 606
705 606
706 606
706 607
707 607
708 607
709 607
709 608
710 608
711 608
711 609
712 609
713 609
714 609
715 609
716 609
717 609
718 609
719 609
720 609
721 609
722 609
723 609
724 609
725 609
726 609
727 609
728 609
729 609
730 609
731 609
732 609
733 609
734 609
735 609
736 609
737 609
738 609
738 608
739 608
739 607
740 607
741 607
741 606
742 606
743 606
743 605
744 605
744 604
745 604
745 603
746 603
746 602
747 602
747 601
747 600
748 600
748 599
748 598
748 597
748 596
748 595
748 594
747 594
747 593
746 593
746 592
746 591
745 591
745 590
745 589
745 588
745 587
744 587
744 586
744 585
744 584
744 583
744 582
744 581
743 581
743 580
743 579
743 578
743 577
743 576
743 575
743 574
743 573
743 572
743 571
744 571
744 570
744 569
744 568
744 567
744 566
744 565
744 564
745 564
745 563
745 562
745 561
746 561
746 560
747 560
747 559
748 559
748 558
748 557
749 557
749 556
749 555
749 554
750 554
750 553
751 553
751 552
752 552
752 551
753 551
753 550
753 549
754 549
754 548
754 547
755 547
755 546
756 546
756 545
757 545
757 544
758 544
758 543
758 542
758 541
759 541
759 540
760 540
760 539
761 539
761 538
762 538
762 537
763 537
763 536
763 535
764 535
764 534
765 534
765 533
766 533
766 532
767 532
767 531
767 530
768 530
768 529
768 528
768 527
769 527
769 526
770 526
771 526
771 525
772 525
772 524
772 523
773 523
773 522
774 522
774 521
775 521
775 520
776 520
776 519
777 519
777 518
778 518
778 517
779 517
779 516
780 516
781 516
781 515
781 514
782 514
782 513
783 513
783 512
784 512
785 512
786 512
786 511
787 511
788 511
789 511
789 510
790 510
790 509
791 509
791 508
792 508
793 508
793 507
794 507
795 507
796 507
797 507
797 506
798 506
799 506
800 506
800 505
801 505
802 505
802 504
803 504
804 504
804 503
805 503
806 503
806 502
807 502
808 502
809 502
810 502
811 502
812 502
813 502
814 502
815 502
816 502
817 502
818 502
819 502
820 502
821 502
822 502
823 502
824 502
825 502
826 502
827 502
828 502
829 502
830 502
831 502
832 502
832 503
833 503
834 503
835 503
836 503
836 504
837 504
838 504
839 504
840 504
840 505
841 505
842 505
843 505
843 506
844 506
845 506
846 506
847 506
847 507
848 507
849 507
850 507
851 507
852 507
853 507
854 507
855 507
856 507
857 507
858 507
859 507
860 507
861 507
861 508
862 508
863 508
864 508
865 508
865 509
866 509
866 510
867 510
867 511
868 511
869 511
870 511
871 511
872 511
873 511
873 512
874 512
875 512
876 512
876 513
877 513
877 514
877 515
878 515
879 515
879 516
880 516
881 516
881 517
882 517
882 518
882 519
882 520
883 520
883 521
884 521
884 522
885 522
885 523
886 523
886 524
886 525
887 525
887 526
888 526
888 527
888 528
889 528
889 529
889 530
890 530
890 531
891 531
891 532
891 533
891 534
892 534
892 535
892 536
893 536
893 537
894 537
894 538
895 538
895 539
896 539
897 539
898 539
899 539
900 539
901 539
902 539
903 539
904 539
905 539
906 539
906 538
907 538
907 537
908 537
908 536
909 536
910 536
910 535
911 535
911 534
912 534
912 533
913 533
913 532
913 531
914 531
914 530
915 530
916 530
916 529
917 529
917 528
918 528
918 527
919 527
919 526
920 526
920 525
921 525
921 524
922 524
922 523
922 522
923 522
923 521
924 521
925 521
925 520
925 519
926 519
926 518
927 518
927 517
927 516
928 516
929 516
929 515
930 515
930 514
930 513
931 513
931 512
931 511
932 511
932 510
932 509
933 509
933 508
934 508
934 507
935 507
935 506
935 505
935 504
935 503
936 503
936 502
936 501
937 501
937 500
937 499
938 499
938 498
939 498
939 497
939 496
940 496
940 495
940 494
940 493
940 492
940 491
940 490
940 489
940 488
940 487
940 486
940 485
940 484
940 483
940 482
940 481
940 480
940 479
940 478
940 477
940 476
940 475
940 474
940 473
940 472
940 471
940 470
940 469
940 468
939 468
939 467
939 466
939 465
938 465
938 464
937 464
937 463
937 462
936 462
936 461
936 460
936 459
935 459
935 458
935 457
935 456
935 455
934 455
934 454
933 454
933 453
932 453
932 452
932 451
931 451
931 450
931 449
930 449
930 448
929 448
929 447
929 446
928 446
928 445
927 445
927 444
926 444
926 443
925 443
925 442
925 441
924 441
924 440
923 440
922 440
922 439
921 439
921 438
921 437
920 437
920 436
919 436
918 436
918 435
917 435
917 434
916 434
915 434
915 433
914 433
914 432
913 432
913 431
912 431
911 431
911 430
910 430
909 430
909 429
908 429
908 428
907 428
907 427
906 427
906 426
905 426
904 426
904 425
903 425
902 425
902 424
901 424
901 423
900 423
899 423
899 422
898 422
898 421
897 421
896 421
895 421
895 420
894 420
893 420
893 419
892 419
892 418
891 418
890 418
890 417
889 417
888 417
888 416
887 416
886 416
885 416
885 415
884 415
883 415
883 414
882 414
881 414
881 413
880 413
879 413
879 412
878 412
877 412
877 411
876 411
875 411
874 411
873 411
872 411
871 411
870 411
869 411
868 411
867 411
866 411
865 411
864 411
864 410
863 410
862 410
861 410
860 410
859 410
858 410
857 410
856 410
855 410
855 411
854 411
853 411
852 411
851 411
850 411
849 411
848 411
847 411
846 411
845 411
844 411
843 411
842 411
841 411
841 412
840 412
839 412
838 412
838 413
837 413
836 413
836 414
835 414
835 415
834 415
833 415
832 415
831 415
831 416
830 416
829 416
828 416
827 416
827 417
826 417
826 418
825 418
825 419
824 419
823 419
822 419
822 420
821 420
820 420
820 419
819 419
819 418
819 417
819 416
819 415
818 415
818 414
818 413
817 413
817 412
816 412
816 411
815 411
815 410
814 410
814 409
814 408
813 408
813 407
812 407
812 406
811 406
811 405
810 405
810 404
809 404
809 403
808 403
808 402
807 402
807 401
806 401
805 401
805 400
804 400
804 399
803 399
803 398
802 398
802 397
801 397
800 397
800 396
799 396
799 395
798 395
798 394
797 394
797 393
796 393
795 393
794 393
794 392
793 392
792 392
791 392
791 391
790 391
789 391
789 390
788 390
787 390
787 389
786 389
786 388
785 388
784 388
783 388
782 388
781 388
780 388
779 388
778 388
778 387
777 387
776 387
775 387
774 387
773 387
772 387
771 387
770 387
770 386
769 386
768 386
767 386
766 386
765 386
764 386
763 386
-2 -2
