922 812
922 813
921 813
921 814
920 814
920 815
919 815
919 816
918 816
918 817
917 817
917 818
916 818
916 819
915 819
915 820
915 821
915 822
915 823
914 823
914 824
914 825
914 826
914 827
914 828
914 829
914 830
914 831
914 832
914 833
914 834
914 835
914 836
914 837
914 838
914 839
914 840
914 841
914 842
914 843
914 844
914 845
914 846
914 847
914 848
914 849
913 849
913 850
913 851
913 852
913 853
912 853
912 854
912 855
912 856
912 857
912 858
911 858
911 859
911 860
911 861
911 862
910 862
910 863
910 864
910 865
910 866
910 867
910 868
910 869
910 870
910 871
910 872
910 873
910 874
910 875
910 876
910 877
910 878
910 879
910 880
910 881
910 882
910 883
911 883
911 884
911 885
912 885
912 886
912 887
913 887
913 888
913 889
914 889
914 890
914 891
915 891
915 892
916 892
916 893
917 893
918 893
919 893
920 893
920 894
921 894
922 894
923 894
924 894
925 894
926 894
926 893
927 893
928 893
929 893
930 893
931 893
931 892
932 892
933 892
933 891
934 891
934 890
935 890
935 889
936 889
936 888
936 887
937 887
937 886
938 886
938 885
939 885
939 884
939 883
939 882
940 882
940 881
940 880
941 880
941 879
942 879
943 879
944 879
944 878
945 878
945 877
946 877
946 876
947 876
948 876
948 875
949 875
950 875
951 875
952 875
953 875
954 875
954 874
955 874
956 874
957 874
958 874
959 874
960 874
960 875
961 875
962 875
963 875
964 875
964 876
965 876
966 876
967 876
968 876
969 876
970 876
971 876
971 875
972 875
973 875
974 875
974 874
975 874
976 874
977 874
977 873
977 872
978 872
978 871
979 871
979 870
980 870
980 869
981 869
981 868
982 868
982 867
982 866
982 865
982 864
982 863
982 862
982 861
982 860
982 859
981 859
981 858
981 857
981 856
980 856
980 855
979 855
979 854
978 854
978 853
977 853
977 852
977 851
977 850
976 850
976 849
975 849
974 849
974 848
973 848
973 847
973 846
972 846
972 845
971 845
970 845
970 844
969 844
969 843
968 843
968 842
967 842
967 841
966 841
965 841
965 840
964 840
964 839
963 839
963 838
962 838
962 837
961 837
961 836
960 836
959 836
959 835
958 835
958 834
957 834
957 833
956 833
956 832
955 832
954 832
954 831
953 831
952 831
952 830
951 830
950 830
950 829
949 829
949 828
949 827
948 827
948 826
947 826
946 826
946 825
945 825
945 824
944 824
944 823
944 822
943 822
942 822
942 821
941 821
941 820
940 820
940 819
939 819
939 818
938 818
938 817
937 817
937 816
936 816
936 815
935 815
934 815
934 814
934 813
933 813
932 813
931 813
931 812
930 812
929 812
928 812
927 812
926 812
925 812
924 812
923 812
922 812
-2 -2
