1262 1390
1262 1391
1261 1391
1260 1391
1260 1392
1259 1392
1258 1392
1258 1393
1257 1393
1256 1393
1256 1394
1255 1394
1255 1395
1254 1395
1254 1396
1253 1396
1253 1397
1253 1398
1252 1398
1252 1399
1252 1400
1251 1400
1251 1401
1251 1402
1251 1403
1251 1404
1251 1405
1252 1405
1252 1406
1253 1406
1253 1407
1253 1408
1254 1408
1254 1409
1254 1410
1254 1411
1254 1412
1255 1412
1255 1413
1255 1414
1255 1415
1255 1416
1255 1417
1255 1418
1256 1418
1256 1419
1256 1420
1256 1421
1256 1422
1256 1423
1256 1424
1256 1425
1256 1426
1256 1427
1256 1428
1256 1429
1255 1429
1255 1430
1255 1431
1255 1432
1255 1433
1255 1434
1255 1435
1255 1436
1254 1436
1254 1437
1254 1438
1253 1438
1253 1439
1253 1440
1252 1440
1252 1441
1251 1441
1251 1442
1250 1442
1250 1443
1250 1444
1250 1445
1249 1445
1249 1446
1248 1446
1248 1447
1247 1447
1247 1448
1246 1448
1246 1449
1246 1450
1245 1450
1245 1451
1245 1452
1244 1452
1244 1453
1243 1453
1243 1454
1243 1455
1242 1455
1241 1455
1241 1456
1241 1457
1240 1457
1240 1458
1240 1459
1239 1459
1239 1460
1238 1460
1238 1461
1237 1461
1237 1462
1236 1462
1236 1463
1236 1464
1235 1464
1235 1465
1235 1466
1234 1466
1234 1467
1233 1467
1233 1468
1232 1468
1232 1469
1231 1469
1231 1470
1231 1471
1230 1471
1230 1472
1230 1473
1229 1473
1229 1474
1228 1474
1227 1474
1227 1475
1227 1476
1226 1476
1226 1477
1225 1477
1225 1478
1224 1478
1224 1479
1223 1479
1223 1480
1222 1480
1222 1481
1221 1481
1221 1482
1220 1482
1220 1483
1219 1483
1218 1483
1218 1484
1217 1484
1217 1485
1217 1486
1216 1486
1216 1487
1215 1487
1214 1487
1213 1487
1213 1488
1212 1488
1211 1488
1210 1488
1210 1489
1209 1489
1209 1490
1208 1490
1208 1491
1207 1491
1206 1491
1206 1492
1205 1492
1204 1492
1203 1492
1202 1492
1202 1493
1201 1493
1200 1493
1199 1493
1199 1494
1198 1494
1197 1494
1197 1495
1196 1495
1195 1495
1195 1496
1194 1496
1193 1496
1193 1497
1192 1497
1191 1497
1190 1497
1189 1497
1188 1497
1187 1497
1186 1497
1185 1497
1184 1497
1183 1497
1182 1497
1181 1497
1180 1497
1179 1497
1178 1497
1177 1497
1176 1497
1175 1497
1174 1497
1173 1497
1172 1497
1171 1497
1170 1497
1169 1497
1168 1497
1168 1496
1167 1496
1166 1496
1165 1496
1164 1496
1163 1496
1163 1495
1162 1495
1161 1495
1160 1495
1159 1495
1159 1494
1158 1494
1157 1494
1156 1494
1155 1494
1155 1493
1154 1493
1153 1493
1152 1493
1151 1493
1150 1493
1150 1492
1149 1492
1148 1492
1147 1492
1146 1492
1145 1492
1144 1492
1143 1492
1142 1492
1141 1492
1140 1492
1139 1492
1138 1492
1137 1492
1136 1492
1136 1491
1135 1491
1134 1491
1134 1490
1133 1490
1133 1489
1132 1489
1131 1489
1131 1488
1130 1488
1129 1488
1128 1488
1127 1488
1126 1488
1126 1487
1125 1487
1124 1487
1123 1487
1123 1486
1122 1486
1122 1485
1121 1485
1121 1484
1120 1484
1120 1483
1119 1483
1119 1482
1118 1482
1118 1481
1117 1481
1117 1480
1116 1480
1116 1479
1116 1478
1115 1478
1115 1477
1114 1477
1114 1476
1113 1476
1113 1475
1113 1474
1112 1474
1112 1473
1112 1472
1111 1472
1111 1471
1110 1471
1110 1470
1109 1470
1109 1469
1109 1468
1108 1468
1108 1467
1108 1466
1108 1465
1107 1465
1107 1464
1107 1463
1106 1463
1106 1462
1105 1462
1105 1461
1104 1461
1104 1460
1103 1460
1102 1460
1101 1460
1100 1460
1099 1460
1098 1460
1097 1460
1096 1460
1095 1460
1094 1460
1093 1460
1093 1461
1092 1461
1092 1462
1091 1462
1091 1463
1090 1463
1090 1464
1089 1464
1088 1464
1088 1465
1087 1465
1087 1466
1087 1467
1086 1467
1086 1468
1085 1468
1085 1469
1084 1469
1083 1469
1083 1470
1082 1470
1082 1471
1081 1471
1081 1472
1080 1472
1080 1473
1079 1473
1079 1474
1078 1474
1078 1475
1077 1475
1077 1476
1077 1477
1076 1477
1076 1478
1075 1478
1075 1479
1074 1479
1074 1480
1073 1480
1073 1481
1072 1481
1072 1482
1072 1483
1071 1483
1071 1484
1070 1484
1070 1485
1069 1485
1069 1486
1068 1486
1068 1487
1068 1488
1067 1488
1067 1489
1067 1490
1066 1490
1066 1491
1065 1491
1065 1492
1065 1493
1064 1493
1064 1494
1064 1495
1063 1495
1063 1496
1063 1497
1063 1498
1062 1498
1062 1499
1062 1500
1061 1500
1061 1501
1061 1502
1060 1502
1060 1503
1060 1504
1059 1504
1059 1505
1059 1506
1059 1507
1059 1508
1059 1509
1059 1510
1059 1511
1059 1512
1059 1513
1059 1514
1059 1515
1059 1516
1059 1517
1059 1518
1059 1519
1059 1520
1059 1521
1059 1522
1059 1523
1059 1524
1059 1525
1059 1526
1059 1527
1059 1528
1059 1529
1059 1530
1059 1531
1060 1531
1060 1532
1060 1533
1060 1534
1061 1534
1061 1535
1062 1535
1062 1536
1062 1537
1063 1537
1063 1538
1063 1539
1063 1540
1064 1540
1064 1541
1064 1542
1064 1543
1064 1544
1065 1544
1065 1545
1066 1545
1066 1546
1067 1546
1067 1547
1067 1548
1068 1548
1068 1549
1068 1550
1069 1550
1069 1551
1070 1551
1070 1552
1070 1553
1071 1553
1071 1554
1072 1554
1072 1555
1073 1555
1073 1556
1074 1556
1074 1557
1074 1558
1075 1558
1076 1558
1076 1559
1077 1559
1077 1560
1078 1560
1078 1561
1079 1561
1079 1562
1080 1562
1080 1563
1081 1563
1081 1564
1082 1564
1082 1565
1083 1565
1084 1565
1084 1566
1085 1566
1085 1567
1086 1567
1086 1568
1087 1568
1088 1568
1088 1569
1089 1569
1090 1569
1090 1570
1091 1570
1092 1570
1092 1571
1092 1572
1093 1572
1093 1573
1094 1573
1095 1573
1096 1573
1096 1574
1097 1574
1097 1575
1098 1575
1099 1575
1099 1576
1100 1576
1100 1577
1101 1577
1101 1578
1102 1578
1103 1578
1104 1578
1104 1579
1105 1579
1106 1579
1106 1580
1107 1580
1108 1580
1108 1581
1109 1581
1109 1582
1110 1582
1110 1583
1111 1583
1112 1583
1113 1583
1114 1583
1114 1584
1115 1584
1116 1584
1117 1584
1117 1585
1118 1585
1118 1586
1119 1586
1119 1587
1120 1587
1121 1587
1122 1587
1123 1587
1124 1587
1124 1588
1125 1588
1126 1588
1127 1588
1128 1588
1129 1588
1130 1588
1131 1588
1132 1588
1133 1588
1134 1588
1135 1588
1136 1588
1137 1588
1137 1589
1138 1589
1139 1589
1140 1589
1141 1589
1142 1589
1143 1589
1143 1588
1144 1588
1145 1588
1146 1588
1147 1588
1148 1588
1149 1588
1150 1588
1151 1588
1152 1588
1153 1588
1154 1588
1155 1588
1156 1588
1157 1588
1157 1587
1158 1587
1159 1587
1160 1587
1161 1587
1161 1586
1162 1586
1162 1585
1163 1585
1164 1585
1164 1584
1165 1584
1166 1584
1167 1584
1168 1584
1168 1583
1169 1583
1170 1583
1171 1583
1172 1583
1172 1582
1173 1582
1173 1581
1174 1581
1174 1580
1175 1580
1176 1580
1176 1579
1177 1579
1178 1579
1179 1579
1179 1580
1180 1580
1180 1581
1180 1582
1180 1583
1180 1584
1181 1584
1181 1585
1181 1586
1182 1586
1182 1587
1183 1587
1183 1588
1184 1588
1184 1589
1185 1589
1185 1590
1185 1591
1186 1591
1186 1592
1187 1592
1187 1593
1188 1593
1188 1594
1189 1594
1189 1595
1190 1595
1190 1596
1191 1596
1191 1597
1192 1597
1192 1598
1193 1598
1194 1598
1194 1599
1195 1599
1195 1600
1195 1601
1196 1601
1197 1601
1197 1602
1198 1602
1199 1602
1199 1603
1200 1603
1200 1604
1201 1604
1201 1605
1202 1605
1203 1605
1203 1606
1204 1606
1205 1606
1205 1607
1206 1607
1207 1607
1208 1607
1208 1608
1209 1608
1210 1608
1210 1609
1211 1609
1211 1610
1212 1610
1213 1610
1213 1611
1214 1611
1215 1611
1216 1611
1217 1611
1218 1611
1219 1611
1220 1611
1221 1611
1221 1612
1222 1612
1223 1612
1224 1612
1225 1612
1226 1612
1227 1612
1228 1612
1228 1613
1229 1613
1230 1613
1231 1613
1232 1613
1233 1613
1234 1613
1235 1613
1235 1612
1236 1612
1237 1612
1238 1612
1239 1612
1240 1612
1241 1612
1242 1612
1242 1611
1243 1611
1244 1611
1245 1611
1246 1611
1247 1611
1248 1611
1248 1610
1249 1610
1250 1610
1250 1609
1251 1609
1251 1608
1252 1608
1253 1608
1253 1607
1254 1607
1255 1607
1256 1607
1256 1606
1257 1606
1258 1606
1259 1606
1259 1605
1260 1605
1261 1605
1261 1604
1262 1604
1262 1603
1263 1603
1263 1602
1264 1602
1265 1602
1265 1601
1266 1601
1266 1600
1267 1600
1267 1599
1268 1599
1268 1598
1269 1598
1270 1598
1270 1597
1270 1596
1271 1596
1271 1595
1272 1595
1272 1594
1273 1594
1273 1593
1274 1593
1274 1592
1275 1592
1275 1591
1275 1590
1276 1590
1276 1589
1276 1588
1277 1588
1277 1587
1278 1587
1278 1586
1279 1586
1279 1585
1280 1585
1280 1584
1280 1583
1280 1582
1280 1581
1281 1581
1281 1580
1281 1579
1281 1578
1282 1578
1282 1577
1283 1577
1283 1576
1284 1576
1284 1575
1284 1574
1285 1574
1285 1573
1285 1572
1285 1571
1285 1570
1285 1569
1285 1568
1285 1567
1285 1566
1285 1565
1285 1564
1285 1563
1285 1562
1285 1561
1285 1560
1286 1560
1286 1559
1286 1558
1286 1557
1286 1556
1286 1555
1286 1554
1286 1553
1286 1552
1286 1551
1286 1550
1286 1549
1285 1549
1285 1548
1285 1547
1285 1546
1285 1545
1285 1544
1285 1543
1285 1542
1285 1541
1285 1540
1285 1539
1284 1539
1284 1538
1284 1537
1285 1537
1285 1536
1285 1535
1286 1535
1286 1534
1287 1534
1287 1533
1288 1533
1289 1533
1289 1532
1290 1532
1291 1532
1292 1532
1293 1532
1294 1532
1294 1531
1295 1531
1296 1531
1297 1531
1297 1530
1298 1530
1298 1529
1299 1529
1299 1528
1300 1528
1301 1528
1301 1527
1302 1527
1303 1527
1304 1527
1305 1527
1305 1526
1306 1526
1307 1526
1307 1525
1307 1524
1308 1524
1309 1524
1309 1523
1310 1523
1310 1522
1311 1522
1312 1522
1312 1521
1313 1521
1313 1520
1313 1519
1314 1519
1314 1518
1315 1518
1316 1518
1316 1517
1317 1517
1317 1516
1318 1516
1318 1515
1318 1514
1319 1514
1319 1513
1320 1513
1321 1513
1321 1512
1322 1512
1322 1511
1322 1510
1323 1510
1323 1509
1324 1509
1324 1508
1325 1508
1325 1507
1326 1507
1326 1506
1326 1505
1327 1505
1327 1504
1327 1503
1328 1503
1328 1502
1328 1501
1329 1501
1329 1500
1329 1499
1330 1499
1330 1498
1331 1498
1331 1497
1331 1496
1331 1495
1331 1494
1331 1493
1332 1493
1332 1492
1332 1491
1332 1490
1332 1489
1333 1489
1333 1488
1334 1488
1334 1487
1334 1486
1335 1486
1335 1485
1335 1484
1335 1483
1336 1483
1336 1482
1336 1481
1336 1480
1336 1479
1336 1478
1336 1477
1337 1477
1337 1476
1337 1475
1337 1474
1337 1473
1337 1472
1338 1472
1338 1471
1338 1470
1339 1470
1339 1469
1339 1468
1340 1468
1340 1467
1340 1466
1340 1465
1340 1464
1341 1464
1341 1463
1341 1462
1341 1461
1341 1460
1341 1459
1341 1458
1341 1457
1341 1456
1341 1455
1341 1454
1341 1453
1341 1452
1341 1451
1341 1450
1341 1449
1341 1448
1341 1447
1341 1446
1341 1445
1341 1444
1341 1443
1341 1442
1341 1441
1341 1440
1341 1439
1341 1438
1341 1437
1340 1437
1340 1436
1340 1435
1340 1434
1339 1434
1339 1433
1339 1432
1339 1431
1338 1431
1338 1430
1338 1429
1337 1429
1337 1428
1337 1427
1336 1427
1336 1426
1336 1425
1336 1424
1335 1424
1335 1423
1335 1422
1335 1421
1334 1421
1334 1420
1333 1420
1333 1419
1333 1418
1332 1418
1332 1417
1331 1417
1331 1416
1331 1415
1330 1415
1330 1414
1330 1413
1329 1413
1328 1413
1328 1412
1328 1411
1327 1411
1327 1410
1326 1410
1326 1409
1325 1409
1325 1408
1324 1408
1324 1407
1323 1407
1323 1406
1322 1406
1322 1405
1321 1405
1321 1404
1320 1404
1320 1403
1319 1403
1318 1403
1318 1402
1317 1402
1317 1401
1316 1401
1316 1400
1315 1400
1315 1399
1314 1399
1313 1399
1313 1398
1312 1398
1311 1398
1311 1397
1310 1397
1309 1397
1309 1396
1308 1396
1307 1396
1307 1395
1306 1395
1305 1395
1304 1395
1303 1395
1303 1394
1302 1394
1301 1394
1300 1394
1299 1394
1298 1394
1297 1394
1297 1393
1296 1393
1295 1393
1294 1393
1293 1393
1293 1392
1292 1392
1291 1392
1290 1392
1289 1392
1289 1391
1288 1391
1287 1391
1286 1391
1285 1391
1285 1390
1284 1390
1283 1390
1282 1390
1281 1390
1280 1390
1279 1390
1278 1390
1277 1390
1276 1390
1275 1390
1274 1390
1273 1390
1272 1390
1271 1390
1270 1390
1269 1390
1268 1390
1267 1390
1266 1390
1265 1390
1264 1390
1263 1390
1262 1390
-2 -2
