588 552
588 553
587 553
586 553
585 553
585 554
584 554
583 554
583 555
582 555
581 555
580 555
580 556
579 556
578 556
577 556
576 556
576 557
575 557
575 558
574 558
574 559
573 559
573 560
572 560
571 560
571 561
570 561
570 562
569 562
569 563
568 563
568 564
567 564
567 565
566 565
566 566
565 566
565 567
564 567
564 568
564 569
563 569
562 569
562 570
561 570
561 571
560 571
560 572
560 573
559 573
559 574
558 574
558 575
557 575
557 576
556 576
556 577
556 578
556 579
556 580
555 580
555 581
555 582
555 583
554 583
554 584
554 585
553 585
553 586
553 587
553 588
552 588
552 589
552 590
552 591
552 592
552 593
552 594
552 595
552 596
552 597
552 598
553 598
553 599
554 599
554 600
554 601
555 601
555 602
555 603
555 604
556 604
556 605
556 606
556 607
556 608
557 608
557 609
558 609
559 609
559 610
560 610
560 611
561 611
561 612
561 613
562 613
563 613
563 614
564 614
565 614
565 615
566 615
567 615
567 616
568 616
568 617
569 617
569 618
570 618
571 618
572 618
572 619
573 619
574 619
575 619
576 619
577 619
578 619
579 619
580 619
581 619
582 619
583 619
584 619
584 620
585 620
586 620
587 620
588 620
589 620
590 620
591 620
592 620
593 620
594 620
595 620
596 620
596 619
597 619
598 619
599 619
600 619
600 618
601 618
602 618
603 618
603 617
604 617
604 616
605 616
605 615
606 615
606 614
607 614
608 614
608 613
609 613
609 612
609 611
610 611
610 610
611 610
611 609
612 609
613 609
613 608
614 608
614 607
614 606
615 606
615 605
616 605
616 604
617 604
617 603
618 603
618 602
618 601
619 601
619 600
619 599
619 598
619 597
619 596
620 596
620 595
620 594
620 593
620 592
620 591
620 590
620 589
620 588
620 587
620 586
619 586
619 585
619 584
619 583
619 582
619 581
619 580
619 579
619 578
619 577
619 576
619 575
619 574
619 573
619 572
618 572
618 571
618 570
618 569
617 569
617 568
616 568
616 567
616 566
615 566
615 565
614 565
614 564
614 563
613 563
613 562
612 562
612 561
611 561
611 560
610 560
610 559
609 559
609 558
608 558
608 557
607 557
607 556
606 556
605 556
605 555
604 555
603 555
602 555
601 555
601 554
600 554
599 554
599 553
598 553
598 552
597 552
596 552
595 552
594 552
593 552
592 552
591 552
590 552
589 552
588 552
-2 -2
