995 519
995 520
994 520
994 521
994 522
994 523
994 524
994 525
993 525
993 526
993 527
992 527
992 528
991 528
990 528
990 529
990 530
989 530
989 531
989 532
988 532
988 533
987 533
987 534
987 535
986 535
985 535
985 536
985 537
985 538
985 539
984 539
984 540
984 541
983 541
983 542
983 543
982 543
981 543
981 544
981 545
980 545
980 546
980 547
980 548
980 549
980 550
979 550
979 551
979 552
978 552
977 552
977 553
976 553
976 554
976 555
976 556
975 556
975 557
975 558
975 559
975 560
975 561
975 562
974 562
974 563
974 564
973 564
973 565
972 565
972 566
972 567
971 567
971 568
971 569
971 570
970 570
970 571
970 572
970 573
969 573
969 574
968 574
968 575
967 575
967 576
966 576
966 577
966 578
966 579
966 580
966 581
966 582
966 583
965 583
965 584
965 585
965 586
964 586
964 587
964 588
964 589
964 590
964 591
964 592
964 593
964 594
965 594
965 595
965 596
965 597
965 598
966 598
966 599
966 600
966 601
966 602
965 602
965 603
965 604
964 604
964 605
963 605
962 605
962 606
961 606
960 606
960 607
959 607
958 607
957 607
956 607
955 607
954 607
953 607
952 607
951 607
951 608
950 608
950 609
949 609
948 609
948 610
947 610
947 611
946 611
945 611
945 612
944 612
943 612
943 613
942 613
942 614
941 614
941 615
940 615
940 616
939 616
939 617
938 617
938 618
938 619
937 619
937 620
937 621
936 621
936 622
936 623
935 623
935 624
934 624
934 625
934 626
934 627
933 627
933 628
933 629
933 630
933 631
933 632
933 633
933 634
933 635
933 636
933 637
933 638
933 639
933 640
934 640
934 641
933 641
933 642
933 643
933 644
933 645
933 646
933 647
933 648
933 649
933 650
933 651
933 652
933 653
933 654
933 655
933 656
932 656
932 657
931 657
930 657
929 657
929 658
928 658
927 658
926 658
925 658
924 658
923 658
922 658
922 659
921 659
920 659
920 660
919 660
919 661
918 661
917 661
917 662
916 662
915 662
915 663
914 663
913 663
912 663
912 664
911 664
911 665
910 665
910 666
909 666
909 667
908 667
907 667
907 668
906 668
906 669
905 669
905 670
904 670
904 671
903 671
903 672
902 672
902 673
901 673
901 674
900 674
900 675
900 676
899 676
899 677
898 677
898 678
897 678
897 679
897 680
896 680
896 681
896 682
896 683
896 684
895 684
895 685
895 686
895 687
895 688
895 689
894 689
894 690
894 691
894 692
894 693
893 693
893 694
893 695
893 696
893 697
893 698
893 699
893 700
893 701
893 702
893 703
894 703
894 704
894 705
894 706
894 707
895 707
895 708
895 709
895 710
895 711
896 711
896 712
896 713
896 714
896 715
896 716
897 716
897 717
898 717
898 718
898 719
899 719
899 720
900 720
900 721
900 722
901 722
901 723
901 724
902 724
902 725
902 726
903 726
904 726
904 727
904 728
905 728
905 729
905 730
906 730
906 731
906 732
907 732
907 733
908 733
908 734
909 734
909 735
910 735
910 736
910 737
910 738
911 738
911 739
912 739
912 740
913 740
913 741
914 741
914 742
914 743
915 743
915 744
915 745
916 745
916 746
916 747
917 747
917 748
918 748
918 749
919 749
919 750
919 751
919 752
920 752
920 753
920 754
920 755
921 755
921 756
922 756
922 757
923 757
923 758
923 759
924 759
924 760
924 761
924 762
925 762
925 763
926 763
926 764
927 764
927 765
927 766
928 766
928 767
929 767
929 768
929 769
930 769
930 770
930 771
931 771
932 771
932 772
933 772
933 773
933 774
934 774
934 775
934 776
935 776
936 776
936 777
937 777
937 778
938 778
938 779
938 780
939 780
939 781
940 781
941 781
941 782
942 782
942 783
943 783
943 784
943 785
944 785
944 786
945 786
946 786
946 787
947 787
947 788
948 788
948 789
948 790
949 790
950 790
950 791
951 791
951 792
952 792
952 793
953 793
953 794
954 794
954 795
955 795
955 796
956 796
956 797
957 797
957 798
958 798
958 799
959 799
959 800
960 800
960 801
961 801
961 802
962 802
962 803
963 803
963 804
964 804
964 805
965 805
965 806
966 806
966 807
966 808
967 808
967 809
968 809
968 810
969 810
969 811
970 811
970 812
970 813
971 813
971 814
972 814
972 815
973 815
973 816
974 816
974 817
975 817
975 818
975 819
976 819
976 820
977 820
977 821
978 821
978 822
979 822
979 823
980 823
980 824
980 825
981 825
981 826
982 826
982 827
983 827
983 828
984 828
984 829
984 830
985 830
985 831
985 832
985 833
985 834
985 835
985 836
986 836
986 837
987 837
988 837
988 838
989 838
989 839
989 840
990 840
990 841
990 842
991 842
992 842
993 842
993 843
994 843
994 844
994 845
994 846
995 846
995 847
996 847
997 847
998 847
999 847
1000 847
1001 847
1002 847
1003 847
1004 847
1004 846
1005 846
1005 845
1005 844
1005 843
1006 843
1006 842
1007 842
1008 842
1009 842
1009 841
1009 840
1010 840
1010 839
1010 838
1011 838
1011 837
1012 837
1013 837
1013 836
1014 836
1014 835
1014 834
1014 833
1014 832
1014 831
1014 830
1015 830
1015 829
1015 828
1016 828
1017 828
1017 827
1018 827
1018 826
1019 826
1019 825
1019 824
1020 824
1020 823
1021 823
1021 822
1022 822
1022 821
1022 820
1023 820
1023 819
1024 819
1024 818
1025 818
1025 817
1025 816
1026 816
1026 815
1027 815
1027 814
1028 814
1028 813
1029 813
1029 812
1029 811
1030 811
1030 810
1031 810
1031 809
1032 809
1032 808
1033 808
1033 807
1033 806
1034 806
1034 805
1035 805
1035 804
1036 804
1037 804
1037 803
1037 802
1038 802
1038 801
1039 801
1039 800
1040 800
1040 799
1041 799
1041 798
1042 798
1042 797
1043 797
1043 796
1044 796
1044 795
1045 795
1045 794
1046 794
1047 794
1047 793
1047 792
1048 792
1048 791
1049 791
1049 790
1050 790
1051 790
1051 789
1051 788
1052 788
1052 787
1053 787
1053 786
1054 786
1055 786
1055 785
1056 785
1056 784
1056 783
1057 783
1057 782
1058 782
1059 782
1059 781
1060 781
1060 780
1061 780
1061 779
1061 778
1062 778
1062 777
1063 777
1063 776
1064 776
1065 776
1065 775
1065 774
1066 774
1066 773
1067 773
1067 772
1068 772
1068 771
1069 771
1069 770
1070 770
1070 769
1070 768
1071 768
1071 767
1071 766
1072 766
1072 765
1072 764
1073 764
1074 764
1074 763
1074 762
1075 762
1075 761
1075 760
1075 759
1076 759
1076 758
1076 757
1077 757
1077 756
1078 756
1078 755
1079 755
1079 754
1079 753
1079 752
1080 752
1080 751
1080 750
1080 749
1081 749
1081 748
1082 748
1082 747
1083 747
1083 746
1084 746
1084 745
1084 744
1085 744
1085 743
1085 742
1085 741
1086 741
1086 740
1087 740
1087 739
1088 739
1088 738
1089 738
1089 737
1089 736
1090 736
1090 735
1090 734
1091 734
1091 733
1092 733
1092 732
1093 732
1093 731
1093 730
1094 730
1094 729
1094 728
1095 728
1095 727
1096 727
1096 726
1097 726
1097 725
1098 725
1098 724
1098 723
1099 723
1099 722
1099 721
1100 721
1100 720
1100 719
1101 719
1101 718
1102 718
1102 717
1102 716
1103 716
1103 715
1103 714
1103 713
1103 712
1103 711
1104 711
1104 710
1104 709
1104 708
1104 707
1105 707
1105 706
1105 705
1105 704
1105 703
1105 702
1106 702
1106 701
1106 700
1106 699
1106 698
1106 697
1106 696
1106 695
1106 694
1105 694
1105 693
1105 692
1105 691
1105 690
1105 689
1105 688
1104 688
1104 687
1104 686
1104 685
1103 685
1103 684
1103 683
1103 682
1103 681
1103 680
1103 679
1102 679
1102 678
1101 678
1101 677
1100 677
1100 676
1099 676
1099 675
1098 675
1098 674
1098 673
1097 673
1097 672
1096 672
1096 671
1095 671
1095 670
1094 670
1094 669
1093 669
1093 668
1092 668
1092 667
1091 667
1090 667
1090 666
1089 666
1089 665
1088 665
1088 664
1087 664
1086 664
1086 663
1085 663
1084 663
1084 662
1083 662
1082 662
1082 661
1081 661
1080 661
1080 660
1079 660
1079 659
1078 659
1077 659
1076 659
1076 658
1075 658
1074 658
1073 658
1072 658
1071 658
1070 658
1070 657
1069 657
1068 657
1067 657
1067 656
1066 656
1066 655
1066 654
1066 653
1066 652
1066 651
1066 650
1066 649
1066 648
1066 647
1065 647
1065 646
1065 645
1065 644
1065 643
1065 642
1065 641
1065 640
1066 640
1066 639
1066 638
1066 637
1066 636
1066 635
1066 634
1066 633
1066 632
1066 631
1066 630
1066 629
1066 628
1065 628
1065 627
1065 626
1065 625
1065 624
1064 624
1064 623
1064 622
1063 622
1063 621
1062 621
1062 620
1062 619
1061 619
1061 618
1061 617
1060 617
1060 616
1059 616
1059 615
1058 615
1058 614
1057 614
1057 613
1056 613
1056 612
1055 612
1054 612
1054 611
1053 611
1052 611
1052 610
1051 610
1051 609
1050 609
1050 608
1049 608
1048 608
1048 607
1047 607
1046 607
1045 607
1044 607
1043 607
1042 607
1041 607
1040 607
1039 607
1039 606
1038 606
1037 606
1037 605
1036 605
1036 604
1035 604
1035 603
1034 603
1034 602
1033 602
1033 601
1033 600
1033 599
1034 599
1034 598
1034 597
1034 596
1034 595
1035 595
1035 594
1035 593
1035 592
1035 591
1035 590
1035 589
1035 588
1035 587
1035 586
1034 586
1034 585
1034 584
1033 584
1033 583
1033 582
1033 581
1033 580
1033 579
1033 578
1033 577
1033 576
1032 576
1032 575
1031 575
1031 574
1030 574
1030 573
1029 573
1029 572
1029 571
1029 570
1029 569
1028 569
1028 568
1028 567
1027 567
1027 566
1027 565
1026 565
1026 564
1025 564
1025 563
1025 562
1024 562
1024 561
1024 560
1024 559
1024 558
1024 557
1023 557
1023 556
1023 555
1023 554
1023 553
1022 553
1022 552
1021 552
1020 552
1020 551
1020 550
1019 550
1019 549
1019 548
1019 547
1019 546
1019 545
1018 545
1018 544
1018 543
1017 543
1016 543
1016 542
1015 542
1015 541
1015 540
1014 540
1014 539
1014 538
1014 537
1014 536
1013 536
1013 535
1013 534
1012 534
1012 533
1011 533
1011 532
1010 532
1010 531
1009 531
1009 530
1009 529
1008 529
1008 528
1007 528
1007 527
1006 527
1005 527
1005 526
1005 525
1005 524
1005 523
1005 522
1005 521
1005 520
1004 520
1004 519
1003 519
1002 519
1001 519
1000 519
999 519
998 519
997 519
996 519
995 519
-2 -2
