1403 766
1403 767
1402 767
1401 767
1401 768
1400 768
1399 768
1399 769
1398 769
1397 769
1396 769
1396 770
1395 770
1394 770
1393 770
1393 771
1392 771
1391 771
1391 772
1391 773
1390 773
1390 774
1389 774
1388 774
1388 775
1387 775
1387 776
1386 776
1386 777
1385 777
1385 778
1384 778
1384 779
1383 779
1383 780
1382 780
1382 781
1381 781
1381 782
1381 783
1380 783
1380 784
1380 785
1379 785
1379 786
1379 787
1378 787
1378 788
1377 788
1377 789
1377 790
1376 790
1376 791
1376 792
1375 792
1375 793
1375 794
1374 794
1374 795
1374 796
1373 796
1373 797
1372 797
1372 798
1372 799
1371 799
1371 800
1371 801
1370 801
1370 802
1370 803
1369 803
1369 804
1368 804
1368 805
1367 805
1367 806
1367 807
1366 807
1366 808
1366 809
1365 809
1365 810
1365 811
1364 811
1364 812
1363 812
1363 813
1362 813
1362 814
1362 815
1362 816
1361 816
1361 817
1361 818
1360 818
1360 819
1359 819
1359 820
1359 821
1358 821
1358 822
1357 822
1357 823
1357 824
1357 825
1356 825
1356 826
1356 827
1355 827
1355 828
1354 828
1354 829
1353 829
1353 830
1353 831
1353 832
1352 832
1352 833
1351 833
1351 834
1351 835
1350 835
1350 836
1349 836
1349 837
1348 837
1348 838
1348 839
1347 839
1347 840
1347 841
1346 841
1346 842
1345 842
1345 843
1344 843
1344 844
1344 845
1343 845
1343 846
1343 847
1343 848
1343 849
1343 850
1342 850
1342 851
1341 851
1341 852
1341 853
1341 854
1341 855
1342 855
1342 856
1342 857
1342 858
1343 858
1343 859
1343 860
1344 860
1344 861
1344 862
1345 862
1346 862
1346 863
1347 863
1347 864
1348 864
1348 865
1349 865
1350 865
1351 865
1352 865
1353 865
1353 866
1354 866
1355 866
1356 866
1357 866
1358 866
1359 866
1360 866
1361 866
1361 867
1362 867
1363 867
1363 868
1364 868
1365 868
1366 868
1366 869
1367 869
1368 869
1369 869
1369 870
1370 870
1371 870
1372 870
1373 870
1374 870
1375 870
1376 870
1376 871
1377 871
1378 871
1379 871
1379 872
1380 872
1381 872
1382 872
1382 873
1383 873
1384 873
1384 874
1385 874
1386 874
1386 875
1387 875
1388 875
1389 875
1390 875
1391 875
1392 875
1393 875
1394 875
1394 876
1395 876
1396 876
1397 876
1398 876
1398 877
1399 877
1400 877
1401 877
1401 878
1402 878
1403 878
1403 879
1404 879
1405 879
1406 879
1407 879
1408 879
1409 879
1410 879
1411 879
1411 880
1412 880
1413 880
1414 880
1415 880
1415 881
1416 881
1417 881
1417 882
1418 882
1419 882
1419 883
1420 883
1421 883
1422 883
1422 884
1423 884
1424 884
1425 884
1426 884
1427 884
1428 884
1429 884
1430 884
1431 884
1432 884
1433 884
1434 884
1435 884
1436 884
1437 884
1438 884
1438 883
1439 883
1440 883
1441 883
1441 882
1442 882
1443 882
1443 881
1444 881
1444 880
1445 880
1446 880
1447 880
1448 880
1448 879
1449 879
1450 879
1450 878
1451 878
1452 878
1452 877
1453 877
1453 876
1454 876
1454 875
1455 875
1455 874
1456 874
1456 873
1457 873
1457 872
1457 871
1458 871
1458 870
1459 870
1459 869
1460 869
1460 868
1461 868
1461 867
1461 866
1462 866
1462 865
1462 864
1462 863
1462 862
1463 862
1463 861
1464 861
1464 860
1465 860
1465 859
1466 859
1466 858
1466 857
1466 856
1467 856
1467 855
1467 854
1467 853
1467 852
1467 851
1467 850
1467 849
1467 848
1468 848
1468 847
1468 846
1468 845
1468 844
1469 844
1469 843
1469 842
1469 841
1470 841
1470 840
1470 839
1470 838
1470 837
1470 836
1471 836
1471 835
1471 834
1471 833
1471 832
1470 832
1470 831
1470 830
1470 829
1470 828
1469 828
1469 827
1469 826
1469 825
1469 824
1469 823
1468 823
1468 822
1468 821
1468 820
1468 819
1467 819
1467 818
1467 817
1467 816
1467 815
1467 814
1467 813
1467 812
1466 812
1466 811
1466 810
1466 809
1465 809
1465 808
1464 808
1464 807
1464 806
1463 806
1463 805
1463 804
1462 804
1462 803
1462 802
1462 801
1461 801
1461 800
1461 799
1460 799
1460 798
1459 798
1459 797
1458 797
1458 796
1458 795
1457 795
1457 794
1457 793
1456 793
1456 792
1455 792
1455 791
1454 791
1454 790
1454 789
1453 789
1453 788
1452 788
1452 787
1451 787
1451 786
1450 786
1450 785
1449 785
1449 784
1448 784
1448 783
1447 783
1447 782
1446 782
1446 781
1445 781
1445 780
1444 780
1444 779
1443 779
1442 779
1442 778
1441 778
1441 777
1440 777
1440 776
1439 776
1438 776
1438 775
1437 775
1436 775
1436 774
1435 774
1434 774
1434 773
1433 773
1433 772
1432 772
1432 771
1431 771
1430 771
1430 770
1429 770
1428 770
1427 770
1426 770
1426 769
1425 769
1424 769
1423 769
1423 768
1422 768
1421 768
1420 768
1420 767
1419 767
1418 767
1418 766
1417 766
1416 766
1415 766
1414 766
1413 766
1412 766
1411 766
1410 766
1409 766
1408 766
1407 766
1406 766
1405 766
1404 766
1403 766
-2 -2
