128 959
128 960
127 960
126 960
125 960
124 960
123 960
123 961
122 961
121 961
120 961
119 961
118 961
117 961
116 961
116 962
115 962
115 963
114 963
113 963
113 964
112 964
112 965
111 965
110 965
110 966
109 966
109 967
108 967
108 968
107 968
107 969
106 969
106 970
105 970
105 971
104 971
104 972
103 972
103 973
102 973
102 974
101 974
101 975
100 975
100 976
99 976
99 977
98 977
98 978
98 979
97 979
97 980
96 980
96 981
95 981
95 982
95 983
94 983
94 984
94 985
94 986
94 987
94 988
94 989
93 989
93 990
93 991
93 992
93 993
93 994
93 995
93 996
93 997
93 998
93 999
93 1000
93 1001
93 1002
93 1003
93 1004
93 1005
93 1006
93 1007
93 1008
93 1009
93 1010
94 1010
94 1011
94 1012
94 1013
94 1014
94 1015
94 1016
95 1016
95 1017
95 1018
96 1018
96 1019
97 1019
97 1020
98 1020
98 1021
99 1021
99 1022
99 1023
100 1023
100 1024
101 1024
101 1025
102 1025
103 1025
103 1026
103 1027
104 1027
104 1028
105 1028
105 1029
106 1029
106 1030
107 1030
107 1031
108 1031
108 1032
109 1032
109 1033
110 1033
111 1033
111 1034
112 1034
113 1034
113 1035
114 1035
114 1036
114 1037
115 1037
116 1037
117 1037
117 1038
118 1038
119 1038
120 1038
121 1038
122 1038
123 1038
123 1039
124 1039
125 1039
126 1039
127 1039
128 1039
128 1040
129 1040
130 1040
131 1040
132 1040
133 1040
133 1039
134 1039
135 1039
136 1039
137 1039
137 1038
138 1038
139 1038
140 1038
141 1038
142 1038
142 1037
143 1037
144 1037
145 1037
145 1036
146 1036
146 1035
147 1035
147 1034
148 1034
149 1034
149 1033
150 1033
151 1033
151 1032
152 1032
152 1031
153 1031
153 1030
154 1030
154 1029
155 1029
156 1029
156 1028
157 1028
157 1027
158 1027
158 1026
159 1026
159 1025
160 1025
161 1025
161 1024
162 1024
162 1023
163 1023
163 1022
164 1022
164 1021
165 1021
165 1020
166 1020
166 1019
167 1019
167 1018
167 1017
167 1016
168 1016
168 1015
168 1014
169 1014
169 1013
170 1013
170 1012
170 1011
171 1011
171 1010
171 1009
171 1008
171 1007
171 1006
171 1005
171 1004
171 1003
171 1002
171 1001
171 1000
171 999
171 998
171 997
171 996
171 995
171 994
171 993
171 992
171 991
171 990
171 989
171 988
170 988
170 987
170 986
169 986
169 985
168 985
168 984
168 983
167 983
167 982
167 981
166 981
166 980
166 979
165 979
165 978
164 978
164 977
163 977
163 976
162 976
162 975
161 975
161 974
160 974
160 973
159 973
158 973
158 972
157 972
157 971
156 971
156 970
155 970
154 970
154 969
153 969
153 968
152 968
152 967
151 967
151 966
150 966
149 966
149 965
148 965
147 965
147 964
146 964
146 963
145 963
145 962
144 962
143 962
143 961
142 961
141 961
140 961
139 961
138 961
137 961
137 960
136 960
135 960
134 960
133 960
132 960
131 960
131 959
130 959
129 959
128 959
-2 -2
