938 1579
938 1580
937 1580
936 1580
935 1580
935 1581
934 1581
933 1581
933 1582
932 1582
932 1583
931 1583
931 1584
930 1584
930 1585
929 1585
929 1586
929 1587
928 1587
928 1588
928 1589
927 1589
927 1590
927 1591
926 1591
926 1592
926 1593
925 1593
925 1594
925 1595
925 1596
924 1596
924 1597
924 1598
924 1599
924 1600
924 1601
924 1602
923 1602
923 1603
923 1604
923 1605
923 1606
922 1606
922 1607
921 1607
921 1608
921 1609
920 1609
920 1610
920 1611
919 1611
919 1612
919 1613
918 1613
917 1613
917 1614
916 1614
915 1614
915 1615
915 1616
914 1616
914 1617
913 1617
913 1618
912 1618
911 1618
910 1618
909 1618
908 1618
908 1619
907 1619
907 1620
906 1620
906 1621
906 1622
905 1622
904 1622
904 1623
903 1623
902 1623
901 1623
900 1623
899 1623
898 1623
898 1624
897 1624
897 1625
896 1625
895 1625
895 1626
894 1626
894 1627
893 1627
892 1627
891 1627
890 1627
890 1628
889 1628
888 1628
887 1628
886 1628
885 1628
885 1629
884 1629
883 1629
883 1630
883 1631
882 1631
882 1632
881 1632
880 1632
879 1632
878 1632
877 1632
876 1632
876 1633
875 1633
874 1633
874 1634
873 1634
873 1635
872 1635
872 1636
871 1636
870 1636
869 1636
869 1637
868 1637
867 1637
866 1637
865 1637
864 1637
863 1637
862 1637
861 1637
860 1637
860 1638
859 1638
858 1638
858 1639
857 1639
856 1639
856 1640
855 1640
855 1641
854 1641
853 1641
852 1641
851 1641
850 1641
849 1641
848 1641
848 1642
847 1642
846 1642
845 1642
844 1642
843 1642
842 1642
841 1642
840 1642
840 1643
839 1643
838 1643
838 1644
837 1644
837 1645
836 1645
835 1645
835 1646
834 1646
833 1646
832 1646
831 1646
830 1646
829 1646
828 1646
827 1646
826 1646
825 1646
824 1646
823 1646
822 1646
821 1646
821 1647
820 1647
819 1647
819 1648
819 1649
818 1649
817 1649
817 1650
816 1650
815 1650
815 1651
814 1651
813 1651
812 1651
811 1651
810 1651
809 1651
808 1651
807 1651
806 1651
805 1651
805 1652
804 1652
804 1653
803 1653
802 1653
802 1654
801 1654
801 1655
800 1655
799 1655
798 1655
797 1655
797 1656
796 1656
795 1656
794 1656
793 1656
793 1657
792 1657
792 1658
791 1658
791 1659
790 1659
789 1659
789 1660
788 1660
787 1660
786 1660
785 1660
784 1660
784 1661
783 1661
782 1661
782 1662
781 1662
781 1663
780 1663
780 1664
779 1664
778 1664
778 1665
777 1665
776 1665
775 1665
774 1665
773 1665
773 1666
772 1666
772 1667
771 1667
771 1668
770 1668
770 1669
769 1669
768 1669
768 1670
767 1670
766 1670
766 1671
765 1671
765 1672
764 1672
764 1673
763 1673
762 1673
762 1674
761 1674
761 1675
760 1675
760 1676
759 1676
759 1677
758 1677
758 1678
757 1678
756 1678
756 1679
755 1679
755 1680
754 1680
753 1680
753 1681
753 1682
752 1682
752 1683
751 1683
750 1683
750 1684
749 1684
749 1685
748 1685
748 1686
747 1686
747 1687
746 1687
746 1688
745 1688
745 1689
744 1689
744 1690
743 1690
743 1691
742 1691
742 1692
741 1692
741 1693
740 1693
740 1694
739 1694
739 1695
739 1696
738 1696
738 1697
737 1697
737 1698
737 1699
736 1699
736 1700
735 1700
735 1701
734 1701
734 1702
733 1702
733 1703
733 1704
732 1704
732 1705
732 1706
731 1706
731 1707
730 1707
730 1708
729 1708
729 1709
729 1710
728 1710
728 1711
728 1712
727 1712
727 1713
727 1714
726 1714
726 1715
726 1716
725 1716
725 1717
724 1717
724 1718
724 1719
723 1719
723 1720
723 1721
723 1722
722 1722
722 1723
721 1723
721 1724
721 1725
720 1725
720 1726
719 1726
719 1727
719 1728
719 1729
718 1729
718 1730
718 1731
717 1731
717 1732
717 1733
716 1733
716 1734
715 1734
715 1735
715 1736
714 1736
714 1737
714 1738
714 1739
714 1740
713 1740
713 1741
713 1742
713 1743
712 1743
712 1744
711 1744
711 1745
711 1746
710 1746
710 1747
710 1748
710 1749
710 1750
709 1750
709 1751
709 1752
709 1753
709 1754
709 1755
708 1755
708 1756
708 1757
708 1758
707 1758
707 1759
706 1759
706 1760
706 1761
706 1762
705 1762
705 1763
705 1764
705 1765
705 1766
705 1767
705 1768
705 1769
705 1770
705 1771
705 1772
705 1773
705 1774
705 1775
705 1776
705 1777
704 1777
704 1778
704 1779
704 1780
704 1781
704 1782
704 1783
703 1783
703 1784
703 1785
703 1786
703 1787
703 1788
703 1789
703 1790
703 1791
703 1792
704 1792
704 1793
704 1794
704 1795
704 1796
705 1796
705 1797
705 1798
705 1799
705 1800
705 1801
705 1802
705 1803
705 1804
705 1805
706 1805
706 1806
706 1807
706 1808
707 1808
707 1809
708 1809
708 1810
708 1811
709 1811
709 1812
709 1813
710 1813
710 1814
710 1815
710 1816
711 1816
711 1817
712 1817
712 1818
713 1818
713 1819
713 1820
714 1820
714 1821
714 1822
715 1822
715 1823
716 1823
716 1824
716 1825
717 1825
718 1825
718 1826
718 1827
719 1827
719 1828
719 1829
720 1829
720 1830
721 1830
721 1831
722 1831
722 1832
723 1832
723 1833
723 1834
724 1834
724 1835
725 1835
725 1836
726 1836
726 1837
727 1837
727 1838
728 1838
728 1839
729 1839
729 1840
730 1840
731 1840
731 1841
732 1841
732 1842
732 1843
733 1843
734 1843
734 1844
735 1844
736 1844
736 1845
737 1845
737 1846
737 1847
738 1847
738 1848
739 1848
739 1849
740 1849
741 1849
741 1850
742 1850
742 1851
743 1851
743 1852
744 1852
744 1853
745 1853
746 1853
746 1854
747 1854
747 1855
748 1855
748 1856
749 1856
749 1857
750 1857
751 1857
751 1858
752 1858
753 1858
753 1859
754 1859
755 1859
755 1860
756 1860
757 1860
757 1861
758 1861
758 1862
759 1862
760 1862
760 1863
761 1863
762 1863
763 1863
764 1863
765 1863
766 1863
766 1864
767 1864
768 1864
769 1864
769 1865
770 1865
771 1865
772 1865
773 1865
773 1866
774 1866
774 1867
775 1867
776 1867
777 1867
778 1867
779 1867
780 1867
781 1867
782 1867
783 1867
784 1867
785 1867
786 1867
787 1867
788 1867
788 1866
789 1866
790 1866
790 1865
791 1865
792 1865
792 1864
793 1864
794 1864
795 1864
796 1864
796 1863
797 1863
798 1863
799 1863
800 1863
801 1863
802 1863
803 1863
804 1863
805 1863
805 1862
806 1862
807 1862
808 1862
808 1861
809 1861
809 1860
810 1860
810 1859
811 1859
811 1858
812 1858
813 1858
814 1858
815 1858
815 1857
816 1857
816 1856
817 1856
817 1855
818 1855
819 1855
819 1854
820 1854
820 1853
821 1853
822 1853
822 1852
823 1852
823 1851
823 1850
824 1850
824 1849
825 1849
825 1848
826 1848
827 1848
827 1847
827 1846
828 1846
828 1845
829 1845
829 1844
830 1844
830 1843
830 1842
831 1842
831 1841
832 1841
832 1840
832 1839
833 1839
833 1838
833 1837
833 1836
834 1836
834 1835
834 1834
835 1834
835 1833
836 1833
837 1833
837 1832
837 1831
837 1830
837 1829
837 1828
837 1827
837 1826
838 1826
838 1825
838 1824
838 1823
838 1822
839 1822
839 1821
839 1820
840 1820
840 1819
841 1819
841 1818
841 1817
841 1816
841 1815
842 1815
842 1814
842 1813
842 1812
842 1811
842 1810
842 1809
842 1808
842 1807
842 1806
842 1805
842 1804
842 1803
842 1802
841 1802
841 1801
841 1800
841 1799
841 1798
840 1798
840 1797
839 1797
839 1796
839 1795
838 1795
838 1794
838 1793
838 1792
838 1791
837 1791
837 1790
837 1789
837 1788
836 1788
836 1787
835 1787
835 1786
834 1786
834 1785
833 1785
833 1784
832 1784
832 1783
831 1783
831 1782
830 1782
830 1781
829 1781
829 1780
828 1780
828 1779
827 1779
826 1779
826 1778
825 1778
825 1777
824 1777
823 1777
823 1776
822 1776
821 1776
821 1775
820 1775
819 1775
819 1774
818 1774
818 1773
817 1773
816 1773
816 1772
815 1772
814 1772
813 1772
812 1772
811 1772
810 1772
810 1771
809 1771
808 1771
807 1771
806 1771
805 1771
805 1770
804 1770
803 1770
802 1770
801 1770
800 1770
799 1770
798 1770
797 1770
796 1770
795 1770
794 1770
794 1771
793 1771
792 1771
791 1771
790 1771
789 1771
789 1772
788 1772
787 1772
786 1772
785 1772
784 1772
783 1772
783 1773
782 1773
781 1773
781 1774
780 1774
780 1775
779 1775
779 1776
778 1776
778 1777
777 1777
777 1778
776 1778
775 1778
775 1779
775 1780
774 1780
774 1781
773 1781
773 1782
772 1782
772 1783
771 1783
771 1784
771 1785
770 1785
770 1786
770 1787
770 1788
769 1788
769 1789
769 1790
769 1791
769 1792
768 1792
768 1793
768 1794
768 1795
768 1796
768 1797
768 1798
768 1799
768 1800
768 1801
768 1802
769 1802
769 1803
769 1804
769 1805
770 1805
770 1806
770 1807
770 1808
771 1808
771 1809
771 1810
772 1810
773 1810
773 1811
774 1811
774 1812
775 1812
776 1812
776 1813
777 1813
777 1814
778 1814
778 1815
779 1815
780 1815
780 1816
781 1816
782 1816
783 1816
783 1817
784 1817
784 1818
785 1818
785 1819
786 1819
787 1819
787 1820
788 1820
789 1820
789 1821
790 1821
791 1821
792 1821
792 1822
793 1822
794 1822
795 1822
796 1822
796 1823
797 1823
797 1824
797 1825
797 1826
797 1827
796 1827
795 1827
795 1828
794 1828
793 1828
792 1828
791 1828
790 1828
790 1829
789 1829
789 1830
788 1830
787 1830
787 1831
786 1831
785 1831
785 1832
784 1832
783 1832
782 1832
781 1832
780 1832
779 1832
778 1832
777 1832
776 1832
775 1832
774 1832
773 1832
772 1832
771 1832
770 1832
769 1832
768 1832
767 1832
766 1832
765 1832
764 1832
763 1832
762 1832
761 1832
761 1831
760 1831
760 1830
759 1830
759 1829
758 1829
758 1828
757 1828
757 1827
756 1827
756 1826
755 1826
755 1825
755 1824
754 1824
754 1823
754 1822
754 1821
753 1821
753 1820
753 1819
753 1818
753 1817
753 1816
753 1815
753 1814
753 1813
752 1813
752 1812
752 1811
752 1810
752 1809
752 1808
752 1807
752 1806
752 1805
752 1804
752 1803
752 1802
752 1801
752 1800
752 1799
752 1798
752 1797
752 1796
752 1795
752 1794
752 1793
753 1793
753 1792
753 1791
753 1790
753 1789
753 1788
753 1787
753 1786
753 1785
753 1784
753 1783
753 1782
753 1781
753 1780
753 1779
753 1778
753 1777
753 1776
753 1775
753 1774
753 1773
753 1772
753 1771
754 1771
754 1770
754 1769
754 1768
754 1767
754 1766
754 1765
755 1765
755 1764
756 1764
756 1763
756 1762
757 1762
757 1761
757 1760
758 1760
758 1759
758 1758
758 1757
758 1756
758 1755
758 1754
758 1753
759 1753
759 1752
759 1751
760 1751
760 1750
760 1749
761 1749
761 1748
762 1748
762 1747
762 1746
763 1746
763 1745
763 1744
763 1743
763 1742
764 1742
764 1741
764 1740
765 1740
765 1739
766 1739
766 1738
767 1738
767 1737
767 1736
767 1735
768 1735
768 1734
768 1733
769 1733
769 1732
770 1732
770 1731
771 1731
771 1730
772 1730
772 1729
772 1728
772 1727
772 1726
772 1725
772 1724
772 1723
772 1722
772 1721
773 1721
773 1720
773 1719
774 1719
774 1718
775 1718
775 1717
776 1717
776 1716
776 1715
777 1715
777 1714
777 1713
777 1712
777 1711
777 1710
778 1710
778 1709
779 1709
780 1709
780 1708
781 1708
781 1707
781 1706
782 1706
782 1705
783 1705
783 1704
784 1704
784 1703
785 1703
785 1702
786 1702
786 1701
787 1701
787 1700
788 1700
788 1699
789 1699
790 1699
790 1698
791 1698
791 1697
792 1697
792 1696
793 1696
794 1696
794 1695
795 1695
796 1695
797 1695
797 1694
798 1694
799 1694
799 1693
800 1693
800 1692
801 1692
802 1692
802 1691
803 1691
804 1691
804 1690
805 1690
806 1690
807 1690
808 1690
809 1690
809 1689
810 1689
810 1688
811 1688
812 1688
812 1687
813 1687
814 1687
814 1686
815 1686
816 1686
817 1686
817 1685
818 1685
819 1685
820 1685
821 1685
822 1685
823 1685
823 1684
823 1683
824 1683
824 1682
825 1682
826 1682
826 1681
827 1681
828 1681
829 1681
830 1681
830 1680
831 1680
832 1680
832 1679
832 1678
833 1678
833 1677
834 1677
835 1677
835 1676
836 1676
837 1676
838 1676
839 1676
840 1676
841 1676
842 1676
842 1675
843 1675
843 1674
844 1674
845 1674
845 1673
846 1673
847 1673
847 1672
848 1672
849 1672
850 1672
851 1672
852 1672
853 1672
853 1673
852 1673
851 1673
851 1674
850 1674
849 1674
849 1675
848 1675
848 1676
847 1676
847 1677
846 1677
846 1678
845 1678
845 1679
844 1679
843 1679
843 1680
842 1680
842 1681
841 1681
841 1682
840 1682
840 1683
840 1684
839 1684
839 1685
838 1685
838 1686
838 1687
837 1687
837 1688
836 1688
836 1689
835 1689
835 1690
835 1691
834 1691
834 1692
833 1692
833 1693
832 1693
832 1694
831 1694
831 1695
831 1696
830 1696
830 1697
830 1698
829 1698
829 1699
829 1700
828 1700
828 1701
828 1702
827 1702
827 1703
827 1704
826 1704
826 1705
826 1706
826 1707
826 1708
826 1709
825 1709
825 1710
825 1711
825 1712
825 1713
825 1714
825 1715
825 1716
825 1717
824 1717
824 1718
824 1719
824 1720
824 1721
824 1722
824 1723
824 1724
824 1725
824 1726
825 1726
825 1727
825 1728
825 1729
825 1730
825 1731
825 1732
826 1732
826 1733
826 1734
826 1735
826 1736
826 1737
827 1737
827 1738
828 1738
828 1739
828 1740
829 1740
829 1741
830 1741
830 1742
831 1742
831 1743
831 1744
832 1744
832 1745
832 1746
833 1746
834 1746
834 1747
834 1748
835 1748
835 1749
835 1750
836 1750
836 1751
836 1752
837 1752
837 1753
838 1753
838 1754
839 1754
839 1755
840 1755
841 1755
841 1756
842 1756
843 1756
843 1757
844 1757
845 1757
846 1757
847 1757
848 1757
849 1757
850 1757
850 1756
851 1756
852 1756
853 1756
853 1755
854 1755
855 1755
855 1754
855 1753
856 1753
856 1752
856 1751
856 1750
857 1750
857 1749
857 1748
857 1747
857 1746
857 1745
856 1745
856 1744
856 1743
856 1742
856 1741
856 1740
856 1739
856 1738
856 1737
856 1736
856 1735
856 1734
856 1733
857 1733
857 1732
857 1731
858 1731
858 1730
859 1730
859 1729
860 1729
860 1728
860 1727
861 1727
861 1726
861 1725
862 1725
862 1724
863 1724
863 1723
864 1723
864 1722
865 1722
865 1721
866 1721
866 1720
866 1719
867 1719
867 1718
868 1718
869 1718
869 1717
870 1717
870 1716
870 1715
871 1715
871 1714
872 1714
873 1714
873 1713
874 1713
874 1712
875 1712
875 1711
876 1711
876 1710
877 1710
877 1709
878 1709
879 1709
879 1708
880 1708
881 1708
881 1707
881 1706
882 1706
883 1706
883 1705
884 1705
885 1705
885 1704
886 1704
887 1704
887 1703
888 1703
888 1702
889 1702
889 1701
890 1701
890 1700
891 1700
892 1700
892 1699
893 1699
894 1699
894 1698
895 1698
895 1697
896 1697
897 1697
897 1696
898 1696
898 1695
899 1695
900 1695
900 1694
901 1694
901 1693
902 1693
902 1692
903 1692
903 1691
904 1691
904 1690
905 1690
905 1689
906 1689
906 1688
907 1688
907 1687
908 1687
908 1686
909 1686
909 1685
910 1685
911 1685
911 1684
911 1683
912 1683
912 1682
913 1682
913 1681
914 1681
915 1681
915 1680
916 1680
916 1679
917 1679
917 1678
918 1678
918 1677
919 1677
919 1676
920 1676
921 1676
921 1675
921 1674
922 1674
922 1673
922 1672
923 1672
923 1671
924 1671
925 1671
925 1670
926 1670
926 1669
926 1668
927 1668
927 1667
928 1667
928 1666
929 1666
930 1666
930 1665
930 1664
931 1664
931 1663
932 1663
932 1662
933 1662
933 1661
934 1661
934 1660
935 1660
935 1659
935 1658
936 1658
936 1657
937 1657
937 1656
938 1656
938 1655
939 1655
939 1654
939 1653
940 1653
940 1652
940 1651
940 1650
941 1650
941 1649
941 1648
942 1648
942 1647
943 1647
943 1646
944 1646
944 1645
944 1644
945 1644
945 1643
945 1642
945 1641
945 1640
946 1640
946 1639
947 1639
947 1638
948 1638
948 1637
949 1637
949 1636
949 1635
949 1634
949 1633
949 1632
949 1631
949 1630
950 1630
950 1629
951 1629
951 1628
951 1627
952 1627
952 1626
953 1626
953 1625
953 1624
954 1624
954 1623
954 1622
954 1621
954 1620
954 1619
954 1618
954 1617
954 1616
954 1615
954 1614
954 1613
954 1612
954 1611
954 1610
954 1609
954 1608
954 1607
954 1606
954 1605
954 1604
954 1603
954 1602
954 1601
954 1600
954 1599
954 1598
954 1597
954 1596
954 1595
954 1594
954 1593
954 1592
954 1591
954 1590
954 1589
953 1589
953 1588
953 1587
952 1587
952 1586
951 1586
951 1585
950 1585
950 1584
950 1583
949 1583
949 1582
948 1582
948 1581
947 1581
946 1581
946 1580
945 1580
944 1580
944 1579
943 1579
942 1579
941 1579
940 1579
939 1579
938 1579
-2 -2
