1212 132
1212 133
1211 133
1210 133
1209 133
1209 134
1208 134
1207 134
1206 134
1206 135
1205 135
1204 135
1203 135
1203 136
1202 136
1201 136
1200 136
1199 136
1198 136
1197 136
1196 136
1195 136
1194 136
1194 137
1193 137
1192 137
1192 138
1191 138
1191 139
1190 139
1189 139
1189 140
1188 140
1187 140
1187 141
1186 141
1185 141
1184 141
1184 142
1183 142
1183 143
1182 143
1182 144
1181 144
1181 145
1180 145
1179 145
1179 146
1178 146
1177 146
1177 147
1176 147
1176 148
1176 149
1175 149
1175 150
1174 150
1174 151
1173 151
1173 152
1172 152
1172 153
1171 153
1171 154
1170 154
1170 155
1170 156
1169 156
1169 157
1168 157
1168 158
1167 158
1167 159
1167 160
1167 161
1166 161
1166 162
1165 162
1165 163
1165 164
1165 165
1164 165
1164 166
1163 166
1163 167
1163 168
1162 168
1162 169
1162 170
1162 171
1161 171
1161 172
1161 173
1161 174
1161 175
1161 176
1161 177
1160 177
1160 178
1160 179
1159 179
1159 180
1159 181
1158 181
1158 182
1158 183
1158 184
1157 184
1157 185
1157 186
1157 187
1157 188
1157 189
1157 190
1157 191
1157 192
1157 193
1157 194
1157 195
1157 196
1157 197
1158 197
1158 198
1158 199
1158 200
1158 201
1159 201
1159 202
1160 202
1160 203
1160 204
1161 204
1161 205
1161 206
1161 207
1161 208
1162 208
1162 209
1162 210
1162 211
1163 211
1163 212
1164 212
1164 213
1165 213
1165 214
1166 214
1166 215
1167 215
1167 216
1168 216
1168 217
1169 217
1169 218
1170 218
1171 218
1171 219
1172 219
1172 220
1173 220
1173 221
1174 221
1174 222
1175 222
1176 222
1176 223
1177 223
1178 223
1178 224
1179 224
1180 224
1180 225
1181 225
1181 226
1182 226
1182 227
1183 227
1184 227
1185 227
1186 227
1187 227
1188 227
1189 227
1189 228
1190 228
1191 228
1192 228
1193 228
1193 229
1194 229
1195 229
1196 229
1197 229
1198 229
1199 229
1200 229
1201 229
1202 229
1203 229
1204 229
1205 229
1205 228
1206 228
1207 228
1208 228
1209 228
1209 227
1210 227
1211 227
1212 227
1213 227
1214 227
1215 227
1216 227
1217 227
1217 226
1218 226
1218 225
1219 225
1219 224
1220 224
1220 223
1221 223
1221 222
1222 222
1223 222
1223 221
1224 221
1224 220
1224 219
1225 219
1225 218
1226 218
1226 217
1227 217
1227 216
1228 216
1228 215
1229 215
1229 214
1229 213
1229 212
1229 211
1230 211
1230 210
1230 209
1230 208
1231 208
1231 207
1231 206
1231 205
1231 204
1231 203
1231 202
1231 201
1231 200
1231 199
1231 198
1231 197
1230 197
1230 196
1230 195
1230 194
1229 194
1229 193
1229 192
1229 191
1228 191
1228 190
1228 189
1227 189
1226 189
1226 188
1225 188
1225 187
1224 187
1224 186
1223 186
1223 185
1222 185
1221 185
1221 184
1220 184
1219 184
1219 183
1218 183
1217 183
1216 183
1216 182
1215 182
1215 181
1214 181
1214 180
1213 180
1212 180
1212 179
1211 179
1210 179
1210 178
1209 178
1208 178
1208 177
1207 177
1206 177
1205 177
1204 177
1203 177
1203 176
1202 176
1202 175
1202 174
1202 173
1202 172
1203 172
1204 172
1204 171
1205 171
1206 171
1207 171
1208 171
1209 171
1209 170
1210 170
1211 170
1211 169
1212 169
1212 168
1213 168
1214 168
1214 167
1215 167
1216 167
1217 167
1218 167
1219 167
1220 167
1221 167
1222 167
1223 167
1224 167
1225 167
1226 167
1227 167
1228 167
1229 167
1230 167
1231 167
1232 167
1233 167
1234 167
1235 167
1236 167
1237 167
1238 167
1238 168
1239 168
1240 168
1240 169
1240 170
1241 170
1241 171
1242 171
1242 172
1243 172
1243 173
1244 173
1244 174
1244 175
1245 175
1245 176
1245 177
1245 178
1246 178
1246 179
1246 180
1246 181
1246 182
1246 183
1246 184
1246 185
1246 186
1247 186
1247 187
1247 188
1247 189
1247 190
1247 191
1247 192
1247 193
1247 194
1247 195
1247 196
1247 197
1247 198
1247 199
1247 200
1247 201
1247 202
1247 203
1247 204
1247 205
1247 206
1247 207
1247 208
1247 209
1246 209
1246 210
1246 211
1246 212
1246 213
1246 214
1246 215
1246 216
1246 217
1246 218
1246 219
1246 220
1246 221
1246 222
1246 223
1246 224
1246 225
1246 226
1245 226
1245 227
1245 228
1245 229
1245 230
1245 231
1245 232
1245 233
1245 234
1244 234
1244 235
1244 236
1243 236
1243 237
1243 238
1242 238
1242 239
1242 240
1241 240
1241 241
1241 242
1241 243
1241 244
1241 245
1241 246
1240 246
1240 247
1240 248
1239 248
1239 249
1239 250
1238 250
1238 251
1237 251
1237 252
1237 253
1237 254
1236 254
1236 255
1236 256
1236 257
1235 257
1235 258
1235 259
1234 259
1234 260
1233 260
1233 261
1233 262
1232 262
1232 263
1232 264
1231 264
1231 265
1231 266
1230 266
1230 267
1229 267
1229 268
1229 269
1228 269
1228 270
1227 270
1227 271
1227 272
1227 273
1227 274
1227 275
1227 276
1227 277
1227 278
1226 278
1226 279
1226 280
1225 280
1225 281
1225 282
1224 282
1224 283
1223 283
1223 284
1223 285
1222 285
1222 286
1222 287
1222 288
1222 289
1221 289
1221 290
1220 290
1219 290
1219 291
1218 291
1218 292
1218 293
1217 293
1217 294
1217 295
1216 295
1215 295
1215 296
1214 296
1214 297
1213 297
1213 298
1212 298
1212 299
1211 299
1211 300
1210 300
1209 300
1209 301
1208 301
1208 302
1207 302
1207 303
1206 303
1205 303
1205 304
1204 304
1203 304
1202 304
1202 305
1201 305
1200 305
1200 306
1199 306
1199 307
1198 307
1197 307
1197 308
1196 308
1195 308
1195 309
1194 309
1193 309
1192 309
1191 309
1190 309
1190 310
1189 310
1188 310
1188 311
1187 311
1187 312
1186 312
1186 313
1185 313
1184 313
1183 313
1182 313
1181 313
1181 314
1180 314
1179 314
1178 314
1177 314
1177 315
1176 315
1176 316
1175 316
1175 317
1174 317
1173 317
1173 318
1172 318
1171 318
1170 318
1169 318
1169 319
1168 319
1167 319
1167 320
1167 321
1166 321
1166 322
1165 322
1164 322
1164 323
1163 323
1162 323
1161 323
1160 323
1159 323
1158 323
1157 323
1157 324
1156 324
1156 325
1155 325
1154 325
1154 326
1153 326
1152 326
1152 327
1151 327
1150 327
1149 327
1148 327
1147 327
1146 327
1146 326
1147 326
1147 325
1148 325
1149 325
1149 324
1150 324
1150 323
1151 323
1152 323
1152 322
1153 322
1153 321
1154 321
1154 320
1155 320
1156 320
1156 319
1157 319
1157 318
1158 318
1158 317
1159 317
1159 316
1159 315
1160 315
1160 314
1161 314
1161 313
1161 312
1162 312
1163 312
1163 311
1163 310
1164 310
1164 309
1164 308
1165 308
1165 307
1166 307
1166 306
1167 306
1167 305
1168 305
1168 304
1168 303
1169 303
1169 302
1169 301
1170 301
1170 300
1170 299
1171 299
1171 298
1172 298
1172 297
1172 296
1173 296
1173 295
1173 294
1173 293
1173 292
1173 291
1173 290
1173 289
1174 289
1174 288
1174 287
1174 286
1174 285
1174 284
1174 283
1175 283
1175 282
1175 281
1175 280
1175 279
1175 278
1175 277
1175 276
1175 275
1175 274
1175 273
1174 273
1174 272
1174 271
1174 270
1174 269
1174 268
1174 267
1173 267
1173 266
1173 265
1173 264
1173 263
1173 262
1172 262
1172 261
1172 260
1171 260
1171 259
1170 259
1170 258
1169 258
1169 257
1168 257
1168 256
1168 255
1167 255
1167 254
1167 253
1166 253
1165 253
1165 252
1165 251
1164 251
1164 250
1164 249
1163 249
1163 248
1163 247
1162 247
1162 246
1161 246
1161 245
1160 245
1160 244
1159 244
1158 244
1158 243
1157 243
1156 243
1156 242
1155 242
1154 242
1153 242
1152 242
1151 242
1150 242
1149 242
1148 242
1148 243
1147 243
1146 243
1146 244
1145 244
1145 245
1144 245
1144 246
1143 246
1143 247
1143 248
1143 249
1143 250
1142 250
1142 251
1142 252
1142 253
1143 253
1143 254
1143 255
1143 256
1143 257
1143 258
1143 259
1143 260
1143 261
1143 262
1143 263
1143 264
1143 265
1143 266
1142 266
1142 267
1142 268
1141 268
1141 269
1141 270
1140 270
1140 271
1139 271
1139 272
1138 272
1138 273
1138 274
1137 274
1137 275
1136 275
1136 276
1135 276
1135 277
1134 277
1134 278
1133 278
1133 279
1133 280
1132 280
1131 280
1131 281
1130 281
1130 282
1129 282
1129 283
1128 283
1128 284
1128 285
1127 285
1126 285
1126 286
1125 286
1125 287
1124 287
1124 288
1123 288
1123 289
1122 289
1122 290
1121 290
1120 290
1120 291
1119 291
1119 292
1118 292
1118 293
1117 293
1116 293
1116 294
1115 294
1114 294
1114 295
1113 295
1112 295
1112 296
1111 296
1111 297
1110 297
1110 298
1109 298
1109 299
1108 299
1107 299
1107 300
1106 300
1105 300
1105 301
1104 301
1104 302
1103 302
1103 303
1102 303
1101 303
1101 304
1100 304
1099 304
1099 305
1098 305
1098 306
1097 306
1097 307
1096 307
1096 308
1095 308
1095 309
1094 309
1093 309
1093 310
1093 311
1092 311
1092 312
1091 312
1091 313
1090 313
1090 314
1089 314
1089 315
1088 315
1088 316
1087 316
1087 317
1086 317
1086 318
1085 318
1084 318
1084 319
1083 319
1083 320
1082 320
1082 321
1081 321
1081 322
1080 322
1080 323
1079 323
1079 324
1078 324
1078 325
1077 325
1077 326
1077 327
1076 327
1075 327
1075 328
1074 328
1074 329
1073 329
1073 330
1073 331
1072 331
1072 332
1071 332
1071 333
1070 333
1069 333
1069 334
1069 335
1068 335
1068 336
1067 336
1067 337
1066 337
1066 338
1065 338
1065 339
1064 339
1064 340
1064 341
1063 341
1063 342
1062 342
1062 343
1062 344
1061 344
1061 345
1060 345
1060 346
1059 346
1059 347
1059 348
1059 349
1058 349
1058 350
1058 351
1057 351
1057 352
1056 352
1056 353
1056 354
1055 354
1055 355
1055 356
1054 356
1054 357
1054 358
1054 359
1053 359
1053 360
1053 361
1052 361
1052 362
1051 362
1051 363
1050 363
1050 364
1050 365
1050 366
1050 367
1050 368
1049 368
1049 369
1049 370
1049 371
1048 371
1048 372
1047 372
1047 373
1047 374
1046 374
1046 375
1046 376
1045 376
1045 377
1045 378
1045 379
1045 380
1045 381
1045 382
1045 383
1045 384
1045 385
1045 386
1045 387
1045 388
1045 389
1045 390
1045 391
1045 392
1045 393
1045 394
1045 395
1045 396
1045 397
1045 398
1045 399
1045 400
1045 401
1045 402
1045 403
1045 404
1045 405
1045 406
1045 407
1045 408
1045 409
1045 410
1046 410
1046 411
1046 412
1046 413
1047 413
1048 413
1048 414
1049 414
1049 415
1049 416
1050 416
1050 417
1051 417
1051 418
1052 418
1053 418
1053 419
1054 419
1055 419
1055 420
1056 420
1057 420
1058 420
1059 420
1060 420
1061 420
1061 419
1062 419
1063 419
1064 419
1064 418
1065 418
1066 418
1066 417
1067 417
1068 417
1068 416
1069 416
1069 415
1069 414
1070 414
1070 413
1071 413
1071 412
1071 411
1071 410
1072 410
1072 409
1072 408
1073 408
1073 407
1073 406
1074 406
1074 405
1074 404
1075 404
1075 403
1075 402
1075 401
1075 400
1075 399
1075 398
1075 397
1075 396
1076 396
1076 395
1076 394
1076 393
1077 393
1077 392
1078 392
1078 391
1079 391
1079 390
1079 389
1079 388
1079 387
1080 387
1080 386
1081 386
1081 385
1082 385
1083 385
1084 385
1084 384
1084 383
1085 383
1085 382
1085 381
1086 381
1087 381
1088 381
1089 381
1090 381
1091 381
1091 380
1092 380
1092 379
1093 379
1093 378
1094 378
1094 377
1095 377
1095 376
1096 376
1097 376
1098 376
1099 376
1100 376
1101 376
1101 375
1102 375
1102 374
1103 374
1103 373
1104 373
1105 373
1105 372
1106 372
1107 372
1108 372
1109 372
1109 371
1110 371
1111 371
1112 371
1113 371
1114 371
1115 371
1115 370
1116 370
1116 369
1116 368
1117 368
1117 367
1118 367
1119 367
1120 367
1121 367
1122 367
1123 367
1124 367
1124 366
1125 366
1125 365
1126 365
1126 364
1127 364
1127 363
1128 363
1129 363
1130 363
1130 362
1131 362
1132 362
1133 362
1134 362
1135 362
1136 362
1137 362
1138 362
1139 362
1140 362
1140 361
1141 361
1141 360
1142 360
1143 360
1143 359
1144 359
1145 359
1145 358
1146 358
1147 358
1148 358
1148 357
1149 357
1150 357
1151 357
1152 357
1153 357
1154 357
1155 357
1156 357
1157 357
1158 357
1159 357
1160 357
1160 356
1161 356
1161 355
1162 355
1162 354
1163 354
1164 354
1164 353
1165 353
1166 353
1167 353
1168 353
1169 353
1170 353
1171 353
1172 353
1173 353
1174 353
1175 353
1176 353
1177 353
1178 353
1178 352
1179 352
1180 352
1180 351
1181 351
1181 350
1182 350
1182 349
1183 349
1183 348
1184 348
1185 348
1186 348
1187 348
1188 348
1189 348
1190 348
1191 348
1192 348
1193 348
1194 348
1195 348
1195 347
1195 346
1196 346
1196 345
1197 345
1198 345
1198 344
1199 344
1200 344
1201 344
1201 343
1202 343
1203 343
1204 343
1205 343
1205 342
1206 342
1207 342
1207 341
1208 341
1208 340
1209 340
1210 340
1210 339
1211 339
1212 339
1213 339
1214 339
1215 339
1215 338
1216 338
1217 338
1217 337
1218 337
1218 336
1219 336
1219 335
1220 335
1220 334
1221 334
1222 334
1223 334
1224 334
1225 334
1226 334
1226 333
1227 333
1227 332
1228 332
1228 331
1229 331
1229 330
1230 330
1231 330
1231 329
1232 329
1233 329
1233 328
1234 328
1234 327
1235 327
1235 326
1236 326
1236 325
1237 325
1238 325
1238 324
1239 324
1239 323
1240 323
1240 322
1241 322
1242 322
1242 321
1243 321
1243 320
1244 320
1245 320
1245 319
1246 319
1246 318
1247 318
1247 317
1248 317
1248 316
1249 316
1249 315
1250 315
1250 314
1251 314
1251 313
1252 313
1252 312
1253 312
1253 311
1254 311
1254 310
1255 310
1256 310
1256 309
1256 308
1257 308
1257 307
1258 307
1258 306
1259 306
1259 305
1260 305
1260 304
1261 304
1261 303
1261 302
1262 302
1262 301
1263 301
1263 300
1263 299
1264 299
1264 298
1265 298
1265 297
1266 297
1266 296
1266 295
1267 295
1267 294
1267 293
1268 293
1268 292
1269 292
1269 291
1270 291
1270 290
1271 290
1271 289
1271 288
1271 287
1272 287
1272 286
1272 285
1272 284
1273 284
1273 283
1274 283
1275 283
1275 282
1275 281
1275 280
1276 280
1276 279
1276 278
1276 277
1277 277
1277 276
1278 276
1278 275
1279 275
1279 274
1279 273
1280 273
1280 272
1280 271
1280 270
1281 270
1281 269
1281 268
1282 268
1282 267
1283 267
1283 266
1283 265
1284 265
1284 264
1284 263
1285 263
1285 262
1285 261
1285 260
1285 259
1286 259
1286 258
1286 257
1286 256
1287 256
1287 255
1288 255
1288 254
1289 254
1289 253
1289 252
1289 251
1289 250
1289 249
1289 248
1289 247
1290 247
1290 246
1290 245
1290 244
1291 244
1291 243
1291 242
1292 242
1292 241
1293 241
1293 240
1293 239
1293 238
1294 238
1294 237
1294 236
1294 235
1294 234
1294 233
1294 232
1294 231
1294 230
1294 229
1294 228
1294 227
1294 226
1294 225
1294 224
1294 223
1295 223
1295 222
1295 221
1295 220
1295 219
1295 218
1295 217
1295 216
1296 216
1296 215
1296 214
1296 213
1296 212
1296 211
1296 210
1296 209
1295 209
1295 208
1295 207
1295 206
1295 205
1295 204
1295 203
1295 202
1294 202
1294 201
1294 200
1294 199
1294 198
1294 197
1294 196
1294 195
1294 194
1293 194
1293 193
1293 192
1293 191
1292 191
1292 190
1291 190
1291 189
1291 188
1290 188
1290 187
1290 186
1289 186
1289 185
1289 184
1289 183
1288 183
1288 182
1287 182
1287 181
1286 181
1286 180
1286 179
1285 179
1285 178
1285 177
1284 177
1284 176
1283 176
1283 175
1282 175
1282 174
1281 174
1281 173
1281 172
1280 172
1280 171
1280 170
1279 170
1279 169
1278 169
1278 168
1277 168
1277 167
1276 167
1276 166
1276 165
1275 165
1275 164
1274 164
1274 163
1273 163
1273 162
1272 162
1272 161
1271 161
1271 160
1270 160
1270 159
1269 159
1268 159
1268 158
1268 157
1267 157
1266 157
1266 156
1265 156
1265 155
1264 155
1264 154
1263 154
1263 153
1262 153
1261 153
1261 152
1261 151
1260 151
1260 150
1259 150
1258 150
1258 149
1257 149
1257 148
1256 148
1256 147
1255 147
1255 146
1254 146
1253 146
1253 145
1252 145
1252 144
1251 144
1251 143
1250 143
1250 142
1249 142
1248 142
1248 141
1247 141
1246 141
1246 140
1245 140
1244 140
1244 139
1243 139
1242 139
1242 138
1241 138
1241 137
1240 137
1239 137
1238 137
1238 136
1237 136
1236 136
1235 136
1234 136
1233 136
1233 135
1232 135
1231 135
1230 135
1229 135
1229 134
1228 134
1227 134
1227 133
1226 133
1225 133
1224 133
1224 132
1223 132
1222 132
1221 132
1220 132
1219 132
1218 132
1217 132
1216 132
1215 132
1214 132
1213 132
1212 132
-2 -2
