694 893
694 894
693 894
692 894
691 894
690 894
689 894
689 895
688 895
687 895
686 895
685 895
684 895
684 896
683 896
682 896
681 896
680 896
679 896
679 897
678 897
678 898
677 898
677 899
676 899
676 900
675 900
674 900
674 901
673 901
673 902
672 902
672 903
671 903
671 904
670 904
670 905
669 905
669 906
668 906
668 907
667 907
667 908
667 909
666 909
666 910
665 910
665 911
664 911
664 912
663 912
663 913
663 914
663 915
662 915
662 916
662 917
661 917
661 918
661 919
660 919
660 920
659 920
659 921
659 922
659 923
658 923
658 924
658 925
658 926
658 927
658 928
658 929
657 929
657 930
657 931
657 932
656 932
656 933
655 933
654 933
653 933
652 933
651 933
650 933
649 933
648 933
647 933
646 933
645 933
644 933
643 933
642 933
641 933
640 933
639 933
638 933
637 933
636 933
635 933
634 933
633 933
632 933
631 933
630 933
629 933
628 933
627 933
627 934
626 934
625 934
624 934
624 935
623 935
623 936
622 936
621 936
621 937
620 937
619 937
619 938
618 938
617 938
617 939
616 939
616 940
615 940
615 941
614 941
614 942
613 942
613 943
612 943
612 944
612 945
611 945
611 946
611 947
610 947
610 948
609 948
609 949
609 950
608 950
608 951
608 952
607 952
607 953
607 954
607 955
607 956
607 957
607 958
607 959
607 960
606 960
606 961
606 962
605 962
605 963
604 963
604 964
604 965
603 965
602 965
602 966
601 966
600 966
599 966
599 965
598 965
597 965
596 965
595 965
594 965
593 965
593 964
592 964
591 964
590 964
589 964
588 964
587 964
586 964
586 965
585 965
584 965
583 965
583 966
582 966
581 966
580 966
579 966
578 966
577 966
576 966
576 967
575 967
575 968
574 968
574 969
573 969
573 970
572 970
571 970
570 970
569 970
569 971
568 971
567 971
566 971
566 972
565 972
565 973
564 973
564 974
563 974
562 974
562 975
561 975
560 975
559 975
558 975
557 975
556 975
555 975
555 976
554 976
553 976
553 977
552 977
552 978
551 978
551 979
550 979
550 980
549 980
548 980
547 980
546 980
545 980
544 980
544 981
543 981
543 982
542 982
542 983
542 984
541 984
540 984
539 984
539 985
538 985
537 985
536 985
535 985
535 986
535 987
534 987
533 987
533 988
532 988
532 989
531 989
530 989
530 990
529 990
528 990
528 991
528 992
527 992
527 993
526 993
526 994
525 994
524 994
523 994
522 994
521 994
521 995
520 995
519 995
519 996
519 997
519 998
519 999
519 1000
519 1001
519 1002
519 1003
519 1004
520 1004
520 1005
521 1005
522 1005
523 1005
524 1005
525 1005
526 1005
526 1006
527 1006
527 1007
528 1007
528 1008
528 1009
529 1009
530 1009
530 1010
531 1010
532 1010
532 1011
533 1011
533 1012
534 1012
534 1013
535 1013
535 1014
536 1014
537 1014
538 1014
539 1014
539 1015
540 1015
541 1015
542 1015
542 1016
543 1016
543 1017
543 1018
544 1018
545 1018
545 1019
546 1019
547 1019
548 1019
549 1019
550 1019
550 1020
551 1020
552 1020
552 1021
552 1022
553 1022
553 1023
554 1023
555 1023
556 1023
556 1024
557 1024
558 1024
559 1024
560 1024
561 1024
562 1024
562 1025
563 1025
564 1025
564 1026
565 1026
565 1027
566 1027
567 1027
567 1028
568 1028
569 1028
570 1028
570 1029
571 1029
572 1029
573 1029
573 1030
574 1030
574 1031
575 1031
575 1032
575 1033
576 1033
577 1033
578 1033
579 1033
580 1033
581 1033
582 1033
583 1033
583 1034
584 1034
585 1034
586 1034
586 1035
587 1035
588 1035
589 1035
590 1035
591 1035
592 1035
593 1035
594 1035
594 1034
595 1034
596 1034
597 1034
598 1034
599 1034
599 1033
600 1033
601 1033
602 1033
602 1034
603 1034
604 1034
604 1035
605 1035
605 1036
605 1037
606 1037
606 1038
607 1038
607 1039
607 1040
607 1041
607 1042
607 1043
607 1044
607 1045
607 1046
607 1047
608 1047
608 1048
608 1049
608 1050
609 1050
609 1051
610 1051
610 1052
611 1052
611 1053
611 1054
612 1054
612 1055
612 1056
613 1056
613 1057
614 1057
614 1058
615 1058
615 1059
616 1059
616 1060
617 1060
617 1061
618 1061
619 1061
619 1062
620 1062
621 1062
621 1063
622 1063
623 1063
623 1064
624 1064
624 1065
625 1065
626 1065
627 1065
627 1066
628 1066
629 1066
630 1066
631 1066
632 1066
633 1066
634 1066
635 1066
636 1066
637 1066
638 1066
639 1066
640 1066
641 1066
642 1066
643 1066
644 1066
645 1066
646 1066
647 1066
648 1066
649 1066
650 1066
651 1066
652 1066
653 1066
654 1066
655 1066
656 1066
656 1067
657 1067
657 1068
657 1069
657 1070
658 1070
658 1071
658 1072
658 1073
658 1074
658 1075
658 1076
658 1077
659 1077
659 1078
659 1079
660 1079
660 1080
661 1080
661 1081
661 1082
662 1082
662 1083
662 1084
663 1084
663 1085
663 1086
664 1086
664 1087
664 1088
665 1088
665 1089
666 1089
666 1090
667 1090
667 1091
667 1092
668 1092
668 1093
669 1093
669 1094
670 1094
670 1095
671 1095
671 1096
672 1096
672 1097
673 1097
673 1098
674 1098
675 1098
675 1099
676 1099
676 1100
677 1100
677 1101
678 1101
678 1102
679 1102
679 1103
680 1103
681 1103
682 1103
683 1103
684 1103
685 1103
685 1104
686 1104
687 1104
688 1104
688 1105
689 1105
690 1105
691 1105
692 1105
693 1105
694 1105
694 1106
695 1106
696 1106
697 1106
698 1106
699 1106
700 1106
701 1106
702 1106
702 1105
703 1105
704 1105
705 1105
706 1105
706 1104
707 1104
708 1104
709 1104
710 1104
711 1104
711 1103
712 1103
713 1103
714 1103
715 1103
716 1103
716 1102
717 1102
718 1102
718 1101
719 1101
719 1100
720 1100
720 1099
721 1099
722 1099
722 1098
723 1098
724 1098
725 1098
725 1097
726 1097
726 1096
727 1096
727 1095
728 1095
728 1094
729 1094
730 1094
730 1093
731 1093
732 1093
732 1092
733 1092
733 1091
734 1091
734 1090
735 1090
736 1090
736 1089
737 1089
738 1089
738 1088
739 1088
739 1087
740 1087
740 1086
741 1086
741 1085
742 1085
743 1085
743 1084
744 1084
745 1084
745 1083
746 1083
747 1083
747 1082
748 1082
748 1081
749 1081
749 1080
750 1080
751 1080
752 1080
752 1079
753 1079
754 1079
754 1078
755 1078
756 1078
756 1077
757 1077
757 1076
758 1076
759 1076
759 1075
760 1075
761 1075
762 1075
762 1074
763 1074
763 1073
764 1073
764 1072
765 1072
766 1072
766 1071
767 1071
768 1071
768 1070
769 1070
769 1069
770 1069
771 1069
771 1068
772 1068
772 1067
773 1067
773 1066
774 1066
774 1065
775 1065
776 1065
776 1064
776 1063
777 1063
777 1062
778 1062
778 1061
779 1061
780 1061
780 1060
781 1060
781 1059
782 1059
782 1058
782 1057
783 1057
783 1056
784 1056
785 1056
785 1055
786 1055
786 1054
786 1053
787 1053
787 1052
788 1052
789 1052
789 1051
790 1051
790 1050
791 1050
791 1049
791 1048
792 1048
792 1047
793 1047
793 1046
794 1046
795 1046
795 1045
795 1044
796 1044
796 1043
797 1043
797 1042
798 1042
798 1041
799 1041
799 1040
800 1040
800 1039
801 1039
801 1038
802 1038
802 1037
803 1037
804 1037
804 1036
804 1035
805 1035
805 1034
806 1034
806 1033
807 1033
808 1033
808 1032
809 1032
809 1031
810 1031
810 1030
811 1030
811 1029
812 1029
813 1029
813 1028
814 1028
814 1027
815 1027
815 1026
816 1026
816 1025
817 1025
818 1025
818 1024
819 1024
819 1023
820 1023
821 1023
821 1022
822 1022
822 1021
823 1021
823 1020
824 1020
824 1019
825 1019
825 1018
826 1018
827 1018
827 1017
827 1016
828 1016
828 1015
829 1015
830 1015
830 1014
831 1014
832 1014
833 1014
834 1014
835 1014
836 1014
836 1013
837 1013
837 1012
837 1011
838 1011
838 1010
839 1010
840 1010
840 1009
841 1009
841 1008
842 1008
842 1007
842 1006
843 1006
843 1005
844 1005
845 1005
846 1005
846 1004
847 1004
847 1003
847 1002
847 1001
847 1000
847 999
847 998
847 997
847 996
847 995
846 995
846 994
845 994
844 994
843 994
843 993
842 993
842 992
842 991
842 990
841 990
840 990
840 989
839 989
838 989
838 988
837 988
837 987
837 986
836 986
836 985
835 985
834 985
833 985
832 985
831 985
830 985
830 984
829 984
828 984
828 983
827 983
827 982
826 982
826 981
825 981
825 980
824 980
824 979
823 979
822 979
822 978
822 977
821 977
820 977
820 976
819 976
819 975
818 975
818 974
817 974
816 974
816 973
815 973
815 972
814 972
814 971
813 971
813 970
812 970
811 970
811 969
810 969
810 968
809 968
809 967
808 967
808 966
807 966
806 966
806 965
805 965
805 964
804 964
804 963
803 963
803 962
802 962
802 961
801 961
801 960
800 960
800 959
799 959
799 958
798 958
798 957
797 957
797 956
796 956
796 955
795 955
795 954
794 954
794 953
793 953
793 952
792 952
792 951
791 951
791 950
790 950
790 949
789 949
789 948
788 948
788 947
787 947
787 946
786 946
786 945
785 945
785 944
785 943
784 943
783 943
783 942
782 942
782 941
781 941
781 940
781 939
780 939
780 938
779 938
778 938
778 937
777 937
777 936
776 936
776 935
775 935
775 934
774 934
774 933
773 933
773 932
772 932
771 932
771 931
770 931
770 930
769 930
769 929
768 929
768 928
767 928
766 928
766 927
765 927
764 927
764 926
763 926
763 925
762 925
762 924
761 924
760 924
759 924
759 923
758 923
757 923
757 922
756 922
756 921
755 921
754 921
754 920
753 920
752 920
752 919
751 919
750 919
749 919
749 918
748 918
748 917
747 917
747 916
746 916
745 916
745 915
744 915
743 915
743 914
742 914
741 914
741 913
740 913
740 912
739 912
739 911
738 911
737 911
737 910
736 910
736 909
735 909
734 909
734 908
733 908
733 907
732 907
732 906
731 906
730 906
730 905
729 905
728 905
728 904
727 904
727 903
726 903
726 902
725 902
724 902
724 901
723 901
722 901
722 900
721 900
720 900
720 899
719 899
719 898
718 898
717 898
717 897
716 897
716 896
715 896
714 896
713 896
712 896
711 896
711 895
710 895
709 895
708 895
707 895
706 895
706 894
705 894
704 894
703 894
702 894
701 894
701 893
700 893
699 893
698 893
697 893
696 893
695 893
694 893
-2 -2
