373 346
373 347
372 347
371 347
371 348
370 348
370 349
369 349
369 350
368 350
367 350
367 351
366 351
365 351
365 352
364 352
364 353
363 353
363 354
362 354
362 355
361 355
361 356
360 356
360 357
359 357
359 358
358 358
358 359
357 359
357 360
356 360
356 361
355 361
355 362
354 362
354 363
353 363
353 364
352 364
352 365
351 365
351 366
351 367
350 367
350 368
350 369
349 369
349 370
349 371
348 371
348 372
347 372
347 373
346 373
346 374
346 375
346 376
346 377
346 378
346 379
346 380
346 381
346 382
346 383
346 384
346 385
346 386
346 387
346 388
346 389
346 390
346 391
346 392
346 393
346 394
346 395
346 396
346 397
346 398
346 399
347 399
347 400
348 400
348 401
348 402
349 402
349 403
350 403
350 404
350 405
351 405
351 406
351 407
352 407
352 408
352 409
353 409
353 410
354 410
354 411
355 411
355 412
356 412
356 413
357 413
357 414
358 414
358 415
359 415
359 416
360 416
360 417
361 417
362 417
362 418
363 418
364 418
364 419
365 419
366 419
366 420
367 420
368 420
368 421
369 421
369 422
370 422
371 422
371 423
372 423
373 423
374 423
375 423
376 423
377 423
378 423
379 423
380 423
381 423
382 423
383 423
384 423
385 423
386 423
386 424
387 424
388 424
389 424
390 424
391 424
392 424
393 424
394 424
395 424
396 424
396 423
397 423
398 423
399 423
400 423
401 423
402 423
402 422
403 422
404 422
404 421
404 420
405 420
405 419
406 419
407 419
407 418
408 418
408 417
409 417
409 416
410 416
410 415
410 414
411 414
412 414
412 413
413 413
413 412
414 412
414 411
414 410
415 410
416 410
416 409
417 409
417 408
418 408
418 407
419 407
419 406
420 406
420 405
420 404
421 404
422 404
422 403
422 402
423 402
423 401
423 400
423 399
423 398
423 397
423 396
423 395
424 395
424 394
424 393
424 392
424 391
424 390
424 389
424 388
423 388
423 387
423 386
423 385
423 384
423 383
423 382
423 381
423 380
423 379
423 378
423 377
423 376
423 375
423 374
423 373
423 372
422 372
422 371
422 370
422 369
421 369
421 368
421 367
420 367
420 366
419 366
419 365
419 364
418 364
418 363
418 362
417 362
417 361
417 360
416 360
416 359
415 359
415 358
414 358
414 357
413 357
413 356
412 356
412 355
411 355
411 354
410 354
410 353
409 353
409 352
408 352
407 352
407 351
406 351
405 351
405 350
404 350
403 350
403 349
402 349
402 348
401 348
401 347
400 347
399 347
399 346
398 346
397 346
396 346
395 346
394 346
393 346
392 346
391 346
390 346
389 346
388 346
387 346
386 346
385 346
384 346
383 346
382 346
381 346
380 346
379 346
378 346
377 346
376 346
375 346
374 346
373 346
-2 -2
