1298 893
1298 894
1297 894
1296 894
1295 894
1294 894
1293 894
1293 895
1292 895
1291 895
1290 895
1289 895
1288 895
1288 896
1287 896
1286 896
1285 896
1284 896
1283 896
1283 897
1282 897
1282 898
1281 898
1280 898
1280 899
1279 899
1279 900
1278 900
1277 900
1276 900
1276 901
1275 901
1274 901
1274 902
1274 903
1273 903
1273 904
1272 904
1271 904
1271 905
1270 905
1269 905
1269 906
1268 906
1267 906
1267 907
1266 907
1266 908
1265 908
1265 909
1264 909
1263 909
1263 910
1262 910
1261 910
1261 911
1260 911
1260 912
1259 912
1259 913
1258 913
1258 914
1257 914
1256 914
1256 915
1255 915
1254 915
1254 916
1253 916
1252 916
1252 917
1251 917
1251 918
1250 918
1250 919
1249 919
1248 919
1247 919
1247 920
1246 920
1245 920
1244 920
1244 921
1243 921
1243 922
1242 922
1242 923
1241 923
1240 923
1240 924
1239 924
1238 924
1237 924
1237 925
1236 925
1236 926
1235 926
1235 927
1234 927
1233 927
1233 928
1232 928
1231 928
1231 929
1230 929
1230 930
1229 930
1229 931
1228 931
1227 931
1227 932
1226 932
1226 933
1225 933
1225 934
1224 934
1223 934
1223 935
1223 936
1222 936
1222 937
1221 937
1221 938
1220 938
1219 938
1219 939
1218 939
1218 940
1218 941
1217 941
1217 942
1216 942
1216 943
1215 943
1214 943
1214 944
1213 944
1213 945
1213 946
1212 946
1212 947
1211 947
1211 948
1210 948
1209 948
1209 949
1209 950
1208 950
1208 951
1207 951
1207 952
1206 952
1206 953
1205 953
1205 954
1204 954
1204 955
1203 955
1203 956
1202 956
1202 957
1201 957
1201 958
1200 958
1200 959
1199 959
1199 960
1198 960
1198 961
1197 961
1197 962
1196 962
1195 962
1195 963
1195 964
1194 964
1194 965
1193 965
1193 966
1192 966
1191 966
1191 967
1190 967
1190 968
1189 968
1189 969
1188 969
1188 970
1187 970
1186 970
1186 971
1185 971
1185 972
1184 972
1184 973
1183 973
1183 974
1182 974
1181 974
1181 975
1180 975
1180 976
1179 976
1179 977
1178 977
1177 977
1177 978
1177 979
1176 979
1175 979
1175 980
1174 980
1174 981
1173 981
1173 982
1172 982
1172 983
1171 983
1171 984
1170 984
1169 984
1169 985
1168 985
1167 985
1166 985
1165 985
1164 985
1163 985
1163 986
1162 986
1162 987
1162 988
1161 988
1161 989
1160 989
1159 989
1158 989
1158 990
1157 990
1157 991
1157 992
1157 993
1156 993
1155 993
1155 994
1154 994
1153 994
1153 995
1152 995
1152 996
1152 997
1152 998
1152 999
1152 1000
1152 1001
1152 1002
1152 1003
1152 1004
1153 1004
1153 1005
1154 1005
1155 1005
1156 1005
1156 1006
1157 1006
1157 1007
1157 1008
1158 1008
1158 1009
1158 1010
1159 1010
1160 1010
1161 1010
1161 1011
1162 1011
1162 1012
1163 1012
1163 1013
1163 1014
1164 1014
1165 1014
1166 1014
1167 1014
1168 1014
1169 1014
1169 1015
1170 1015
1171 1015
1171 1016
1172 1016
1172 1017
1173 1017
1173 1018
1174 1018
1174 1019
1175 1019
1176 1019
1176 1020
1177 1020
1177 1021
1178 1021
1178 1022
1179 1022
1179 1023
1180 1023
1180 1024
1181 1024
1181 1025
1182 1025
1183 1025
1183 1026
1184 1026
1184 1027
1185 1027
1185 1028
1186 1028
1186 1029
1187 1029
1188 1029
1188 1030
1189 1030
1189 1031
1190 1031
1190 1032
1191 1032
1191 1033
1192 1033
1193 1033
1193 1034
1194 1034
1194 1035
1195 1035
1195 1036
1195 1037
1196 1037
1197 1037
1197 1038
1198 1038
1198 1039
1199 1039
1199 1040
1200 1040
1200 1041
1201 1041
1201 1042
1202 1042
1203 1042
1203 1043
1203 1044
1204 1044
1204 1045
1205 1045
1205 1046
1206 1046
1206 1047
1207 1047
1207 1048
1208 1048
1208 1049
1209 1049
1209 1050
1209 1051
1210 1051
1211 1051
1211 1052
1212 1052
1212 1053
1213 1053
1213 1054
1214 1054
1214 1055
1214 1056
1215 1056
1216 1056
1216 1057
1217 1057
1217 1058
1218 1058
1218 1059
1218 1060
1219 1060
1219 1061
1220 1061
1221 1061
1221 1062
1222 1062
1222 1063
1223 1063
1223 1064
1223 1065
1224 1065
1225 1065
1225 1066
1226 1066
1227 1066
1227 1067
1228 1067
1228 1068
1229 1068
1229 1069
1230 1069
1230 1070
1231 1070
1232 1070
1232 1071
1233 1071
1234 1071
1234 1072
1235 1072
1235 1073
1236 1073
1236 1074
1237 1074
1237 1075
1238 1075
1239 1075
1240 1075
1240 1076
1241 1076
1242 1076
1242 1077
1243 1077
1243 1078
1244 1078
1245 1078
1245 1079
1246 1079
1247 1079
1248 1079
1248 1080
1249 1080
1250 1080
1250 1081
1251 1081
1251 1082
1252 1082
1252 1083
1253 1083
1254 1083
1254 1084
1255 1084
1256 1084
1256 1085
1257 1085
1258 1085
1258 1086
1259 1086
1259 1087
1260 1087
1260 1088
1261 1088
1261 1089
1262 1089
1263 1089
1264 1089
1264 1090
1265 1090
1265 1091
1266 1091
1266 1092
1267 1092
1267 1093
1268 1093
1269 1093
1269 1094
1270 1094
1271 1094
1271 1095
1272 1095
1273 1095
1273 1096
1273 1097
1274 1097
1275 1097
1275 1098
1276 1098
1277 1098
1277 1099
1278 1099
1279 1099
1279 1100
1280 1100
1280 1101
1281 1101
1282 1101
1282 1102
1283 1102
1283 1103
1284 1103
1285 1103
1286 1103
1287 1103
1288 1103
1288 1104
1289 1104
1290 1104
1291 1104
1292 1104
1292 1105
1293 1105
1294 1105
1295 1105
1296 1105
1297 1105
1298 1105
1298 1106
1299 1106
1300 1106
1301 1106
1302 1106
1303 1106
1304 1106
1305 1106
1306 1106
1306 1105
1307 1105
1308 1105
1309 1105
1310 1105
1310 1104
1311 1104
1312 1104
1313 1104
1314 1104
1314 1103
1315 1103
1316 1103
1317 1103
1318 1103
1319 1103
1320 1103
1320 1102
1321 1102
1321 1101
1322 1101
1322 1100
1323 1100
1323 1099
1324 1099
1325 1099
1325 1098
1326 1098
1326 1097
1327 1097
1327 1096
1328 1096
1328 1095
1329 1095
1329 1094
1330 1094
1330 1093
1331 1093
1331 1092
1332 1092
1332 1091
1332 1090
1333 1090
1333 1089
1334 1089
1334 1088
1335 1088
1335 1087
1336 1087
1336 1086
1336 1085
1336 1084
1337 1084
1337 1083
1337 1082
1338 1082
1338 1081
1339 1081
1339 1080
1339 1079
1340 1079
1340 1078
1340 1077
1341 1077
1341 1076
1341 1075
1341 1074
1341 1073
1341 1072
1341 1071
1341 1070
1341 1069
1342 1069
1342 1068
1342 1067
1343 1067
1343 1066
1344 1066
1345 1066
1346 1066
1347 1066
1348 1066
1349 1066
1350 1066
1351 1066
1352 1066
1353 1066
1354 1066
1355 1066
1356 1066
1357 1066
1358 1066
1359 1066
1360 1066
1361 1066
1362 1066
1363 1066
1364 1066
1365 1066
1366 1066
1367 1066
1368 1066
1369 1066
1370 1066
1371 1066
1372 1066
1372 1065
1373 1065
1374 1065
1375 1065
1375 1064
1376 1064
1377 1064
1377 1063
1378 1063
1378 1062
1379 1062
1380 1062
1380 1061
1381 1061
1382 1061
1382 1060
1383 1060
1383 1059
1384 1059
1384 1058
1385 1058
1385 1057
1386 1057
1387 1057
1387 1056
1387 1055
1387 1054
1388 1054
1388 1053
1388 1052
1389 1052
1389 1051
1390 1051
1390 1050
1391 1050
1391 1049
1391 1048
1392 1048
1392 1047
1392 1046
1392 1045
1392 1044
1392 1043
1392 1042
1392 1041
1392 1040
1392 1039
1393 1039
1393 1038
1393 1037
1394 1037
1394 1036
1395 1036
1395 1035
1395 1034
1396 1034
1397 1034
1397 1033
1398 1033
1399 1033
1400 1033
1400 1034
1401 1034
1402 1034
1403 1034
1404 1034
1405 1034
1405 1035
1406 1035
1407 1035
1408 1035
1409 1035
1410 1035
1411 1035
1412 1035
1413 1035
1413 1034
1414 1034
1415 1034
1416 1034
1416 1033
1417 1033
1418 1033
1419 1033
1420 1033
1421 1033
1422 1033
1423 1033
1424 1033
1424 1032
1424 1031
1425 1031
1425 1030
1426 1030
1426 1029
1427 1029
1428 1029
1429 1029
1429 1028
1430 1028
1431 1028
1432 1028
1433 1028
1433 1027
1434 1027
1434 1026
1435 1026
1435 1025
1436 1025
1437 1025
1437 1024
1438 1024
1439 1024
1440 1024
1441 1024
1442 1024
1443 1024
1444 1024
1444 1023
1445 1023
1446 1023
1446 1022
1447 1022
1447 1021
1447 1020
1448 1020
1449 1020
1449 1019
1450 1019
1451 1019
1452 1019
1453 1019
1454 1019
1455 1019
1455 1018
1456 1018
1456 1017
1456 1016
1457 1016
1457 1015
1458 1015
1459 1015
1460 1015
1460 1014
1461 1014
1462 1014
1463 1014
1464 1014
1464 1013
1465 1013
1465 1012
1466 1012
1466 1011
1467 1011
1467 1010
1468 1010
1469 1010
1469 1009
1470 1009
1470 1008
1471 1008
1471 1007
1472 1007
1472 1006
1473 1006
1473 1005
1474 1005
1475 1005
1476 1005
1477 1005
1478 1005
1479 1005
1479 1004
1480 1004
1480 1003
1480 1002
1480 1001
1480 1000
1480 999
1480 998
1480 997
1480 996
1480 995
1479 995
1479 994
1478 994
1477 994
1476 994
1475 994
1474 994
1473 994
1473 993
1472 993
1471 993
1471 992
1471 991
1470 991
1470 990
1469 990
1469 989
1468 989
1467 989
1467 988
1466 988
1466 987
1465 987
1465 986
1464 986
1464 985
1463 985
1462 985
1461 985
1460 985
1460 984
1459 984
1458 984
1457 984
1457 983
1456 983
1456 982
1456 981
1455 981
1454 981
1454 980
1453 980
1452 980
1451 980
1450 980
1449 980
1449 979
1448 979
1447 979
1447 978
1447 977
1446 977
1446 976
1445 976
1444 976
1444 975
1443 975
1442 975
1441 975
1440 975
1439 975
1438 975
1438 974
1437 974
1436 974
1435 974
1435 973
1434 973
1434 972
1433 972
1433 971
1432 971
1431 971
1430 971
1430 970
1429 970
1428 970
1427 970
1426 970
1426 969
1425 969
1425 968
1424 968
1424 967
1424 966
1423 966
1422 966
1421 966
1420 966
1419 966
1418 966
1417 966
1416 966
1416 965
1415 965
1414 965
1413 965
1413 964
1412 964
1411 964
1410 964
1409 964
1408 964
1407 964
1406 964
1405 964
1405 965
1404 965
1403 965
1402 965
1401 965
1401 966
1400 966
1399 966
1398 966
1397 966
1397 965
1396 965
1395 965
1395 964
1394 964
1394 963
1394 962
1393 962
1393 961
1393 960
1392 960
1392 959
1392 958
1392 957
1392 956
1392 955
1392 954
1392 953
1392 952
1391 952
1391 951
1391 950
1391 949
1390 949
1390 948
1389 948
1389 947
1388 947
1388 946
1388 945
1387 945
1387 944
1387 943
1386 943
1386 942
1385 942
1385 941
1384 941
1384 940
1383 940
1383 939
1382 939
1382 938
1381 938
1380 938
1380 937
1379 937
1378 937
1378 936
1377 936
1377 935
1376 935
1375 935
1375 934
1374 934
1373 934
1372 934
1372 933
1371 933
1370 933
1369 933
1368 933
1367 933
1366 933
1365 933
1364 933
1363 933
1362 933
1361 933
1360 933
1359 933
1358 933
1357 933
1356 933
1355 933
1354 933
1353 933
1352 933
1351 933
1350 933
1349 933
1348 933
1347 933
1346 933
1345 933
1344 933
1343 933
1343 932
1342 932
1342 931
1342 930
1341 930
1341 929
1341 928
1341 927
1341 926
1341 925
1341 924
1341 923
1340 923
1340 922
1340 921
1340 920
1339 920
1339 919
1338 919
1338 918
1338 917
1337 917
1337 916
1337 915
1336 915
1336 914
1336 913
1335 913
1335 912
1335 911
1334 911
1334 910
1333 910
1333 909
1332 909
1332 908
1332 907
1331 907
1331 906
1330 906
1330 905
1329 905
1329 904
1328 904
1328 903
1327 903
1327 902
1326 902
1326 901
1325 901
1325 900
1324 900
1323 900
1323 899
1322 899
1322 898
1321 898
1321 897
1320 897
1319 897
1319 896
1318 896
1317 896
1316 896
1315 896
1315 895
1314 895
1313 895
1312 895
1311 895
1310 895
1310 894
1309 894
1308 894
1307 894
1306 894
1306 893
1305 893
1304 893
1303 893
1302 893
1301 893
1300 893
1299 893
1298 893
-2 -2
