480 367
480 368
479 368
478 368
477 368
477 369
476 369
475 369
474 369
473 369
472 369
472 370
471 370
470 370
469 370
469 371
468 371
468 372
467 372
467 373
466 373
465 373
465 374
464 374
463 374
463 375
462 375
462 376
461 376
461 377
460 377
460 378
459 378
459 379
458 379
458 380
457 380
457 381
456 381
456 382
455 382
455 383
454 383
454 384
454 385
453 385
453 386
452 386
452 387
452 388
451 388
451 389
450 389
450 390
449 390
449 391
449 392
449 393
449 394
448 394
448 395
448 396
448 397
448 398
448 399
448 400
448 401
448 402
448 403
448 404
448 405
448 406
448 407
448 408
448 409
448 410
449 410
449 411
449 412
449 413
450 413
450 414
450 415
451 415
451 416
452 416
452 417
452 418
453 418
453 419
454 419
454 420
454 421
455 421
455 422
456 422
456 423
457 423
458 423
458 424
459 424
459 425
459 426
460 426
460 427
461 427
462 427
463 427
463 428
464 428
464 429
465 429
466 429
466 430
467 430
467 431
468 431
469 431
469 432
470 432
471 432
472 432
473 432
473 433
474 433
475 433
476 433
477 433
477 434
478 434
479 434
480 434
481 434
482 434
483 434
483 433
484 433
485 433
486 433
486 432
487 432
488 432
489 432
489 431
490 431
491 431
491 430
492 430
492 429
493 429
493 428
494 428
495 428
495 427
496 427
497 427
497 426
498 426
498 425
499 425
499 424
500 424
500 423
501 423
501 422
502 422
502 421
502 420
502 419
503 419
503 418
504 418
504 417
505 417
505 416
505 415
505 414
506 414
506 413
506 412
506 411
506 410
506 409
506 408
505 408
505 407
505 406
505 405
504 405
504 404
504 403
503 403
503 402
502 402
502 401
502 400
502 399
501 399
501 398
500 398
499 398
499 397
498 397
497 397
497 396
496 396
496 395
497 395
497 394
498 394
499 394
499 393
500 393
500 394
501 394
502 394
503 394
504 394
505 394
506 394
506 395
507 395
508 395
509 395
510 395
510 396
511 396
512 396
512 397
513 397
513 398
514 398
514 399
514 400
515 400
516 400
516 401
517 401
517 402
517 403
518 403
518 404
518 405
519 405
519 406
519 407
520 407
520 408
520 409
521 409
521 410
522 410
522 411
523 411
523 412
523 413
523 414
523 415
523 416
523 417
523 418
524 418
524 419
524 420
524 421
524 422
524 423
524 424
524 425
524 426
524 427
524 428
525 428
525 429
524 429
524 430
523 430
522 430
522 431
521 431
521 432
520 432
519 432
518 432
518 433
517 433
516 433
515 433
514 433
513 433
512 433
511 433
511 434
510 434
509 434
508 434
507 434
506 434
505 434
504 434
503 434
502 434
501 434
500 434
500 435
499 435
498 435
497 435
496 435
495 435
494 435
494 436
493 436
493 437
492 437
491 437
491 438
490 438
490 439
489 439
488 439
488 440
487 440
486 440
486 441
485 441
485 442
485 443
484 443
483 443
483 444
482 444
482 445
482 446
481 446
481 447
480 447
480 448
480 449
479 449
479 450
479 451
478 451
478 452
477 452
477 453
477 454
477 455
476 455
476 456
476 457
476 458
476 459
476 460
476 461
476 462
476 463
476 464
476 465
476 466
476 467
476 468
476 469
476 470
476 471
476 472
476 473
476 474
476 475
476 476
475 476
474 476
473 476
472 476
471 476
470 476
469 476
468 476
467 476
466 476
465 476
464 476
463 476
462 476
461 476
460 476
459 476
458 476
457 476
456 476
456 477
455 477
454 477
453 477
452 477
452 478
451 478
450 478
450 479
449 479
449 480
448 480
447 480
447 481
446 481
446 482
445 482
444 482
444 483
443 483
443 484
443 485
442 485
441 485
441 486
441 487
440 487
440 488
439 488
439 489
438 489
438 490
438 491
437 491
437 492
437 493
436 493
436 494
435 494
435 495
435 496
435 497
435 498
435 499
434 499
434 500
434 501
434 502
434 503
434 504
434 505
434 506
434 507
434 508
434 509
434 510
434 511
434 512
433 512
433 513
433 514
433 515
433 516
433 517
433 518
432 518
432 519
432 520
431 520
431 521
431 522
431 523
430 523
430 524
429 524
429 525
428 525
427 525
426 525
426 524
425 524
424 524
423 524
422 524
421 524
421 523
420 523
419 523
418 523
417 523
416 523
415 523
414 523
413 523
412 523
412 522
411 522
410 522
410 521
409 521
409 520
408 520
407 520
407 519
406 519
405 519
405 518
404 518
403 518
403 517
402 517
402 516
401 516
401 515
400 515
399 515
399 514
398 514
398 513
397 513
397 512
396 512
396 511
396 510
395 510
395 509
395 508
395 507
395 506
394 506
394 505
394 504
394 503
394 502
394 501
394 500
393 500
393 499
394 499
394 498
394 497
395 497
396 497
397 497
397 498
397 499
398 499
398 500
398 501
399 501
400 501
400 502
401 502
402 502
402 503
403 503
404 503
404 504
405 504
406 504
406 505
407 505
408 505
408 506
409 506
410 506
411 506
412 506
413 506
413 505
414 505
415 505
416 505
416 504
417 504
417 503
418 503
419 503
419 502
420 502
421 502
422 502
422 501
423 501
423 500
424 500
424 499
425 499
425 498
426 498
426 497
427 497
427 496
427 495
428 495
428 494
428 493
429 493
429 492
430 492
431 492
431 491
431 490
432 490
432 489
432 488
432 487
433 487
433 486
433 485
433 484
433 483
434 483
434 482
434 481
434 480
434 479
434 478
434 477
433 477
433 476
433 475
433 474
433 473
433 472
432 472
432 471
432 470
432 469
431 469
431 468
431 467
430 467
430 466
429 466
429 465
429 464
428 464
428 463
428 462
427 462
427 461
426 461
426 460
426 459
425 459
425 458
424 458
424 457
423 457
423 456
422 456
422 455
421 455
421 454
420 454
419 454
419 453
418 453
418 452
417 452
416 452
416 451
415 451
415 450
414 450
413 450
413 449
412 449
411 449
410 449
410 448
409 448
408 448
407 448
406 448
405 448
404 448
403 448
402 448
401 448
400 448
399 448
398 448
397 448
396 448
395 448
394 448
394 449
393 449
392 449
391 449
390 449
390 450
389 450
389 451
388 451
388 452
387 452
386 452
386 453
385 453
384 453
384 454
383 454
383 455
382 455
382 456
381 456
381 457
380 457
380 458
379 458
379 459
378 459
378 460
377 460
377 461
376 461
376 462
375 462
375 463
375 464
374 464
374 465
373 465
373 466
373 467
372 467
372 468
371 468
371 469
370 469
370 470
370 471
370 472
369 472
369 473
369 474
369 475
369 476
369 477
368 477
368 478
368 479
368 480
367 480
367 481
367 482
367 483
367 484
367 485
367 486
367 487
366 487
366 488
366 489
366 490
366 491
366 492
367 492
367 493
367 494
367 495
367 496
367 497
367 498
367 499
368 499
368 500
368 501
369 501
369 502
369 503
369 504
369 505
369 506
369 507
369 508
369 509
370 509
370 510
370 511
370 512
370 513
370 514
370 515
371 515
371 516
372 516
372 517
372 518
373 518
373 519
373 520
374 520
374 521
374 522
374 523
374 524
375 524
375 525
375 526
376 526
376 527
377 527
377 528
378 528
378 529
378 530
379 530
379 531
379 532
380 532
380 533
381 533
381 534
382 534
382 535
383 535
383 536
384 536
384 537
385 537
385 538
386 538
386 539
387 539
388 539
388 540
389 540
390 540
390 541
391 541
392 541
392 542
393 542
393 543
394 543
395 543
396 543
396 544
397 544
398 544
399 544
400 544
400 545
401 545
402 545
402 546
403 546
404 546
405 546
405 547
406 547
407 547
407 548
408 548
409 548
410 548
410 549
411 549
412 549
413 549
414 549
415 549
416 549
417 549
418 549
419 549
420 549
421 549
422 549
423 549
424 549
425 549
426 549
427 549
428 549
429 549
430 549
431 549
432 549
433 549
434 549
435 549
436 549
437 549
438 549
439 549
440 549
441 549
442 549
443 549
444 549
445 549
445 548
446 548
447 548
448 548
448 547
449 547
450 547
450 546
451 546
452 546
452 545
453 545
454 545
454 544
455 544
456 544
457 544
458 544
458 543
459 543
460 543
461 543
461 542
462 542
462 541
463 541
464 541
464 540
465 540
466 540
466 539
467 539
468 539
469 539
469 538
470 538
470 537
471 537
471 536
472 536
473 536
473 535
474 535
475 535
475 534
476 534
477 534
477 533
478 533
478 532
479 532
479 531
480 531
480 530
481 530
482 530
482 529
483 529
484 529
484 528
485 528
485 527
486 527
486 526
487 526
488 526
489 526
489 525
490 525
491 525
491 524
492 524
492 523
493 523
493 522
494 522
494 521
495 521
496 521
497 521
497 520
498 520
499 520
499 521
500 521
500 522
500 523
500 524
500 525
500 526
500 527
500 528
500 529
500 530
499 530
499 531
499 532
499 533
499 534
499 535
499 536
499 537
500 537
500 538
500 539
500 540
500 541
500 542
500 543
500 544
500 545
500 546
500 547
500 548
500 549
500 550
500 551
500 552
500 553
500 554
500 555
500 556
500 557
500 558
500 559
500 560
501 560
501 561
502 561
502 562
503 562
503 563
503 564
504 564
504 565
504 566
505 566
505 567
506 567
506 568
506 569
507 569
507 570
508 570
509 570
509 571
510 571
511 571
511 572
512 572
513 572
513 573
514 573
515 573
516 573
516 574
517 574
518 574
519 574
520 574
521 574
522 574
523 574
524 574
525 574
526 574
527 574
528 574
528 573
529 573
530 573
531 573
531 572
532 572
533 572
534 572
535 572
535 571
536 571
537 571
537 570
538 570
538 569
539 569
539 568
540 568
540 567
541 567
542 567
542 566
543 566
543 565
544 565
544 564
544 563
545 563
545 562
545 561
546 561
546 560
546 559
547 559
547 558
548 558
548 557
548 556
548 555
548 554
548 553
548 552
548 551
548 550
548 549
549 549
550 549
550 548
551 548
552 548
553 548
554 548
555 548
556 548
557 548
557 547
558 547
559 547
559 546
560 546
560 545
561 545
562 545
562 544
563 544
564 544
565 544
565 543
566 543
566 542
567 542
567 541
567 540
568 540
568 539
569 539
570 539
570 538
571 538
571 537
571 536
572 536
572 535
572 534
572 533
572 532
572 531
573 531
573 530
573 529
574 529
574 528
574 527
574 526
574 525
574 524
575 524
575 523
575 522
574 522
574 521
574 520
574 519
574 518
574 517
574 516
574 515
573 515
573 514
573 513
572 513
572 512
572 511
572 510
571 510
571 509
570 509
570 508
570 507
569 507
569 506
568 506
567 506
567 505
566 505
566 504
565 504
564 504
564 503
563 503
562 503
562 502
561 502
561 501
560 501
559 501
559 500
558 500
557 500
556 500
555 500
554 500
553 500
552 500
551 500
550 500
549 500
548 500
547 500
546 500
545 500
544 500
543 500
542 500
541 500
540 500
539 500
538 500
538 499
537 499
536 499
535 499
534 499
533 499
532 499
531 499
530 499
529 499
529 500
528 500
527 500
526 500
525 500
524 500
523 500
522 500
521 500
521 499
520 499
520 498
520 497
521 497
521 496
521 495
521 494
522 494
522 493
523 493
523 492
524 492
524 491
525 491
525 490
525 489
526 489
526 488
526 487
526 486
527 486
527 485
528 485
528 484
529 484
529 483
529 482
530 482
530 481
530 480
531 480
531 479
532 479
532 478
533 478
533 477
534 477
534 476
534 475
535 475
535 474
535 473
536 473
536 472
536 471
537 471
537 470
538 470
538 469
539 469
539 468
539 467
539 466
540 466
540 465
540 464
541 464
541 463
541 462
542 462
543 462
543 461
543 460
543 459
544 459
544 458
544 457
544 456
544 455
544 454
545 454
545 453
545 452
546 452
546 451
547 451
547 450
547 449
548 449
548 448
548 447
548 446
548 445
549 445
549 444
549 443
549 442
549 441
549 440
549 439
549 438
549 437
549 436
549 435
549 434
549 433
549 432
549 431
549 430
549 429
549 428
549 427
549 426
549 425
549 424
549 423
549 422
549 421
549 420
549 419
549 418
549 417
549 416
549 415
549 414
549 413
549 412
549 411
549 410
548 410
548 409
548 408
548 407
547 407
547 406
547 405
546 405
546 404
546 403
545 403
545 402
545 401
545 400
544 400
544 399
544 398
544 397
544 396
544 395
543 395
543 394
543 393
542 393
542 392
541 392
541 391
541 390
540 390
540 389
540 388
539 388
539 387
539 386
538 386
538 385
537 385
537 384
536 384
536 383
535 383
535 382
534 382
534 381
533 381
533 380
532 380
532 379
531 379
530 379
530 378
529 378
529 377
528 377
527 377
527 376
526 376
526 375
525 375
524 375
524 374
523 374
522 374
521 374
521 373
520 373
519 373
518 373
518 372
517 372
516 372
516 371
515 371
514 371
514 370
513 370
512 370
511 370
510 370
510 369
509 369
508 369
507 369
506 369
505 369
504 369
503 369
502 369
502 368
501 368
500 368
499 368
499 367
498 367
497 367
496 367
495 367
494 367
493 367
492 367
491 367
490 367
489 367
488 367
487 367
486 367
485 367
484 367
483 367
482 367
481 367
480 367
-2 -2
