1106 1106
1106 1107
1106 1108
1106 1109
1106 1110
1106 1111
1106 1112
1106 1113
1106 1114
1106 1115
1106 1116
1106 1117
1106 1118
1106 1119
1106 1120
1106 1121
1106 1122
1106 1123
1106 1124
1106 1125
1106 1126
1107 1126
1107 1127
1108 1127
1108 1128
1109 1128
1109 1129
1109 1130
1109 1131
1110 1131
1110 1132
1110 1133
1110 1134
1110 1135
1110 1136
1110 1137
1110 1138
1110 1139
1110 1140
1110 1141
1110 1142
1110 1143
1110 1144
1110 1145
1110 1146
1110 1147
1110 1148
1110 1149
1110 1150
1110 1151
1110 1152
1110 1153
1110 1154
1110 1155
1111 1155
1111 1156
1111 1157
1111 1158
1111 1159
1111 1160
1112 1160
1112 1161
1112 1162
1112 1163
1112 1164
1112 1165
1112 1166
1112 1167
1112 1168
1112 1169
1112 1170
1112 1171
1112 1172
1112 1173
1112 1174
1112 1175
1112 1176
1112 1177
1112 1178
1112 1179
1112 1180
1112 1181
1112 1182
1112 1183
1112 1184
1112 1185
1112 1186
1112 1187
1112 1188
1111 1188
1111 1189
1111 1190
1111 1191
1111 1192
1111 1193
1111 1194
1111 1195
1111 1196
1111 1197
1111 1198
1111 1199
1111 1200
1111 1201
1112 1201
1112 1202
1112 1203
1112 1204
1112 1205
1112 1206
1112 1207
1112 1208
1113 1208
1113 1209
1113 1210
1113 1211
1113 1212
1113 1213
1114 1213
1114 1214
1114 1215
1114 1216
1114 1217
1115 1217
1115 1218
1115 1219
1115 1220
1115 1221
1115 1222
1115 1223
1115 1224
1116 1224
1116 1225
1116 1226
1116 1227
1117 1227
1117 1228
1117 1229
1118 1229
1118 1230
1118 1231
1119 1231
1119 1232
1119 1233
1119 1234
1119 1235
1120 1235
1120 1236
1120 1237
1120 1238
1120 1239
1120 1240
1120 1241
1120 1242
1120 1243
1121 1243
1121 1244
1121 1245
1122 1245
1122 1246
1122 1247
1122 1248
1123 1248
1123 1249
1123 1250
1123 1251
1123 1252
1123 1253
1123 1254
1124 1254
1124 1255
1124 1256
1124 1257
1124 1258
1124 1259
1124 1260
1124 1261
1124 1262
1124 1263
1124 1264
1124 1265
1125 1265
1125 1266
1125 1267
1126 1267
1126 1268
1126 1269
1126 1270
1127 1270
1127 1271
1127 1272
1128 1272
1128 1273
1128 1274
1129 1274
1129 1275
1129 1276
1129 1277
1130 1277
1130 1278
1130 1279
1131 1279
1131 1280
1132 1280
1132 1281
1133 1281
1133 1282
1133 1283
1134 1283
1134 1284
1134 1285
1135 1285
1135 1286
1136 1286
1136 1287
1137 1287
1137 1288
1138 1288
1138 1289
1139 1289
1139 1290
1140 1290
1140 1291
1141 1291
1141 1292
1142 1292
1142 1293
1143 1293
1144 1293
1144 1294
1145 1294
1146 1294
1146 1295
1147 1295
1148 1295
1148 1296
1149 1296
1149 1297
1150 1297
1151 1297
1151 1298
1152 1298
1153 1298
1153 1299
1154 1299
1155 1299
1156 1299
1157 1299
1158 1299
1159 1299
1160 1299
1161 1299
1162 1299
1163 1299
1164 1299
1165 1299
1166 1299
1167 1299
1168 1299
1169 1299
1170 1299
1171 1299
1172 1299
1173 1299
1174 1299
1175 1299
1176 1299
1177 1299
1177 1298
1178 1298
1179 1298
1180 1298
1180 1297
1181 1297
1181 1296
1182 1296
1183 1296
1184 1296
1184 1295
1185 1295
1185 1294
1186 1294
1187 1294
1188 1294
1189 1294
1189 1293
1190 1293
1190 1292
1191 1292
1191 1291
1192 1291
1192 1290
1193 1290
1194 1290
1195 1290
1196 1290
1197 1290
1198 1290
1198 1291
1198 1292
1199 1292
1199 1293
1199 1294
1200 1294
1201 1294
1201 1295
1202 1295
1202 1296
1203 1296
1203 1297
1204 1297
1204 1298
1204 1299
1205 1299
1206 1299
1206 1300
1207 1300
1207 1301
1208 1301
1208 1302
1208 1303
1209 1303
1210 1303
1210 1304
1211 1304
1211 1305
1212 1305
1212 1306
1213 1306
1213 1307
1214 1307
1214 1308
1215 1308
1216 1308
1216 1309
1217 1309
1217 1310
1218 1310
1219 1310
1219 1311
1219 1312
1220 1312
1221 1312
1222 1312
1222 1313
1223 1313
1224 1313
1225 1313
1226 1313
1227 1313
1228 1313
1229 1313
1230 1313
1231 1313
1232 1313
1233 1313
1234 1313
1235 1313
1236 1313
1237 1313
1238 1313
1238 1312
1239 1312
1240 1312
1241 1312
1241 1311
1242 1311
1242 1310
1243 1310
1243 1309
1244 1309
1245 1309
1245 1308
1246 1308
1247 1308
1247 1307
1248 1307
1248 1306
1249 1306
1250 1306
1250 1305
1251 1305
1251 1304
1252 1304
1253 1304
1254 1304
1255 1304
1256 1304
1257 1304
1257 1305
1258 1305
1258 1306
1259 1306
1259 1307
1259 1308
1259 1309
1260 1309
1260 1310
1260 1311
1261 1311
1261 1312
1262 1312
1262 1313
1263 1313
1263 1314
1264 1314
1264 1315
1264 1316
1265 1316
1265 1317
1266 1317
1267 1317
1268 1317
1268 1318
1269 1318
1269 1319
1270 1319
1271 1319
1271 1320
1271 1321
1272 1321
1273 1321
1274 1321
1274 1322
1275 1322
1276 1322
1277 1322
1278 1322
1279 1322
1279 1323
1280 1323
1281 1323
1282 1323
1282 1324
1283 1324
1283 1325
1284 1325
1284 1326
1285 1326
1285 1327
1286 1327
1287 1327
1288 1327
1289 1327
1290 1327
1291 1327
1292 1327
1292 1328
1293 1328
1293 1329
1293 1330
1294 1330
1294 1331
1295 1331
1296 1331
1297 1331
1298 1331
1299 1331
1300 1331
1301 1331
1302 1331
1303 1331
1304 1331
1305 1331
1305 1332
1306 1332
1307 1332
1307 1333
1307 1334
1308 1334
1309 1334
1309 1335
1310 1335
1311 1335
1311 1336
1312 1336
1313 1336
1314 1336
1315 1336
1316 1336
1317 1336
1318 1336
1319 1336
1320 1336
1320 1337
1321 1337
1322 1337
1323 1337
1323 1338
1324 1338
1325 1338
1325 1339
1326 1339
1326 1340
1327 1340
1328 1340
1328 1341
1329 1341
1330 1341
1331 1341
1332 1341
1333 1341
1334 1341
1335 1341
1336 1341
1337 1341
1338 1341
1339 1341
1339 1340
1340 1340
1340 1339
1341 1339
1341 1338
1341 1337
1341 1336
1341 1335
1341 1334
1341 1333
1341 1332
1341 1331
1341 1330
1341 1329
1341 1328
1340 1328
1340 1327
1340 1326
1339 1326
1339 1325
1338 1325
1338 1324
1337 1324
1337 1323
1337 1322
1337 1321
1337 1320
1336 1320
1336 1319
1336 1318
1336 1317
1336 1316
1336 1315
1336 1314
1336 1313
1336 1312
1336 1311
1335 1311
1335 1310
1335 1309
1334 1309
1334 1308
1334 1307
1333 1307
1332 1307
1332 1306
1332 1305
1331 1305
1331 1304
1331 1303
1331 1302
1331 1301
1331 1300
1331 1299
1331 1298
1331 1297
1331 1296
1331 1295
1331 1294
1330 1294
1330 1293
1329 1293
1329 1292
1328 1292
1327 1292
1327 1291
1327 1290
1327 1289
1327 1288
1327 1287
1327 1286
1326 1286
1326 1285
1326 1284
1325 1284
1325 1283
1324 1283
1324 1282
1323 1282
1323 1281
1323 1280
1322 1280
1322 1279
1322 1278
1322 1277
1322 1276
1322 1275
1322 1274
1321 1274
1321 1273
1321 1272
1321 1271
1320 1271
1320 1270
1319 1270
1319 1269
1318 1269
1318 1268
1318 1267
1317 1267
1317 1266
1317 1265
1316 1265
1315 1265
1315 1264
1314 1264
1314 1263
1313 1263
1313 1262
1312 1262
1312 1261
1311 1261
1311 1260
1310 1260
1309 1260
1309 1259
1308 1259
1307 1259
1306 1259
1306 1258
1305 1258
1305 1257
1304 1257
1304 1256
1304 1255
1304 1254
1304 1253
1304 1252
1304 1251
1305 1251
1305 1250
1306 1250
1306 1249
1307 1249
1307 1248
1307 1247
1308 1247
1308 1246
1308 1245
1309 1245
1309 1244
1309 1243
1310 1243
1310 1242
1311 1242
1311 1241
1312 1241
1312 1240
1312 1239
1313 1239
1313 1238
1313 1237
1313 1236
1313 1235
1313 1234
1313 1233
1313 1232
1313 1231
1313 1230
1313 1229
1313 1228
1313 1227
1313 1226
1313 1225
1313 1224
1313 1223
1313 1222
1312 1222
1312 1221
1312 1220
1311 1220
1311 1219
1311 1218
1310 1218
1310 1217
1309 1217
1309 1216
1308 1216
1308 1215
1308 1214
1307 1214
1307 1213
1306 1213
1306 1212
1305 1212
1305 1211
1304 1211
1304 1210
1303 1210
1303 1209
1303 1208
1302 1208
1301 1208
1301 1207
1300 1207
1300 1206
1299 1206
1299 1205
1298 1205
1298 1204
1297 1204
1297 1203
1296 1203
1296 1202
1295 1202
1295 1201
1294 1201
1294 1200
1293 1200
1293 1199
1292 1199
1292 1198
1291 1198
1290 1198
1290 1197
1290 1196
1290 1195
1290 1194
1290 1193
1290 1192
1291 1192
1291 1191
1292 1191
1293 1191
1293 1190
1293 1189
1294 1189
1294 1188
1294 1187
1294 1186
1295 1186
1295 1185
1295 1184
1295 1183
1296 1183
1296 1182
1297 1182
1297 1181
1297 1180
1298 1180
1298 1179
1298 1178
1299 1178
1299 1177
1299 1176
1299 1175
1299 1174
1299 1173
1299 1172
1299 1171
1299 1170
1299 1169
1299 1168
1299 1167
1299 1166
1299 1165
1299 1164
1299 1163
1299 1162
1299 1161
1299 1160
1299 1159
1299 1158
1299 1157
1299 1156
1299 1155
1299 1154
1299 1153
1298 1153
1298 1152
1298 1151
1297 1151
1297 1150
1297 1149
1296 1149
1296 1148
1295 1148
1295 1147
1295 1146
1294 1146
1294 1145
1294 1144
1293 1144
1293 1143
1292 1143
1292 1142
1292 1141
1291 1141
1291 1140
1290 1140
1290 1139
1289 1139
1289 1138
1288 1138
1288 1137
1287 1137
1287 1136
1286 1136
1286 1135
1285 1135
1285 1134
1284 1134
1283 1134
1283 1133
1282 1133
1281 1133
1281 1132
1280 1132
1280 1131
1279 1131
1279 1130
1278 1130
1277 1130
1277 1129
1276 1129
1275 1129
1275 1128
1274 1128
1273 1128
1272 1128
1272 1127
1271 1127
1270 1127
1270 1126
1269 1126
1268 1126
1268 1125
1267 1125
1266 1125
1265 1125
1264 1125
1264 1124
1263 1124
1262 1124
1261 1124
1260 1124
1259 1124
1258 1124
1257 1124
1256 1124
1255 1124
1254 1124
1253 1124
1253 1123
1252 1123
1251 1123
1250 1123
1249 1123
1248 1123
1248 1122
1247 1122
1246 1122
1245 1122
1245 1121
1244 1121
1243 1121
1243 1120
1242 1120
1241 1120
1240 1120
1239 1120
1238 1120
1237 1120
1236 1120
1236 1119
1235 1119
1234 1119
1233 1119
1232 1119
1232 1118
1231 1118
1230 1118
1229 1118
1229 1117
1228 1117
1227 1117
1227 1116
1226 1116
1225 1116
1224 1116
1224 1115
1223 1115
1222 1115
1221 1115
1220 1115
1219 1115
1218 1115
1217 1115
1217 1114
1216 1114
1215 1114
1214 1114
1213 1114
1213 1113
1212 1113
1211 1113
1210 1113
1209 1113
1208 1113
1207 1113
1207 1112
1206 1112
1205 1112
1204 1112
1203 1112
1202 1112
1201 1112
1200 1112
1200 1111
1199 1111
1198 1111
1197 1111
1196 1111
1195 1111
1194 1111
1193 1111
1193 1112
1192 1112
1191 1112
1190 1112
1189 1112
1188 1112
1187 1112
1186 1112
1185 1112
1184 1112
1183 1112
1182 1112
1181 1112
1180 1112
1179 1112
1178 1112
1177 1112
1176 1112
1175 1112
1174 1112
1173 1112
1172 1112
1171 1112
1170 1112
1169 1112
1168 1112
1167 1112
1166 1112
1165 1112
1164 1112
1163 1112
1162 1112
1161 1112
1161 1111
1160 1111
1159 1111
1158 1111
1157 1111
1156 1111
1155 1111
1154 1111
1153 1111
1152 1111
1152 1110
1151 1110
1150 1110
1149 1110
1148 1110
1147 1110
1146 1110
1145 1110
1144 1110
1143 1110
1142 1110
1141 1110
1140 1110
1139 1110
1138 1110
1137 1110
1136 1110
1135 1110
1134 1110
1133 1110
1132 1110
1131 1110
1131 1109
1130 1109
1129 1109
1128 1109
1128 1108
1127 1108
1127 1107
1127 1106
1126 1106
1125 1106
1124 1106
1123 1106
1122 1106
1121 1106
1120 1106
1119 1106
1118 1106
1117 1106
1116 1106
1115 1106
1114 1106
1113 1106
1112 1106
1111 1106
1110 1106
1109 1106
1108 1106
1107 1106
1106 1106
-2 -2
