1603 1575
1603 1576
1602 1576
1601 1576
1600 1576
1599 1576
1598 1576
1597 1576
1597 1577
1596 1577
1596 1578
1595 1578
1595 1579
1594 1579
1594 1580
1593 1580
1592 1580
1592 1581
1591 1581
1591 1582
1590 1582
1590 1583
1589 1583
1589 1584
1589 1585
1588 1585
1587 1585
1587 1586
1586 1586
1586 1587
1585 1587
1585 1588
1585 1589
1584 1589
1583 1589
1583 1590
1582 1590
1582 1591
1581 1591
1581 1592
1580 1592
1580 1593
1580 1594
1579 1594
1579 1595
1578 1595
1578 1596
1577 1596
1577 1597
1577 1598
1576 1598
1576 1599
1576 1600
1576 1601
1576 1602
1576 1603
1575 1603
1575 1604
1575 1605
1575 1606
1575 1607
1575 1608
1575 1609
1575 1610
1575 1611
1575 1612
1576 1612
1576 1613
1576 1614
1576 1615
1576 1616
1576 1617
1576 1618
1576 1619
1576 1620
1576 1621
1576 1622
1576 1623
1576 1624
1576 1625
1576 1626
1576 1627
1577 1627
1577 1628
1577 1629
1578 1629
1578 1630
1578 1631
1578 1632
1579 1632
1579 1633
1580 1633
1580 1634
1580 1635
1581 1635
1581 1636
1581 1637
1582 1637
1582 1638
1582 1639
1583 1639
1583 1640
1584 1640
1584 1641
1585 1641
1585 1642
1586 1642
1586 1643
1587 1643
1587 1644
1588 1644
1588 1645
1589 1645
1589 1646
1590 1646
1590 1647
1591 1647
1592 1647
1592 1648
1593 1648
1594 1648
1594 1649
1595 1649
1596 1649
1596 1650
1597 1650
1597 1651
1598 1651
1598 1652
1599 1652
1600 1652
1600 1653
1601 1653
1602 1653
1603 1653
1604 1653
1605 1653
1606 1653
1607 1653
1608 1653
1609 1653
1610 1653
1611 1653
1612 1653
1613 1653
1614 1653
1615 1653
1616 1653
1617 1653
1618 1653
1619 1653
1620 1653
1621 1653
1622 1653
1623 1653
1624 1653
1625 1653
1626 1653
1626 1652
1627 1652
1628 1652
1628 1651
1629 1651
1629 1650
1630 1650
1630 1649
1631 1649
1632 1649
1632 1648
1633 1648
1634 1648
1634 1647
1635 1647
1635 1646
1636 1646
1636 1645
1637 1645
1637 1644
1638 1644
1638 1643
1639 1643
1639 1642
1640 1642
1640 1641
1641 1641
1641 1640
1642 1640
1642 1639
1643 1639
1643 1638
1644 1638
1644 1637
1645 1637
1645 1636
1646 1636
1646 1635
1647 1635
1647 1634
1648 1634
1648 1633
1648 1632
1649 1632
1649 1631
1649 1630
1650 1630
1650 1629
1651 1629
1651 1628
1652 1628
1652 1627
1652 1626
1653 1626
1653 1625
1653 1624
1653 1623
1653 1622
1653 1621
1653 1620
1653 1619
1653 1618
1653 1617
1653 1616
1653 1615
1653 1614
1653 1613
1653 1612
1653 1611
1653 1610
1653 1609
1653 1608
1653 1607
1653 1606
1653 1605
1653 1604
1653 1603
1653 1602
1653 1601
1653 1600
1652 1600
1652 1599
1652 1598
1651 1598
1651 1597
1650 1597
1650 1596
1649 1596
1649 1595
1649 1594
1648 1594
1648 1593
1648 1592
1647 1592
1647 1591
1647 1590
1646 1590
1646 1589
1645 1589
1645 1588
1644 1588
1644 1587
1643 1587
1643 1586
1642 1586
1642 1585
1641 1585
1641 1584
1640 1584
1640 1583
1639 1583
1639 1582
1638 1582
1637 1582
1637 1581
1636 1581
1635 1581
1635 1580
1634 1580
1633 1580
1633 1579
1632 1579
1632 1578
1631 1578
1630 1578
1630 1577
1629 1577
1628 1577
1627 1577
1627 1576
1626 1576
1625 1576
1624 1576
1623 1576
1622 1576
1621 1576
1620 1576
1619 1576
1618 1576
1617 1576
1616 1576
1615 1576
1614 1576
1613 1576
1612 1576
1612 1575
1611 1575
1610 1575
1609 1575
1608 1575
1607 1575
1606 1575
1605 1575
1604 1575
1603 1575
-2 -2
