583 215
583 216
582 216
581 216
580 216
579 216
578 216
577 216
576 216
575 216
574 216
573 216
572 216
571 216
570 216
569 216
569 217
568 217
567 217
567 218
566 218
565 218
565 219
564 219
563 219
562 219
562 220
561 220
560 220
559 220
558 220
557 220
557 221
556 221
556 222
555 222
555 223
554 223
553 223
553 224
552 224
551 224
551 225
550 225
549 225
549 226
548 226
548 227
547 227
547 228
546 228
546 229
545 229
544 229
544 230
543 230
543 231
542 231
542 232
541 232
541 233
541 234
540 234
539 234
539 235
538 235
538 236
537 236
537 237
537 238
536 238
536 239
535 239
535 240
534 240
534 241
533 241
533 242
533 243
532 243
532 244
532 245
531 245
531 246
531 247
530 247
530 248
529 248
529 249
528 249
528 250
528 251
528 252
527 252
527 253
527 254
527 255
526 255
526 256
526 257
525 257
525 258
525 259
524 259
524 260
524 261
524 262
523 262
523 263
523 264
523 265
523 266
523 267
523 268
523 269
523 270
523 271
523 272
523 273
523 274
523 275
523 276
523 277
523 278
523 279
523 280
523 281
523 282
523 283
523 284
523 285
523 286
524 286
524 287
524 288
524 289
524 290
524 291
525 291
525 292
526 292
526 293
526 294
527 294
527 295
527 296
527 297
528 297
528 298
528 299
528 300
528 301
529 301
529 302
530 302
530 303
530 304
531 304
531 305
532 305
532 306
532 307
533 307
533 308
533 309
534 309
534 310
535 310
535 311
536 311
536 312
537 312
537 313
538 313
538 314
538 315
539 315
540 315
540 316
541 316
541 317
542 317
542 318
542 319
543 319
543 320
544 320
545 320
545 321
546 321
547 321
547 322
548 322
548 323
549 323
549 324
550 324
551 324
551 325
552 325
553 325
554 325
555 325
556 325
556 326
557 326
558 326
559 326
560 326
561 326
562 326
563 326
564 326
565 326
566 326
567 326
568 326
569 326
570 326
571 326
572 326
573 326
573 325
574 325
575 325
576 325
577 325
578 325
579 325
579 324
580 324
581 324
582 324
582 323
583 323
583 322
584 322
585 322
585 321
586 321
587 321
587 320
588 320
589 320
589 319
590 319
590 318
591 318
592 318
592 317
593 317
593 316
594 316
595 316
595 315
596 315
596 314
597 314
597 313
598 313
598 312
599 312
599 311
599 310
600 310
600 309
600 308
601 308
601 307
602 307
602 306
603 306
603 305
604 305
604 304
604 303
605 303
605 302
605 301
605 300
605 299
606 299
606 298
606 297
606 296
606 295
606 294
606 293
607 293
607 292
607 291
607 290
606 290
606 289
606 288
606 287
606 286
606 285
606 284
606 283
606 282
605 282
605 281
605 280
605 279
605 278
604 278
604 277
604 276
603 276
603 275
602 275
602 274
602 273
601 273
601 272
600 272
600 271
599 271
599 270
598 270
598 269
597 269
596 269
596 268
595 268
595 267
594 267
593 267
592 267
591 267
591 266
590 266
589 266
588 266
587 266
586 266
585 266
584 266
583 266
582 266
582 267
581 267
580 267
579 267
578 267
577 267
577 268
576 268
575 268
574 268
573 268
573 269
572 269
571 269
571 270
570 270
569 270
569 271
568 271
567 271
566 271
565 271
564 271
564 272
563 272
562 272
561 272
561 273
560 273
560 274
559 274
559 273
558 273
558 272
558 271
558 270
558 269
559 269
559 268
560 268
560 267
560 266
561 266
561 265
561 264
562 264
562 263
562 262
563 262
563 261
563 260
563 259
564 259
564 258
564 257
565 257
565 256
566 256
566 255
567 255
567 254
567 253
568 253
568 252
569 252
569 251
570 251
570 250
571 250
571 249
572 249
572 248
573 248
573 247
574 247
574 246
575 246
576 246
576 245
577 245
577 244
578 244
578 243
579 243
579 242
580 242
581 242
582 242
582 241
583 241
584 241
584 242
585 242
586 242
587 242
587 243
588 243
589 243
589 244
590 244
590 245
591 245
592 245
593 245
593 246
594 246
595 246
596 246
596 247
597 247
597 248
598 248
598 249
599 249
599 250
600 250
601 250
601 251
602 251
602 252
603 252
603 253
604 253
604 254
605 254
605 255
606 255
607 255
607 256
607 257
608 257
608 258
609 258
609 259
610 259
610 260
611 260
611 261
612 261
612 262
612 263
613 263
613 264
614 264
615 264
615 265
616 265
616 266
616 267
617 267
617 268
618 268
618 269
619 269
619 270
620 270
620 271
621 271
621 272
621 273
622 273
622 274
622 275
623 275
624 275
624 276
625 276
625 277
625 278
626 278
626 279
626 280
627 280
627 281
628 281
628 282
629 282
629 283
630 283
630 284
630 285
631 285
631 286
631 287
632 287
632 288
632 289
633 289
633 290
634 290
634 291
634 292
635 292
635 293
635 294
636 294
636 295
636 296
637 296
637 297
638 297
638 298
638 299
639 299
639 300
639 301
639 302
640 302
640 303
640 304
640 305
640 306
640 307
641 307
641 308
641 309
642 309
642 310
642 311
643 311
643 312
643 313
643 314
644 314
644 315
644 316
644 317
644 318
644 319
644 320
644 321
644 322
645 322
645 323
645 324
646 324
647 324
647 325
648 325
648 326
649 326
649 327
649 328
649 329
650 329
650 330
650 331
650 332
651 332
651 333
652 333
652 334
653 334
653 335
654 335
654 336
654 337
654 338
654 339
654 340
654 341
654 342
654 343
654 344
654 345
654 346
654 347
654 348
654 349
654 350
654 351
654 352
654 353
654 354
654 355
654 356
654 357
654 358
654 359
654 360
653 360
653 361
653 362
653 363
653 364
652 364
652 365
651 365
651 366
651 367
650 367
650 368
650 369
649 369
649 370
649 371
649 372
649 373
649 374
648 374
648 375
648 376
647 376
647 377
646 377
646 378
646 379
645 379
645 380
645 381
644 381
644 382
644 383
644 384
644 385
644 386
643 386
643 387
643 388
642 388
642 389
641 389
641 390
640 390
640 391
640 392
640 393
640 394
640 395
639 395
639 396
639 397
639 398
639 399
638 399
638 400
638 401
637 401
637 402
636 402
636 403
636 404
635 404
635 405
635 406
635 407
635 408
635 409
635 410
634 410
634 411
633 411
633 412
632 412
632 413
631 413
631 414
631 415
631 416
630 416
630 417
630 418
629 418
629 419
629 420
628 420
628 419
628 418
628 417
628 416
628 415
628 414
628 413
628 412
628 411
628 410
628 409
628 408
628 407
628 406
628 405
628 404
628 403
628 402
628 401
628 400
628 399
628 398
628 397
628 396
628 395
628 394
628 393
628 392
627 392
627 391
627 390
627 389
627 388
627 387
627 386
626 386
626 385
626 384
625 384
625 383
624 383
624 382
624 381
623 381
623 380
623 379
623 378
623 377
623 376
622 376
622 375
621 375
621 374
620 374
620 373
619 373
619 372
619 371
618 371
618 370
617 370
617 369
616 369
616 368
616 367
615 367
615 366
614 366
614 365
613 365
613 364
612 364
612 363
611 363
611 362
610 362
610 361
609 361
608 361
608 360
607 360
606 360
606 359
605 359
605 358
604 358
603 358
603 357
602 357
602 356
601 356
600 356
599 356
598 356
598 355
597 355
596 355
595 355
594 355
593 355
592 355
591 355
590 355
590 354
589 354
588 354
587 354
587 353
586 353
585 353
585 352
584 352
583 352
582 352
581 352
580 352
579 352
578 352
577 352
576 352
576 353
575 353
574 353
574 354
573 354
572 354
572 355
571 355
571 356
570 356
570 357
570 358
570 359
570 360
569 360
569 361
569 362
569 363
569 364
569 365
569 366
570 366
570 367
570 368
570 369
570 370
571 370
571 371
572 371
573 371
574 371
574 372
575 372
575 373
576 373
577 373
577 374
578 374
578 375
579 375
579 376
579 377
580 377
580 378
581 378
581 379
582 379
582 380
582 381
583 381
583 382
583 383
583 384
584 384
584 385
584 386
584 387
584 388
584 389
584 390
584 391
584 392
584 393
584 394
584 395
584 396
584 397
584 398
584 399
584 400
584 401
584 402
584 403
584 404
584 405
584 406
584 407
584 408
584 409
584 410
584 411
584 412
584 413
584 414
584 415
584 416
583 416
583 417
583 418
583 419
583 420
583 421
582 421
582 422
582 423
582 424
581 424
581 425
581 426
581 427
580 427
580 428
580 429
580 430
579 430
579 431
579 432
579 433
579 434
579 435
579 436
579 437
579 438
579 439
579 440
579 441
579 442
579 443
579 444
579 445
579 446
579 447
579 448
579 449
579 450
579 451
579 452
579 453
579 454
579 455
579 456
579 457
579 458
579 459
579 460
579 461
579 462
579 463
579 464
579 465
579 466
579 467
579 468
579 469
579 470
579 471
579 472
579 473
579 474
579 475
579 476
579 477
579 478
579 479
579 480
579 481
579 482
579 483
579 484
579 485
579 486
579 487
579 488
579 489
579 490
579 491
579 492
579 493
580 493
580 494
580 495
580 496
580 497
581 497
581 498
581 499
582 499
582 500
582 501
583 501
583 502
583 503
583 504
584 504
584 505
584 506
584 507
584 508
584 509
584 510
584 511
585 511
585 512
586 512
586 513
586 514
587 514
587 515
587 516
588 516
588 517
588 518
588 519
588 520
589 520
589 521
589 522
589 523
590 523
590 524
591 524
591 525
592 525
592 526
593 526
593 527
593 528
593 529
594 529
594 530
594 531
595 531
596 531
596 532
597 532
597 533
597 534
598 534
599 534
599 535
600 535
601 535
601 536
602 536
602 537
602 538
603 538
603 539
604 539
604 540
605 540
605 541
606 541
606 542
607 542
607 543
608 543
608 544
609 544
609 545
610 545
610 546
611 546
611 547
612 547
612 548
613 548
614 548
614 549
615 549
615 550
616 550
617 550
617 551
618 551
618 552
619 552
619 553
620 553
621 553
622 553
623 553
624 553
625 553
626 553
626 552
627 552
627 551
628 551
628 550
629 550
630 550
630 549
631 549
631 548
632 548
632 547
633 547
633 546
633 545
634 545
634 544
634 543
635 543
635 542
635 541
635 540
635 539
636 539
636 538
636 537
636 536
636 535
635 535
635 534
634 534
634 533
634 532
634 531
633 531
633 530
633 529
632 529
632 528
632 527
631 527
631 526
630 526
630 525
630 524
629 524
629 523
628 523
628 522
628 521
627 521
627 520
627 519
627 518
627 517
626 517
626 516
625 516
625 515
624 515
624 514
624 513
623 513
623 512
623 511
623 510
623 509
623 508
623 507
623 506
623 505
623 504
623 503
623 502
623 501
623 500
623 499
623 498
624 498
624 497
625 497
626 497
626 496
627 496
627 495
627 494
627 493
627 492
627 491
627 490
628 490
628 489
628 488
628 487
629 487
629 486
629 485
630 485
630 484
631 484
631 483
632 483
632 482
632 481
632 480
633 480
633 479
633 478
634 478
634 477
635 477
635 476
636 476
636 475
636 474
637 474
637 473
637 472
637 471
637 470
637 469
637 468
637 467
637 466
637 465
638 465
638 464
639 464
639 463
640 463
640 462
641 462
641 461
641 460
641 459
641 458
642 458
642 457
642 456
643 456
643 455
644 455
644 454
645 454
646 454
646 453
646 452
646 451
646 450
646 449
646 448
647 448
647 447
647 446
648 446
649 446
649 445
650 445
650 444
651 444
651 443
651 442
651 441
652 441
652 440
652 439
652 438
653 438
653 437
654 437
655 437
655 436
655 435
655 434
656 434
656 433
656 432
657 432
657 431
658 431
658 430
659 430
660 430
660 429
660 428
660 427
660 426
660 425
661 425
661 424
661 423
662 423
662 422
663 422
664 422
664 421
664 420
665 420
665 419
665 418
665 417
665 416
666 416
666 415
666 414
667 414
668 414
668 413
669 413
669 412
669 411
670 411
670 410
670 409
671 409
672 409
672 408
673 408
673 407
674 407
674 406
674 405
674 404
674 403
674 402
674 401
675 401
675 400
675 399
676 399
677 399
678 399
678 398
679 398
679 397
679 396
679 395
679 394
679 393
679 392
679 391
679 390
680 390
680 389
680 388
680 387
681 387
681 386
682 386
683 386
683 385
683 384
683 383
683 382
684 382
684 381
684 380
684 379
684 378
684 377
684 376
685 376
685 375
685 374
686 374
686 373
687 373
687 372
688 372
688 371
688 370
688 369
688 368
689 368
689 367
689 366
689 365
689 364
689 363
689 362
689 361
690 361
690 360
690 359
690 358
690 357
690 356
691 356
691 355
691 354
691 353
691 352
692 352
692 351
692 350
692 349
692 348
692 347
693 347
693 346
693 345
693 344
693 343
693 342
693 341
693 340
693 339
693 338
693 337
693 336
693 335
693 334
693 333
693 332
693 331
693 330
693 329
693 328
693 327
693 326
693 325
693 324
693 323
693 322
693 321
692 321
692 320
692 319
692 318
691 318
691 317
691 316
691 315
690 315
690 314
690 313
690 312
690 311
689 311
689 310
689 309
689 308
689 307
689 306
689 305
688 305
688 304
688 303
688 302
688 301
688 300
687 300
687 299
687 298
687 297
686 297
686 296
686 295
685 295
685 294
685 293
684 293
684 292
684 291
684 290
684 289
684 288
683 288
683 287
683 286
683 285
683 284
683 283
682 283
682 282
681 282
681 281
681 280
680 280
680 279
680 278
680 277
679 277
679 276
679 275
679 274
679 273
679 272
678 272
678 271
678 270
677 270
677 269
676 269
676 268
676 267
675 267
675 266
675 265
674 265
674 264
674 263
673 263
673 262
673 261
672 261
672 260
671 260
671 259
671 258
670 258
670 257
670 256
669 256
669 255
669 254
669 253
668 253
668 252
667 252
667 251
666 251
666 250
666 249
665 249
665 248
665 247
664 247
664 246
663 246
663 245
662 245
662 244
661 244
661 243
660 243
660 242
660 241
659 241
659 240
658 240
658 239
657 239
657 238
656 238
656 237
655 237
655 236
655 235
654 235
654 234
653 234
652 234
652 233
651 233
651 232
651 231
650 231
650 230
649 230
648 230
648 229
647 229
647 228
646 228
646 227
645 227
645 226
644 226
643 226
643 225
642 225
642 224
641 224
640 224
640 223
639 223
638 223
638 222
637 222
637 221
636 221
635 221
635 220
634 220
633 220
632 220
631 220
630 220
630 219
629 219
628 219
627 219
627 218
626 218
625 218
624 218
624 217
623 217
622 217
622 216
621 216
620 216
619 216
618 216
617 216
616 216
615 216
614 216
613 216
612 216
612 215
611 215
610 215
609 215
608 215
607 215
606 215
605 215
604 215
603 215
602 215
601 215
600 215
599 215
598 215
597 215
596 215
595 215
594 215
593 215
592 215
591 215
590 215
589 215
588 215
587 215
586 215
585 215
584 215
583 215
-2 -2
