1500 367
1500 368
1499 368
1498 368
1497 368
1497 369
1496 369
1495 369
1494 369
1493 369
1492 369
1491 369
1490 369
1489 369
1489 370
1488 370
1487 370
1486 370
1485 370
1485 371
1484 371
1483 371
1483 372
1482 372
1481 372
1481 373
1480 373
1479 373
1479 374
1478 374
1477 374
1476 374
1475 374
1475 375
1474 375
1473 375
1473 376
1472 376
1472 377
1471 377
1471 378
1470 378
1469 378
1469 379
1468 379
1467 379
1467 380
1466 380
1466 381
1465 381
1465 382
1464 382
1464 383
1463 383
1463 384
1462 384
1462 385
1461 385
1461 386
1460 386
1460 387
1460 388
1459 388
1459 389
1459 390
1458 390
1458 391
1457 391
1457 392
1457 393
1456 393
1456 394
1456 395
1455 395
1455 396
1455 397
1455 398
1455 399
1455 400
1454 400
1454 401
1454 402
1453 402
1453 403
1453 404
1453 405
1452 405
1452 406
1452 407
1451 407
1451 408
1451 409
1451 410
1451 411
1451 412
1450 412
1450 413
1450 414
1450 415
1450 416
1450 417
1450 418
1450 419
1450 420
1450 421
1450 422
1450 423
1450 424
1450 425
1450 426
1450 427
1450 428
1450 429
1450 430
1450 431
1450 432
1450 433
1450 434
1450 435
1450 436
1450 437
1450 438
1450 439
1450 440
1450 441
1450 442
1450 443
1450 444
1451 444
1451 445
1451 446
1451 447
1451 448
1452 448
1452 449
1452 450
1453 450
1453 451
1453 452
1454 452
1454 453
1454 454
1455 454
1455 455
1455 456
1455 457
1455 458
1456 458
1456 459
1456 460
1456 461
1457 461
1457 462
1458 462
1458 463
1458 464
1459 464
1459 465
1459 466
1460 466
1460 467
1460 468
1460 469
1461 469
1461 470
1462 470
1462 471
1463 471
1463 472
1463 473
1464 473
1464 474
1464 475
1465 475
1465 476
1466 476
1466 477
1466 478
1467 478
1467 479
1468 479
1468 480
1469 480
1469 481
1469 482
1470 482
1470 483
1470 484
1471 484
1471 485
1472 485
1472 486
1473 486
1473 487
1473 488
1474 488
1474 489
1474 490
1474 491
1475 491
1475 492
1476 492
1476 493
1477 493
1477 494
1478 494
1478 495
1478 496
1478 497
1479 497
1479 498
1479 499
1478 499
1478 500
1477 500
1476 500
1475 500
1474 500
1473 500
1472 500
1471 500
1470 500
1470 499
1469 499
1468 499
1467 499
1466 499
1465 499
1464 499
1463 499
1462 499
1461 499
1460 499
1460 500
1459 500
1458 500
1457 500
1456 500
1455 500
1454 500
1453 500
1452 500
1451 500
1450 500
1449 500
1448 500
1447 500
1446 500
1445 500
1444 500
1443 500
1442 500
1441 500
1440 500
1440 501
1439 501
1439 502
1438 502
1437 502
1437 503
1436 503
1435 503
1435 504
1434 504
1433 504
1433 505
1432 505
1431 505
1431 506
1430 506
1430 507
1429 507
1429 508
1429 509
1428 509
1428 510
1427 510
1427 511
1427 512
1427 513
1427 514
1426 514
1426 515
1426 516
1425 516
1425 517
1425 518
1425 519
1425 520
1424 520
1424 521
1424 522
1424 523
1424 524
1424 525
1425 525
1425 526
1425 527
1425 528
1425 529
1426 529
1426 530
1426 531
1427 531
1427 532
1427 533
1427 534
1427 535
1428 535
1428 536
1428 537
1429 537
1429 538
1430 538
1430 539
1431 539
1431 540
1432 540
1432 541
1432 542
1433 542
1433 543
1434 543
1435 543
1435 544
1436 544
1437 544
1437 545
1438 545
1439 545
1439 546
1440 546
1440 547
1441 547
1442 547
1442 548
1443 548
1444 548
1445 548
1446 548
1447 548
1448 548
1449 548
1449 549
1450 549
1451 549
1451 550
1451 551
1451 552
1451 553
1451 554
1451 555
1451 556
1452 556
1452 557
1452 558
1452 559
1453 559
1453 560
1453 561
1454 561
1454 562
1455 562
1455 563
1455 564
1456 564
1456 565
1456 566
1457 566
1457 567
1458 567
1459 567
1459 568
1460 568
1460 569
1461 569
1461 570
1462 570
1462 571
1463 571
1464 571
1464 572
1465 572
1466 572
1467 572
1468 572
1468 573
1469 573
1470 573
1470 574
1471 574
1472 574
1473 574
1474 574
1475 574
1476 574
1477 574
1478 574
1479 574
1480 574
1481 574
1482 574
1483 574
1483 573
1484 573
1485 573
1486 573
1486 572
1487 572
1488 572
1489 572
1489 571
1490 571
1490 570
1491 570
1491 569
1492 569
1493 569
1493 568
1494 568
1494 567
1494 566
1495 566
1495 565
1495 564
1496 564
1496 563
1496 562
1497 562
1497 561
1498 561
1498 560
1499 560
1499 559
1499 558
1499 557
1499 556
1499 555
1499 554
1499 553
1499 552
1499 551
1499 550
1499 549
1499 548
1499 547
1499 546
1499 545
1499 544
1499 543
1499 542
1499 541
1499 540
1499 539
1499 538
1500 538
1500 537
1500 536
1500 535
1500 534
1500 533
1500 532
1500 531
1500 530
1499 530
1499 529
1499 528
1499 527
1499 526
1499 525
1499 524
1499 523
1499 522
1499 521
1500 521
1500 520
1501 520
1502 520
1502 521
1503 521
1504 521
1505 521
1505 522
1506 522
1506 523
1507 523
1507 524
1508 524
1508 525
1509 525
1510 525
1511 525
1511 526
1512 526
1513 526
1513 527
1514 527
1514 528
1515 528
1515 529
1516 529
1517 529
1517 530
1518 530
1519 530
1519 531
1520 531
1520 532
1521 532
1521 533
1522 533
1523 533
1523 534
1524 534
1525 534
1525 535
1526 535
1527 535
1527 536
1528 536
1528 537
1529 537
1529 538
1530 538
1530 539
1531 539
1532 539
1533 539
1533 540
1534 540
1535 540
1536 540
1536 541
1537 541
1537 542
1538 542
1538 543
1539 543
1540 543
1541 543
1541 544
1542 544
1543 544
1544 544
1545 544
1545 545
1546 545
1547 545
1547 546
1548 546
1549 546
1549 547
1550 547
1551 547
1551 548
1552 548
1553 548
1554 548
1554 549
1555 549
1556 549
1557 549
1558 549
1559 549
1560 549
1561 549
1562 549
1563 549
1564 549
1565 549
1566 549
1567 549
1568 549
1569 549
1570 549
1571 549
1572 549
1573 549
1574 549
1575 549
1576 549
1577 549
1578 549
1579 549
1580 549
1581 549
1582 549
1583 549
1584 549
1585 549
1586 549
1587 549
1588 549
1589 549
1589 548
1590 548
1591 548
1592 548
1592 547
1593 547
1594 547
1594 546
1595 546
1596 546
1596 545
1597 545
1598 545
1599 545
1599 544
1600 544
1601 544
1602 544
1603 544
1604 544
1604 543
1605 543
1606 543
1606 542
1607 542
1607 541
1608 541
1609 541
1609 540
1610 540
1611 540
1611 539
1612 539
1613 539
1613 538
1614 538
1614 537
1615 537
1615 536
1616 536
1616 535
1617 535
1617 534
1618 534
1618 533
1619 533
1619 532
1620 532
1620 531
1621 531
1621 530
1621 529
1622 529
1622 528
1622 527
1623 527
1623 526
1624 526
1624 525
1625 525
1625 524
1625 523
1625 522
1625 521
1625 520
1626 520
1626 519
1626 518
1626 517
1627 517
1627 516
1628 516
1628 515
1629 515
1629 514
1629 513
1629 512
1629 511
1629 510
1629 509
1630 509
1630 508
1630 507
1630 506
1630 505
1630 504
1630 503
1630 502
1631 502
1631 501
1631 500
1631 499
1632 499
1632 498
1632 497
1632 496
1632 495
1632 494
1632 493
1632 492
1632 491
1632 490
1632 489
1632 488
1632 487
1632 486
1632 485
1632 484
1632 483
1632 482
1632 481
1632 480
1631 480
1631 479
1631 478
1631 477
1630 477
1630 476
1630 475
1630 474
1630 473
1630 472
1629 472
1629 471
1629 470
1629 469
1628 469
1628 468
1627 468
1627 467
1626 467
1626 466
1626 465
1625 465
1625 464
1625 463
1624 463
1624 462
1623 462
1623 461
1622 461
1622 460
1621 460
1621 459
1620 459
1620 458
1619 458
1619 457
1618 457
1618 456
1617 456
1617 455
1616 455
1616 454
1615 454
1614 454
1614 453
1613 453
1613 452
1612 452
1611 452
1611 451
1610 451
1610 450
1609 450
1609 449
1608 449
1607 449
1606 449
1605 449
1605 448
1604 448
1603 448
1602 448
1601 448
1600 448
1599 448
1598 448
1597 448
1596 448
1595 448
1594 448
1593 448
1592 448
1591 448
1590 448
1590 449
1589 449
1588 449
1587 449
1586 449
1586 450
1585 450
1584 450
1584 451
1583 451
1583 452
1582 452
1581 452
1581 453
1580 453
1580 454
1579 454
1578 454
1578 455
1577 455
1577 456
1576 456
1576 457
1575 457
1575 458
1574 458
1574 459
1573 459
1573 460
1573 461
1572 461
1572 462
1571 462
1571 463
1571 464
1570 464
1570 465
1570 466
1569 466
1569 467
1568 467
1568 468
1568 469
1567 469
1567 470
1567 471
1567 472
1567 473
1566 473
1566 474
1566 475
1566 476
1566 477
1565 477
1565 478
1565 479
1565 480
1565 481
1565 482
1565 483
1566 483
1566 484
1566 485
1566 486
1567 486
1567 487
1567 488
1567 489
1568 489
1568 490
1568 491
1568 492
1569 492
1570 492
1570 493
1571 493
1571 494
1571 495
1572 495
1572 496
1572 497
1573 497
1573 498
1574 498
1574 499
1575 499
1575 500
1576 500
1576 501
1577 501
1578 501
1578 502
1579 502
1580 502
1580 503
1581 503
1581 504
1582 504
1583 504
1583 505
1584 505
1585 505
1586 505
1586 506
1587 506
1588 506
1589 506
1590 506
1591 506
1591 505
1592 505
1593 505
1593 504
1594 504
1595 504
1595 503
1596 503
1597 503
1597 502
1598 502
1599 502
1600 502
1600 501
1601 501
1601 500
1601 499
1602 499
1602 498
1602 497
1603 497
1604 497
1605 497
1605 498
1605 499
1606 499
1606 500
1605 500
1605 501
1605 502
1605 503
1605 504
1605 505
1605 506
1604 506
1604 507
1604 508
1604 509
1603 509
1603 510
1603 511
1603 512
1602 512
1602 513
1601 513
1601 514
1600 514
1599 514
1599 515
1599 516
1598 516
1598 517
1597 517
1596 517
1596 518
1595 518
1594 518
1594 519
1593 519
1592 519
1592 520
1591 520
1590 520
1590 521
1589 521
1589 522
1588 522
1587 522
1587 523
1586 523
1585 523
1584 523
1583 523
1582 523
1581 523
1580 523
1579 523
1578 523
1578 524
1577 524
1576 524
1575 524
1574 524
1573 524
1573 525
1572 525
1571 525
1570 525
1570 524
1569 524
1569 523
1568 523
1568 522
1568 521
1567 521
1567 520
1567 519
1567 518
1566 518
1566 517
1566 516
1566 515
1566 514
1566 513
1566 512
1565 512
1565 511
1565 510
1565 509
1565 508
1565 507
1565 506
1565 505
1565 504
1565 503
1565 502
1565 501
1565 500
1565 499
1565 498
1564 498
1564 497
1564 496
1564 495
1564 494
1563 494
1563 493
1562 493
1562 492
1562 491
1561 491
1561 490
1560 490
1560 489
1560 488
1559 488
1559 487
1558 487
1558 486
1558 485
1557 485
1556 485
1556 484
1556 483
1555 483
1555 482
1554 482
1553 482
1553 481
1552 481
1552 480
1551 480
1550 480
1550 479
1549 479
1549 478
1548 478
1547 478
1547 477
1546 477
1545 477
1544 477
1544 476
1543 476
1542 476
1541 476
1540 476
1539 476
1538 476
1537 476
1536 476
1535 476
1534 476
1533 476
1532 476
1531 476
1530 476
1529 476
1528 476
1527 476
1526 476
1525 476
1524 476
1523 476
1523 475
1523 474
1523 473
1523 472
1523 471
1523 470
1523 469
1523 468
1523 467
1523 466
1523 465
1523 464
1523 463
1523 462
1523 461
1523 460
1523 459
1523 458
1523 457
1523 456
1523 455
1522 455
1522 454
1522 453
1522 452
1521 452
1521 451
1521 450
1520 450
1520 449
1519 449
1519 448
1518 448
1518 447
1518 446
1517 446
1517 445
1516 445
1516 444
1515 444
1515 443
1514 443
1514 442
1514 441
1513 441
1513 440
1512 440
1511 440
1511 439
1510 439
1509 439
1509 438
1508 438
1508 437
1507 437
1507 436
1506 436
1505 436
1505 435
1504 435
1503 435
1502 435
1501 435
1500 435
1500 434
1499 434
1498 434
1497 434
1496 434
1495 434
1494 434
1493 434
1492 434
1491 434
1490 434
1489 434
1488 434
1487 434
1487 433
1486 433
1485 433
1484 433
1483 433
1482 433
1481 433
1481 432
1480 432
1479 432
1478 432
1478 431
1477 431
1476 431
1476 430
1475 430
1475 429
1474 429
1474 428
1474 427
1475 427
1475 426
1475 425
1475 424
1475 423
1475 422
1475 421
1476 421
1476 420
1476 419
1476 418
1476 417
1476 416
1476 415
1476 414
1476 413
1476 412
1477 412
1477 411
1477 410
1478 410
1478 409
1479 409
1479 408
1480 408
1480 407
1480 406
1481 406
1481 405
1481 404
1481 403
1482 403
1482 402
1483 402
1483 401
1484 401
1484 400
1485 400
1485 399
1486 399
1486 398
1486 397
1487 397
1487 396
1488 396
1489 396
1489 395
1490 395
1491 395
1492 395
1493 395
1493 394
1494 394
1495 394
1496 394
1497 394
1498 394
1499 394
1500 394
1501 394
1501 395
1502 395
1502 396
1502 397
1501 397
1500 397
1499 397
1499 398
1498 398
1498 399
1497 399
1497 400
1497 401
1497 402
1496 402
1496 403
1496 404
1495 404
1495 405
1495 406
1494 406
1494 407
1494 408
1494 409
1493 409
1493 410
1493 411
1493 412
1493 413
1493 414
1494 414
1494 415
1494 416
1495 416
1495 417
1495 418
1496 418
1496 419
1497 419
1497 420
1497 421
1498 421
1498 422
1498 423
1499 423
1499 424
1500 424
1501 424
1501 425
1501 426
1502 426
1502 427
1503 427
1504 427
1504 428
1505 428
1506 428
1506 429
1507 429
1507 430
1508 430
1508 431
1509 431
1510 431
1510 432
1511 432
1512 432
1513 432
1513 433
1514 433
1515 433
1516 433
1516 434
1517 434
1518 434
1519 434
1520 434
1521 434
1522 434
1523 434
1523 433
1524 433
1525 433
1526 433
1526 432
1527 432
1528 432
1529 432
1530 432
1530 431
1531 431
1532 431
1532 430
1533 430
1533 429
1534 429
1535 429
1535 428
1536 428
1537 428
1537 427
1538 427
1539 427
1539 426
1540 426
1540 425
1541 425
1541 424
1542 424
1542 423
1543 423
1543 422
1544 422
1544 421
1545 421
1545 420
1546 420
1546 419
1546 418
1547 418
1547 417
1547 416
1548 416
1548 415
1549 415
1549 414
1550 414
1550 413
1550 412
1550 411
1551 411
1551 410
1551 409
1551 408
1551 407
1551 406
1551 405
1551 404
1551 403
1551 402
1551 401
1551 400
1551 399
1551 398
1551 397
1551 396
1551 395
1551 394
1551 393
1550 393
1550 392
1550 391
1550 390
1549 390
1549 389
1548 389
1548 388
1547 388
1547 387
1546 387
1546 386
1546 385
1545 385
1545 384
1544 384
1544 383
1544 382
1543 382
1543 381
1542 381
1542 380
1541 380
1541 379
1540 379
1540 378
1539 378
1539 377
1538 377
1538 376
1537 376
1537 375
1536 375
1536 374
1535 374
1534 374
1534 373
1533 373
1532 373
1532 372
1531 372
1531 371
1530 371
1530 370
1529 370
1528 370
1527 370
1527 369
1526 369
1525 369
1524 369
1523 369
1523 368
1522 368
1521 368
1520 368
1519 368
1519 367
1518 367
1517 367
1516 367
1515 367
1514 367
1513 367
1512 367
1511 367
1510 367
1509 367
1508 367
1507 367
1506 367
1505 367
1504 367
1503 367
1502 367
1501 367
1500 367
-2 -2
