1470 1425
1470 1426
1469 1426
1468 1426
1468 1427
1467 1427
1466 1427
1465 1427
1464 1427
1464 1428
1463 1428
1462 1428
1461 1428
1461 1429
1461 1430
1460 1430
1460 1431
1459 1431
1459 1432
1458 1432
1457 1432
1457 1433
1456 1433
1456 1434
1456 1435
1455 1435
1455 1436
1455 1437
1454 1437
1454 1438
1454 1439
1453 1439
1453 1440
1452 1440
1452 1441
1452 1442
1451 1442
1451 1443
1451 1444
1451 1445
1451 1446
1451 1447
1451 1448
1451 1449
1450 1449
1450 1450
1449 1450
1449 1451
1448 1451
1447 1451
1446 1451
1445 1451
1444 1451
1443 1451
1442 1451
1442 1452
1441 1452
1440 1452
1440 1453
1439 1453
1439 1454
1438 1454
1437 1454
1437 1455
1436 1455
1435 1455
1434 1455
1434 1456
1433 1456
1433 1457
1432 1457
1432 1458
1432 1459
1431 1459
1431 1460
1430 1460
1430 1461
1429 1461
1429 1462
1428 1462
1428 1463
1428 1464
1427 1464
1427 1465
1427 1466
1427 1467
1427 1468
1426 1468
1426 1469
1426 1470
1425 1470
1425 1471
1425 1472
1425 1473
1425 1474
1425 1475
1424 1475
1424 1476
1424 1477
1424 1478
1425 1478
1425 1479
1425 1480
1425 1481
1425 1482
1425 1483
1426 1483
1426 1484
1426 1485
1426 1486
1427 1486
1427 1487
1427 1488
1428 1488
1428 1489
1428 1490
1428 1491
1429 1491
1429 1492
1430 1492
1430 1493
1431 1493
1432 1493
1432 1494
1433 1494
1433 1495
1434 1495
1435 1495
1435 1496
1436 1496
1437 1496
1437 1497
1438 1497
1438 1498
1439 1498
1439 1499
1440 1499
1441 1499
1442 1499
1443 1499
1444 1499
1445 1499
1446 1499
1447 1499
1448 1499
1449 1499
1450 1499
1451 1499
1452 1499
1453 1499
1454 1499
1455 1499
1456 1499
1457 1499
1458 1499
1459 1499
1460 1499
1460 1500
1461 1500
1462 1500
1463 1500
1464 1500
1465 1500
1466 1500
1467 1500
1468 1500
1469 1500
1470 1500
1470 1499
1471 1499
1472 1499
1473 1499
1474 1499
1475 1499
1476 1499
1477 1499
1478 1499
1478 1500
1479 1500
1479 1501
1479 1502
1478 1502
1478 1503
1478 1504
1478 1505
1477 1505
1477 1506
1476 1506
1476 1507
1475 1507
1475 1508
1474 1508
1474 1509
1474 1510
1473 1510
1473 1511
1473 1512
1473 1513
1472 1513
1472 1514
1471 1514
1471 1515
1470 1515
1470 1516
1470 1517
1469 1517
1469 1518
1469 1519
1468 1519
1468 1520
1467 1520
1467 1521
1466 1521
1466 1522
1465 1522
1465 1523
1465 1524
1464 1524
1464 1525
1464 1526
1463 1526
1463 1527
1463 1528
1462 1528
1462 1529
1461 1529
1461 1530
1460 1530
1460 1531
1460 1532
1460 1533
1459 1533
1459 1534
1459 1535
1458 1535
1458 1536
1458 1537
1457 1537
1457 1538
1456 1538
1456 1539
1456 1540
1455 1540
1455 1541
1455 1542
1455 1543
1455 1544
1455 1545
1454 1545
1454 1546
1454 1547
1453 1547
1453 1548
1453 1549
1452 1549
1452 1550
1452 1551
1451 1551
1451 1552
1451 1553
1451 1554
1451 1555
1450 1555
1450 1556
1450 1557
1450 1558
1450 1559
1450 1560
1450 1561
1450 1562
1450 1563
1450 1564
1450 1565
1450 1566
1450 1567
1450 1568
1450 1569
1450 1570
1450 1571
1450 1572
1450 1573
1450 1574
1450 1575
1450 1576
1450 1577
1450 1578
1450 1579
1450 1580
1450 1581
1450 1582
1450 1583
1450 1584
1450 1585
1450 1586
1450 1587
1450 1588
1451 1588
1451 1589
1451 1590
1451 1591
1451 1592
1452 1592
1452 1593
1452 1594
1452 1595
1453 1595
1453 1596
1454 1596
1454 1597
1454 1598
1454 1599
1455 1599
1455 1600
1455 1601
1455 1602
1455 1603
1456 1603
1456 1604
1456 1605
1456 1606
1457 1606
1457 1607
1458 1607
1458 1608
1458 1609
1459 1609
1459 1610
1459 1611
1460 1611
1460 1612
1460 1613
1461 1613
1461 1614
1462 1614
1462 1615
1463 1615
1463 1616
1464 1616
1464 1617
1465 1617
1465 1618
1466 1618
1466 1619
1467 1619
1467 1620
1468 1620
1469 1620
1469 1621
1470 1621
1471 1621
1471 1622
1472 1622
1472 1623
1473 1623
1473 1624
1474 1624
1475 1624
1475 1625
1476 1625
1477 1625
1478 1625
1479 1625
1479 1626
1480 1626
1481 1626
1481 1627
1482 1627
1483 1627
1483 1628
1484 1628
1484 1629
1485 1629
1486 1629
1487 1629
1488 1629
1489 1629
1490 1629
1490 1630
1491 1630
1492 1630
1493 1630
1494 1630
1495 1630
1496 1630
1497 1630
1497 1631
1498 1631
1499 1631
1500 1631
1500 1632
1501 1632
1502 1632
1503 1632
1504 1632
1505 1632
1506 1632
1507 1632
1508 1632
1509 1632
1510 1632
1511 1632
1512 1632
1513 1632
1514 1632
1515 1632
1516 1632
1517 1632
1518 1632
1519 1632
1519 1631
1520 1631
1521 1631
1522 1631
1522 1630
1523 1630
1524 1630
1525 1630
1526 1630
1526 1629
1527 1629
1528 1629
1529 1629
1530 1629
1530 1628
1531 1628
1531 1627
1532 1627
1532 1626
1533 1626
1534 1626
1534 1625
1535 1625
1535 1624
1536 1624
1537 1624
1537 1623
1538 1623
1538 1622
1539 1622
1539 1621
1540 1621
1540 1620
1541 1620
1541 1619
1542 1619
1542 1618
1543 1618
1543 1617
1543 1616
1544 1616
1545 1616
1545 1615
1545 1614
1546 1614
1546 1613
1547 1613
1547 1612
1547 1611
1548 1611
1549 1611
1549 1610
1550 1610
1550 1609
1550 1608
1550 1607
1550 1606
1551 1606
1551 1605
1551 1604
1551 1603
1551 1602
1551 1601
1551 1600
1551 1599
1551 1598
1551 1597
1551 1596
1551 1595
1551 1594
1551 1593
1551 1592
1551 1591
1551 1590
1551 1589
1550 1589
1550 1588
1550 1587
1550 1586
1549 1586
1549 1585
1549 1584
1548 1584
1548 1583
1547 1583
1547 1582
1547 1581
1546 1581
1546 1580
1545 1580
1545 1579
1545 1578
1544 1578
1544 1577
1543 1577
1543 1576
1542 1576
1542 1575
1541 1575
1541 1574
1540 1574
1540 1573
1539 1573
1538 1573
1538 1572
1537 1572
1537 1571
1536 1571
1535 1571
1535 1570
1534 1570
1534 1569
1533 1569
1532 1569
1532 1568
1531 1568
1530 1568
1530 1567
1529 1567
1528 1567
1527 1567
1527 1566
1526 1566
1525 1566
1524 1566
1523 1566
1522 1566
1522 1565
1521 1565
1520 1565
1519 1565
1518 1565
1517 1565
1516 1565
1516 1566
1515 1566
1514 1566
1513 1566
1513 1567
1512 1567
1511 1567
1510 1567
1509 1567
1509 1568
1508 1568
1508 1569
1507 1569
1507 1570
1506 1570
1506 1571
1505 1571
1504 1571
1504 1572
1503 1572
1502 1572
1502 1573
1501 1573
1501 1574
1500 1574
1500 1575
1499 1575
1499 1576
1498 1576
1498 1577
1497 1577
1497 1578
1497 1579
1497 1580
1496 1580
1496 1581
1496 1582
1495 1582
1495 1583
1494 1583
1494 1584
1494 1585
1494 1586
1493 1586
1493 1587
1493 1588
1493 1589
1493 1590
1494 1590
1494 1591
1494 1592
1494 1593
1494 1594
1495 1594
1495 1595
1495 1596
1496 1596
1496 1597
1497 1597
1497 1598
1497 1599
1498 1599
1498 1600
1498 1601
1499 1601
1500 1601
1500 1602
1501 1602
1502 1602
1502 1603
1502 1604
1501 1604
1501 1605
1500 1605
1499 1605
1498 1605
1497 1605
1496 1605
1495 1605
1494 1605
1493 1605
1493 1604
1492 1604
1491 1604
1490 1604
1489 1604
1489 1603
1488 1603
1487 1603
1487 1602
1486 1602
1486 1601
1485 1601
1485 1600
1484 1600
1484 1599
1483 1599
1483 1598
1483 1597
1482 1597
1482 1596
1481 1596
1481 1595
1481 1594
1480 1594
1480 1593
1480 1592
1479 1592
1479 1591
1478 1591
1478 1590
1478 1589
1477 1589
1477 1588
1477 1587
1476 1587
1476 1586
1476 1585
1476 1584
1476 1583
1476 1582
1476 1581
1476 1580
1475 1580
1475 1579
1475 1578
1475 1577
1475 1576
1475 1575
1475 1574
1475 1573
1474 1573
1474 1572
1474 1571
1474 1570
1475 1570
1475 1569
1476 1569
1477 1569
1477 1568
1478 1568
1478 1567
1479 1567
1480 1567
1481 1567
1481 1566
1482 1566
1483 1566
1484 1566
1485 1566
1486 1566
1487 1566
1487 1565
1488 1565
1489 1565
1490 1565
1491 1565
1492 1565
1493 1565
1494 1565
1495 1565
1496 1565
1497 1565
1498 1565
1499 1565
1500 1565
1501 1565
1502 1565
1502 1564
1503 1564
1504 1564
1505 1564
1505 1563
1506 1563
1507 1563
1507 1562
1508 1562
1508 1561
1509 1561
1510 1561
1510 1560
1511 1560
1511 1559
1512 1559
1513 1559
1513 1558
1514 1558
1514 1557
1514 1556
1515 1556
1516 1556
1516 1555
1517 1555
1517 1554
1517 1553
1518 1553
1518 1552
1518 1551
1519 1551
1519 1550
1520 1550
1520 1549
1521 1549
1521 1548
1522 1548
1522 1547
1522 1546
1522 1545
1523 1545
1523 1544
1523 1543
1523 1542
1523 1541
1523 1540
1523 1539
1523 1538
1523 1537
1523 1536
1523 1535
1523 1534
1523 1533
1523 1532
1523 1531
1523 1530
1523 1529
1523 1528
1523 1527
1523 1526
1523 1525
1523 1524
1523 1523
1524 1523
1525 1523
1526 1523
1527 1523
1528 1523
1529 1523
1530 1523
1531 1523
1532 1523
1533 1523
1534 1523
1535 1523
1536 1523
1537 1523
1538 1523
1539 1523
1540 1523
1541 1523
1542 1523
1543 1523
1544 1523
1544 1522
1545 1522
1546 1522
1547 1522
1548 1522
1548 1521
1549 1521
1549 1520
1550 1520
1550 1519
1551 1519
1551 1518
1552 1518
1553 1518
1553 1517
1554 1517
1555 1517
1555 1516
1556 1516
1556 1515
1556 1514
1557 1514
1558 1514
1558 1513
1559 1513
1559 1512
1559 1511
1560 1511
1560 1510
1561 1510
1561 1509
1561 1508
1562 1508
1562 1507
1563 1507
1563 1506
1563 1505
1564 1505
1564 1504
1564 1503
1564 1502
1565 1502
1565 1501
1565 1500
1565 1499
1565 1498
1565 1497
1565 1496
1565 1495
1565 1494
1565 1493
1565 1492
1565 1491
1565 1490
1565 1489
1565 1488
1565 1487
1566 1487
1566 1486
1566 1485
1566 1484
1566 1483
1566 1482
1566 1481
1567 1481
1567 1480
1567 1479
1568 1479
1568 1478
1568 1477
1569 1477
1569 1476
1569 1475
1570 1475
1570 1474
1571 1474
1572 1474
1572 1475
1573 1475
1574 1475
1575 1475
1576 1475
1577 1475
1578 1475
1578 1476
1579 1476
1580 1476
1581 1476
1582 1476
1583 1476
1584 1476
1585 1476
1586 1476
1587 1476
1587 1477
1588 1477
1589 1477
1589 1478
1590 1478
1591 1478
1591 1479
1592 1479
1592 1480
1593 1480
1594 1480
1594 1481
1595 1481
1596 1481
1596 1482
1597 1482
1598 1482
1598 1483
1599 1483
1599 1484
1599 1485
1600 1485
1601 1485
1601 1486
1602 1486
1602 1487
1603 1487
1603 1488
1603 1489
1604 1489
1604 1490
1604 1491
1604 1492
1604 1493
1605 1493
1605 1494
1605 1495
1605 1496
1605 1497
1605 1498
1606 1498
1606 1499
1605 1499
1605 1500
1605 1501
1604 1501
1604 1502
1603 1502
1602 1502
1602 1501
1602 1500
1601 1500
1601 1499
1601 1498
1600 1498
1599 1498
1599 1497
1598 1497
1597 1497
1597 1496
1596 1496
1596 1495
1595 1495
1594 1495
1594 1494
1593 1494
1592 1494
1591 1494
1590 1494
1590 1493
1589 1493
1588 1493
1587 1493
1586 1493
1586 1494
1585 1494
1584 1494
1583 1494
1583 1495
1582 1495
1581 1495
1581 1496
1580 1496
1579 1496
1579 1497
1578 1497
1577 1497
1577 1498
1576 1498
1576 1499
1575 1499
1575 1500
1574 1500
1574 1501
1573 1501
1573 1502
1572 1502
1572 1503
1572 1504
1571 1504
1571 1505
1571 1506
1570 1506
1570 1507
1569 1507
1569 1508
1568 1508
1568 1509
1567 1509
1567 1510
1567 1511
1567 1512
1567 1513
1566 1513
1566 1514
1566 1515
1566 1516
1565 1516
1565 1517
1565 1518
1565 1519
1565 1520
1565 1521
1565 1522
1565 1523
1566 1523
1566 1524
1566 1525
1566 1526
1567 1526
1567 1527
1567 1528
1567 1529
1567 1530
1568 1530
1568 1531
1568 1532
1569 1532
1569 1533
1570 1533
1570 1534
1570 1535
1571 1535
1571 1536
1572 1536
1572 1537
1572 1538
1572 1539
1573 1539
1573 1540
1574 1540
1574 1541
1575 1541
1576 1541
1576 1542
1577 1542
1577 1543
1577 1544
1578 1544
1578 1545
1579 1545
1580 1545
1580 1546
1581 1546
1582 1546
1582 1547
1583 1547
1583 1548
1584 1548
1584 1549
1585 1549
1586 1549
1586 1550
1587 1550
1588 1550
1589 1550
1590 1550
1590 1551
1591 1551
1592 1551
1593 1551
1594 1551
1595 1551
1596 1551
1597 1551
1598 1551
1599 1551
1600 1551
1601 1551
1602 1551
1603 1551
1604 1551
1605 1551
1606 1551
1606 1550
1607 1550
1608 1550
1609 1550
1609 1549
1610 1549
1610 1548
1611 1548
1611 1547
1612 1547
1613 1547
1613 1546
1614 1546
1614 1545
1615 1545
1616 1545
1616 1544
1617 1544
1617 1543
1617 1542
1618 1542
1619 1542
1619 1541
1620 1541
1620 1540
1621 1540
1621 1539
1622 1539
1622 1538
1623 1538
1623 1537
1624 1537
1624 1536
1625 1536
1625 1535
1625 1534
1626 1534
1626 1533
1626 1532
1627 1532
1627 1531
1628 1531
1628 1530
1629 1530
1629 1529
1629 1528
1629 1527
1630 1527
1630 1526
1630 1525
1630 1524
1630 1523
1630 1522
1631 1522
1631 1521
1631 1520
1631 1519
1632 1519
1632 1518
1632 1517
1632 1516
1632 1515
1632 1514
1632 1513
1632 1512
1632 1511
1632 1510
1632 1509
1632 1508
1632 1507
1632 1506
1632 1505
1632 1504
1632 1503
1632 1502
1632 1501
1632 1500
1631 1500
1631 1499
1631 1498
1631 1497
1630 1497
1630 1496
1630 1495
1630 1494
1630 1493
1630 1492
1630 1491
1630 1490
1629 1490
1629 1489
1629 1488
1629 1487
1629 1486
1629 1485
1629 1484
1628 1484
1628 1483
1627 1483
1627 1482
1627 1481
1626 1481
1626 1480
1626 1479
1625 1479
1625 1478
1625 1477
1625 1476
1625 1475
1624 1475
1624 1474
1624 1473
1623 1473
1623 1472
1622 1472
1622 1471
1621 1471
1621 1470
1621 1469
1620 1469
1620 1468
1620 1467
1619 1467
1619 1466
1618 1466
1618 1465
1617 1465
1617 1464
1616 1464
1616 1463
1615 1463
1615 1462
1614 1462
1614 1461
1613 1461
1613 1460
1612 1460
1611 1460
1611 1459
1610 1459
1609 1459
1609 1458
1608 1458
1607 1458
1607 1457
1606 1457
1606 1456
1605 1456
1604 1456
1604 1455
1603 1455
1602 1455
1601 1455
1600 1455
1599 1455
1599 1454
1598 1454
1597 1454
1596 1454
1596 1453
1595 1453
1594 1453
1594 1452
1593 1452
1592 1452
1592 1451
1591 1451
1590 1451
1589 1451
1588 1451
1587 1451
1587 1450
1586 1450
1585 1450
1584 1450
1583 1450
1582 1450
1581 1450
1580 1450
1579 1450
1578 1450
1577 1450
1576 1450
1575 1450
1574 1450
1573 1450
1572 1450
1571 1450
1570 1450
1569 1450
1568 1450
1567 1450
1566 1450
1565 1450
1564 1450
1563 1450
1562 1450
1561 1450
1560 1450
1559 1450
1558 1450
1557 1450
1556 1450
1556 1451
1555 1451
1554 1451
1553 1451
1552 1451
1551 1451
1551 1452
1550 1452
1549 1452
1549 1453
1548 1453
1547 1453
1547 1454
1546 1454
1545 1454
1545 1455
1544 1455
1543 1455
1542 1455
1541 1455
1540 1455
1540 1456
1539 1456
1538 1456
1538 1457
1537 1457
1537 1458
1536 1458
1535 1458
1535 1459
1534 1459
1533 1459
1533 1460
1532 1460
1531 1460
1530 1460
1530 1461
1529 1461
1529 1462
1528 1462
1528 1463
1527 1463
1526 1463
1526 1464
1525 1464
1524 1464
1524 1465
1523 1465
1522 1465
1522 1466
1521 1466
1521 1467
1520 1467
1520 1468
1519 1468
1519 1469
1518 1469
1517 1469
1517 1470
1516 1470
1515 1470
1515 1471
1514 1471
1514 1472
1513 1472
1513 1473
1512 1473
1511 1473
1511 1474
1510 1474
1509 1474
1508 1474
1508 1475
1507 1475
1507 1476
1506 1476
1506 1477
1505 1477
1505 1478
1504 1478
1503 1478
1502 1478
1502 1479
1501 1479
1500 1479
1499 1479
1499 1478
1499 1477
1499 1476
1499 1475
1499 1474
1499 1473
1499 1472
1499 1471
1499 1470
1499 1469
1499 1468
1500 1468
1500 1467
1500 1466
1500 1465
1500 1464
1500 1463
1500 1462
1499 1462
1499 1461
1499 1460
1499 1459
1499 1458
1499 1457
1499 1456
1499 1455
1499 1454
1499 1453
1499 1452
1499 1451
1499 1450
1499 1449
1499 1448
1499 1447
1499 1446
1499 1445
1499 1444
1499 1443
1499 1442
1499 1441
1499 1440
1498 1440
1498 1439
1498 1438
1497 1438
1497 1437
1496 1437
1496 1436
1496 1435
1495 1435
1495 1434
1495 1433
1494 1433
1494 1432
1493 1432
1493 1431
1492 1431
1492 1430
1492 1429
1491 1429
1490 1429
1490 1428
1489 1428
1489 1427
1488 1427
1487 1427
1486 1427
1486 1426
1485 1426
1484 1426
1483 1426
1483 1425
1482 1425
1481 1425
1480 1425
1479 1425
1478 1425
1477 1425
1476 1425
1475 1425
1474 1425
1473 1425
1472 1425
1471 1425
1470 1425
-2 -2
