1867 959
1867 960
1866 960
1865 960
1864 960
1863 960
1862 960
1862 961
1861 961
1860 961
1859 961
1858 961
1857 961
1857 962
1856 962
1855 962
1854 962
1854 963
1853 963
1853 964
1852 964
1852 965
1851 965
1850 965
1850 966
1849 966
1848 966
1848 967
1847 967
1847 968
1846 968
1846 969
1845 969
1845 970
1844 970
1843 970
1843 971
1842 971
1842 972
1841 972
1841 973
1840 973
1839 973
1839 974
1838 974
1838 975
1837 975
1837 976
1836 976
1836 977
1835 977
1835 978
1834 978
1834 979
1833 979
1833 980
1833 981
1832 981
1832 982
1832 983
1831 983
1831 984
1831 985
1830 985
1830 986
1830 987
1829 987
1829 988
1829 989
1829 990
1828 990
1828 991
1828 992
1828 993
1828 994
1828 995
1828 996
1828 997
1828 998
1828 999
1828 1000
1828 1001
1828 1002
1828 1003
1828 1004
1828 1005
1828 1006
1828 1007
1828 1008
1828 1009
1828 1010
1829 1010
1829 1011
1829 1012
1830 1012
1830 1013
1830 1014
1831 1014
1831 1015
1831 1016
1832 1016
1832 1017
1832 1018
1833 1018
1833 1019
1833 1020
1834 1020
1834 1021
1835 1021
1835 1022
1836 1022
1836 1023
1837 1023
1837 1024
1838 1024
1838 1025
1839 1025
1840 1025
1840 1026
1841 1026
1841 1027
1842 1027
1842 1028
1843 1028
1843 1029
1844 1029
1845 1029
1845 1030
1846 1030
1846 1031
1847 1031
1847 1032
1848 1032
1848 1033
1849 1033
1850 1033
1850 1034
1851 1034
1852 1034
1852 1035
1853 1035
1853 1036
1854 1036
1854 1037
1855 1037
1856 1037
1857 1037
1857 1038
1858 1038
1859 1038
1860 1038
1861 1038
1862 1038
1862 1039
1863 1039
1864 1039
1865 1039
1866 1039
1867 1039
1867 1040
1868 1040
1869 1040
1870 1040
1871 1040
1872 1040
1872 1039
1873 1039
1874 1039
1875 1039
1876 1039
1876 1038
1877 1038
1878 1038
1879 1038
1880 1038
1881 1038
1882 1038
1882 1037
1883 1037
1884 1037
1885 1037
1885 1036
1886 1036
1886 1035
1886 1034
1887 1034
1888 1034
1889 1034
1889 1033
1890 1033
1890 1032
1891 1032
1891 1031
1892 1031
1892 1030
1893 1030
1893 1029
1894 1029
1894 1028
1895 1028
1895 1027
1896 1027
1896 1026
1897 1026
1897 1025
1898 1025
1898 1024
1899 1024
1899 1023
1900 1023
1900 1022
1900 1021
1901 1021
1901 1020
1902 1020
1902 1019
1903 1019
1903 1018
1904 1018
1904 1017
1905 1017
1905 1016
1905 1015
1905 1014
1905 1013
1905 1012
1905 1011
1906 1011
1906 1010
1906 1009
1906 1008
1906 1007
1906 1006
1906 1005
1906 1004
1906 1003
1906 1002
1906 1001
1906 1000
1906 999
1906 998
1906 997
1906 996
1906 995
1906 994
1906 993
1906 992
1906 991
1906 990
1905 990
1905 989
1905 988
1905 987
1905 986
1905 985
1905 984
1905 983
1905 982
1904 982
1904 981
1903 981
1903 980
1902 980
1902 979
1901 979
1901 978
1900 978
1900 977
1900 976
1899 976
1899 975
1898 975
1898 974
1897 974
1897 973
1896 973
1896 972
1895 972
1895 971
1894 971
1894 970
1893 970
1893 969
1892 969
1892 968
1891 968
1891 967
1890 967
1890 966
1889 966
1888 966
1888 965
1887 965
1887 964
1886 964
1886 963
1885 963
1885 962
1884 962
1883 962
1882 962
1882 961
1881 961
1880 961
1879 961
1878 961
1877 961
1876 961
1876 960
1875 960
1874 960
1873 960
1872 960
1871 960
1870 960
1870 959
1869 959
1868 959
1867 959
-2 -2
